1 0.7157102147148144 0.4477852235225527 0.047303681214210413 0.044039343343794564
1 0.7484149480680206 0.5171454458188262 0.039121691686225514 0.03833355474985866
1 0.8729004652114268 0.4982087902645227 0.04627783449146803 0.04620042116370845
1 0.9122313473958588 0.5173856531593797 0.04977687464655344 0.0484891175285282
1 0.9879324332203744 0.48586703439675355 0.02413513355925127 0.06258398031230826
1 0.9855305154768561 0.4359288265652209 0.028938969046287833 0.04510392993563827
1 0.7986953891046109 0.4232980838337034 0.04627783449146803 0.04620042116370845
1 0.9952978084412237 0.6525017964271936 0.009404383117552597 0.041335886708031226
1 0.9533071550069673 0.6669173536496817 0.029597730445354863 0.028209896607415585
1 0.9459960686970982 0.702846327086186 0.03320214559715465 0.03269157542837569
1 0.9373430106743433 0.7343574309741832 0.03320214559715465 0.03269157542837569
1 0.833154321021027 0.5644306246142335 0.06156327932633812 0.05867658494342396
1 0.7070866194316829 0.5269298865591495 0.036806560748954435 0.03717325424933555
1 0.5472279366267219 0.5032586886781062 0.049119840412310975 0.058325633944933314
1 0.5237170879020427 0.4253977259651961 0.04514661277201101 0.046168516527481974
1 0.5674922662215446 0.4195148137955712 0.04712083446518288 0.06374428081283125
1 0.5552285550661004 0.352373611793479 0.04735636871256773 0.045135834571864736
1 0.5957681307223027 0.3496844593993853 0.035886089022926164 0.04152731452538978
1 0.630140233915071 0.3714589795013987 0.04498855027693933 0.04287904284327145
1 0.6534139888971428 0.44438573168799306 0.04643589698653946 0.04948989484791897
1 0.6381332225479398 0.5025375382101244 0.036911935745668804 0.0393662367054759
1 0.5823205941838453 0.48125332124787873 0.039385129178011576 0.04381601089020941
1 0.6314000553899762 0.32714679867323593 0.047409056210925046 0.046232325799934915
1 0.5943625550445031 0.17937150125183168 0.06372034776853779 0.05654741175973667
1 0.652307467596841 0.22152095618363712 0.052092005583824784 0.049649418029051186
1 0.8303277423828058 0.3880550600760676 0.05203931808546747 0.048552926800981014
1 0.7802781571079331 0.39266600551837694 0.06156327932633812 0.05867658494342421
1 0.45594751640131276 0.2022953137655853 0.07476912747132211 0.051384001981650225
1 0.5199281826711918 0.2172398681311082 0.06340422277839466 0.049968464391315616
1 0.5861712923799847 0.232248231769084 0.055749108233981624 0.055227588078081404
1 0.5831759024497373 0.28746151560549565 0.06219552930662436 0.07183447968026631
1 0.5391496787654276 0.276364766058146 0.06301062603593825 0.06528743694807161
1 0.6398239848158379 0.8080916875250992 0.0694291438641799 0.05780342616893906
1 0.915581765862008 0.857479276158565 0.03851734495034062 0.0492665623943337
1 0.8803108562067229 0.7699790916447941 0.02594062779519802 0.022631726558385305
1 0.8512539523671403 0.764779558508739 0.023625496857926677 0.021471426057862193
1 0.8699965824904944 0.7434080650812983 0.022441587640112608 0.02034303019356555
1 0.91295510458546 0.7205295388765857 0.024862093574098063 0.023696313150229013
1 0.8994842594534677 0.6987970089307264 0.022336212643398235 0.0181500477374252
1 0.8809105244569408 0.6884181136984717 0.019968394207769836 0.015893256008831912
1 0.9177929974629863 0.6801507912553477 0.021152303425583906 0.017021651873128554
1 0.9242223479229837 0.6376269181323093 0.028255758732469105 0.023792027058908417
1 0.6684437937163391 0.5690927231637695 0.027177224511369405 0.024856613650752125
1 0.6108026140271662 0.5450194211770087 0.027071849514655032 0.02266363119461165
1 0.6216235731238765 0.47633928176141827 0.0390163166895114 0.036140572293718184
1 0.6122824586320335 0.44651068614993844 0.043541203567339454 0.03626819083862393
1 0.6063613530477401 0.417326050061173 0.03654312325716863 0.03169079810898467
1 0.5976121931648041 0.3880616523818415 0.04946074965641033 0.041910170160107146
1 0.48662845955343476 0.300068594083004 0.04380464105912526 0.04175064697897493
1 0.48391661288326226 0.26714195260467233 0.0436465785640537 0.038461173294764346
1 0.48092893659432573 0.24023006056261334 0.04472511278515353 0.037396586702920634
1 0.48093517457521534 0.33440068763174263 0.04951343715476739 0.043006661388177325
1 0.4608459780881094 0.4805648009237115 0.027229912009726465 0.0259531048788223
1 0.43733980784909754 0.4733318085126484 0.026098690290269448 0.02592120024259583
1 0.46518333973124254 0.42976938663580705 0.06366766027018059 0.055450920531666496
1 0.31774331158635233 0.4294435509065018 0.048540277930382056 0.04626423043616138
1 0.34334303013745104 0.4684907412497133 0.0519339430887531 0.04635994434484066
1 0.34351963890558923 0.3546151767115473 0.09897418681117771 0.08491683154828435
1 0.3453838071163796 0.29936998823890915 0.06200956356715185 0.044454103614738394
1 0.39086058033553517 0.5640013630403532 0.05948680162689661 0.08599315173649918
1 0.9779644850641231 0.3600635516929069 0.04407102987175364 0.053002700985714524
1 0.6685723096369861 0.32491017798449806 0.040463663399111276 0.04275142429836583
1 0.7233001657990913 0.2530883544694581 0.04622514699311097 0.04510392993563827
1 0.7583091974578129 0.3586487396101605 0.05493401150466747 0.06177463081027593
1 0.778661999106307 0.6176440018883071 0.02459865608231226 0.018213857009878136
1 0.7741510638506792 0.62956183453406 0.021099615927226593 0.01592516064505838
1 0.7511175216016598 0.6086546064083462 0.02922891795685469 0.020534458010924357
1 0.740330619895439 0.5957578155595012 0.024756718577383693 0.021503330694088663