1 0.5758840664779395 0.6370528094228376 0.03954536515397809 0.03889730159752647
1 0.5119906475010664 0.6686357863812178 0.03418038441271161 0.03276554019333061
1 0.5385578283048937 0.7791359791978835 0.04160875214943175 0.03790871061264597
1 0.5230937009119454 0.8147259637612105 0.04374502617522614 0.039956556874729265
1 0.5593595860832978 0.8907130933648323 0.057169189484064034 0.03403678834750074
1 0.6064539245924603 0.8851223824274753 0.040564910813314606 0.03789693323059241
1 0.5647475533531887 0.9488349209482848 0.03947247812363736 0.035860864350562904
1 0.6049038014884244 0.710592016328366 0.04160875214943175 0.03790871061264597
1 0.399736460143423 0.9107277676098074 0.0395939565075389 0.04092159309550218
1 0.38330312397557337 0.8562721126593767 0.025635288309533825 0.024574155144997903
1 0.3484680654379487 0.8510998533387435 0.02985924500756203 0.02664555617118855
1 0.31784481575996215 0.8443622658664135 0.02985924500756203 0.02664555617118855
1 0.47309995647200126 0.7454708874927082 0.053382554968081634 0.05018401080309125
1 0.499817275163697 0.6323457566933266 0.033063656046253734 0.02971732556431326
1 0.5110839234489906 0.48903880284614226 0.05311530252349805 0.03905040756422485
1 0.5836434805302246 0.4659589570067022 0.04158445647265135 0.03689656486365812
1 0.5926245896672925 0.5048146832132241 0.059329759186638825 0.03709678035857166
1 0.6555587657940611 0.49145621842765225 0.040589206490095 0.038909078979580264
1 0.660959317285061 0.5273167282243987 0.03721472571394121 0.028752289343540342
1 0.6429827692589418 0.5588875732469086 0.03845293246430062 0.03686123271749697
1 0.5745985775221754 0.5819203095581339 0.04471598048100208 0.03693189700981926
1 0.5180129206635579 0.5699103550177139 0.03515133871848767 0.029740880328420843
1 0.5348731767059377 0.5196324797120092 0.03937529541651576 0.03181228135461149
1 0.6852583433716766 0.5584105892737327 0.04163304782621192 0.038920856361633824
1 0.8233981234351422 0.5204246165701045 0.050323917990071874 0.05318511590389366
1 0.787687984150707 0.573444849125246 0.04381791320556734 0.04299299412169282
1 0.6413041856475057 0.7375018544881305 0.042774071869450196 0.04298121673963903
1 0.6335005440688466 0.6930675492801217 0.05236300930874513 0.05118437917002554
1 0.7918911362337041 0.39834363455034716 0.04430382674117395 0.06323590910144991
1 0.7821676998066801 0.4556240884245907 0.04406086997337041 0.05311445161157137
1 0.772917592694154 0.5149229451057832 0.04911000691649262 0.046088318278925004
1 0.719718128067362 0.5140053729670416 0.0658843553247044 0.049313193638748205
1 0.7274506281465549 0.47445513577316606 0.059645602984783094 0.050254675095413655
1 0.22710874314075571 0.5812875219115804 0.05044539637397364 0.05824584464883293
1 0.19872586144145138 0.829010371253266 0.0445459107435398 0.02984687676690428
1 0.2799034016562044 0.7947027031185295 0.020343194598608307 0.02147883098776584
1 0.28314469259278524 0.7683574701897111 0.01925076190893071 0.01944276210773657
1 0.30467662982275506 0.7843044771503884 0.018182624896033398 0.018418838976694694
1 0.32933965467835696 0.8219713968771166 0.021362740257944813 0.02047846262083155
1 0.348954415356274 0.8091016934467744 0.0160949422237997 0.01839528421258711
1 0.3577060247120847 0.7923070695320449 0.013958668198005073 0.016347437950504275
1 0.3678767492459515 0.8250781438625862 0.015026805210902385 0.017371361081545692
1 0.4095210721451164 0.8291617044508823 0.021411331611505498 0.022502754118807256
1 0.45677769638053767 0.5994395970229841 0.022455172947622292 0.022514531500861048
1 0.47577422644871215 0.5471138754551962 0.02036749027538847 0.022490976736753692
1 0.5423857065459518 0.5544572889956603 0.03206840606369739 0.031729839680235405
1 0.5702661630440728 0.5450358766303458 0.032165588770818994 0.03577842267618682
1 0.5975396640054044 0.5391628630775157 0.027868745042449582 0.03067058440303261
1 0.6248860519970768 0.5302534122777219 0.037506273835305075 0.040898038331394826
1 0.7008942860329619 0.4287146048186425 0.037384795451403545 0.03583730958645544
1 0.7322945609852003 0.42481877323557315 0.03425327144305281 0.035801977440294175
1 0.7579415607504056 0.4214937901282932 0.03323372578371607 0.03680234580722847
1 0.6676006938227321 0.4245368251739165 0.03855011517142199 0.040909815713448386
1 0.5270344007602641 0.4114506583908461 0.02349901428373932 0.02252630888291484
1 0.5322418959851771 0.3901425994428594 0.02347471860695892 0.021514163133926987
1 0.5755001358593594 0.41393944737231125 0.0492557809771748 0.05216119277285213
1 0.5656105571393409 0.2825077172795618 0.041657343502992314 0.03993300211062179
1 0.5306049924815354 0.3061757231140555 0.04068638919721637 0.042957661975531566
1 0.6392130827912545 0.302926583882492 0.07501254767061015 0.08179607666278942
1 0.6919149224267683 0.3028378989632725 0.03884166329278586 0.05305556470130264
1 0.44237523113743876 0.3516935474710075 0.07935710998710285 0.04541771660949528
1 0.6782364563994425 0.8726759556434345 0.046973732890698235 0.044040472016841824
1 0.6896879405569004 0.5912464392055693 0.03835574975717925 0.03281264972154555
1 0.7626587786125256 0.6379810952821836 0.04056491081331484 0.03789693323059241
1 0.6637480835221752 0.6719829060373393 0.05636830491575043 0.044146468455325265
1 0.4178622732919734 0.6990420887956743 0.016143533577360262 0.020419575710563048
1 0.40646505346341855 0.6956291298768078 0.013982963874785476 0.01735958369949213
1 0.4252424860578514 0.6741679649621226 0.018328398956715453 0.024491713470621818
1 0.43696769752294073 0.6639169562696532 0.019275057585710995 0.020454907856724193