1 0.6287487283825025 0.5991617357001972 0.03573753814852493 0.03317554240631164
1 0.6649847405900304 0.5422583826429981 0.029257375381485252 0.029349112426035506
1 0.7729501525940996 0.5793195266272189 0.03424211597151577 0.035719921104536485
1 0.8096134282807732 0.5685108481262328 0.03637843336724313 0.03793885601577909
1 0.8831434384537131 0.6108284023668639 0.029420142421159718 0.05104536489151874
1 0.8745167853509664 0.6547337278106509 0.034415055951169886 0.03428007889546351
1 0.9408748728382502 0.6220611439842209 0.03229908443540183 0.03337278106508876
1 0.6997456765005087 0.6347830374753451 0.03501525940996948 0.03590729783037475
1 0.9151983723296032 0.462741617357002 0.03748728382502543 0.0331163708086785
1 0.8614649033570703 0.441370808678501 0.02207527975584944 0.021804733727810652
1 0.8590946083418108 0.40763313609467455 0.024649033570701934 0.025315581854043395
1 0.8544557477110885 0.3780276134122288 0.024506612410986776 0.02593688362919132
1 0.744883011190234 0.5136291913214991 0.04621566632756867 0.04562130177514793
1 0.62911495422177 0.5272879684418146 0.02735503560528993 0.02843195266272189
1 0.48533062054933873 0.522120315581854 0.0344557477110885 0.04665680473372781
1 0.45672431332655133 0.5880966469428008 0.033743641912512716 0.03538461538461539
1 0.4947405900305188 0.6007396449704142 0.03131230925737538 0.05255424063116371
1 0.47706002034587996 0.658629191321499 0.03569684638860631 0.034467455621301775
1 0.5126958290946083 0.6677909270216963 0.025391658189216685 0.032524654832347136
1 0.5453306205493387 0.6538264299802762 0.0331027466937945 0.0322879684418146
1 0.5733672431332655 0.5924161735700197 0.03375381485249237 0.038934911242603544
1 0.565381485249237 0.5374852071005917 0.02674465920651068 0.030483234714003944
1 0.5144150559511699 0.5478007889546351 0.028708036622583925 0.034891518737672586
1 0.5417700915564597 0.6938856015779092 0.03572736520854527 0.03502958579881657
1 0.49371312309257376 0.8199605522682446 0.049135300101729396 0.04277120315581854
1 0.5492777212614446 0.7919033530571992 0.03996948118006104 0.03736686390532545
1 0.7242726347914548 0.6717061143984221 0.039959308240081384 0.03629191321499013
1 0.680233977619532 0.6591913214990137 0.04665310274669379 0.04472386587771203
1 0.3736622583926755 0.7769526627218936 0.0605086469989827 0.03592702169625246
1 0.4319226856561546 0.7743293885601578 0.05034587995930824 0.03635108481262327
1 0.4919938962360122 0.7717554240631164 0.04154628687690743 0.042633136094674555
1 0.495147507629705 0.7214891518737673 0.043275686673448624 0.0567948717948718
1 0.4546388606307223 0.7243491124260355 0.04549338758901322 0.051153846153846154
1 0.5985757884028484 0.2644674556213018 0.054140386571719226 0.0426232741617357
1 0.8477517802644965 0.26440828402366867 0.026510681586978637 0.039112426035502953
1 0.8078840284842319 0.3372386587771203 0.020681586978636823 0.016952662721893493
1 0.7811902339776196 0.337465483234714 0.01863682604272635 0.01534516765285996
1 0.7954018311291964 0.3593688362919132 0.01766022380467955 0.015581854043392506
1 0.8314140386571719 0.3864299802761341 0.017985757884028484 0.01732741617357002
1 0.8174974567650051 0.40404339250493093 0.017446592065106816 0.01365877712031558
1 0.7994608341810784 0.4104240631163708 0.01560528992878942 0.011380670611439842
1 0.8318311291963378 0.4235305719921104 0.016144455747711086 0.012712031558185405
1 0.8328687690742625 0.46303747534516765 0.021424211597151577 0.017583826429980274
1 0.5996134282807731 0.4829684418145957 0.020284842319430316 0.018550295857988165
1 0.5457680569684639 0.49519723865877713 0.02171922685656155 0.01708086785009862
1 0.5482807731434385 0.5587968441814596 0.029114954221770094 0.027603550295857985
1 0.5371922685656154 0.5837179487179487 0.03395727365208546 0.026942800788954637
1 0.5291047812817905 0.6091420118343195 0.028392675483214648 0.024023668639053253
1 0.5183112919633774 0.6337179487179487 0.037192268565615465 0.03108481262327416
1 0.41102746693794506 0.6947633136094674 0.03251271617497457 0.031104536489151874
1 0.40500508646998984 0.7239151873767258 0.033316378433367246 0.02843195266272189
1 0.3999287894201424 0.747534516765286 0.034720244150559514 0.0271301775147929
1 0.40930824008138356 0.6627218934911243 0.03807731434384537 0.032978303747534514
1 0.4065920651068159 0.5286982248520711 0.020447609359104783 0.0192603550295858
1 0.38528992878942014 0.5316863905325444 0.01918616480162767 0.01938856015779093
1 0.4055340793489318 0.5748224852071006 0.04880976602238046 0.04189349112426035
1 0.2748728382502543 0.5514694280078896 0.036256358087487284 0.0353155818540434
1 0.30109867751780267 0.5206015779092702 0.04004069175991862 0.03445759368836292
1 0.2897761953204476 0.62267258382643 0.07637843336724313 0.06273175542406312
1 0.28591047812817905 0.6727613412228797 0.05010172939979654 0.0320414201183432
1 0.35281790437436417 0.4429980276134122 0.038606307222787385 0.07140039447731757
1 0.8563275686673448 0.7210650887573964 0.04080366225839267 0.0408086785009862
1 0.5740183112919633 0.7017948717948718 0.029918616480162766 0.03326429980276134
1 0.6156561546286877 0.7752268244575937 0.03415055951169888 0.03494082840236686
1 0.657029501525941 0.6859270216962524 0.03933875890132248 0.048836291913214994
1 0.7021871820956256 0.45711045364891517 0.019420142421159716 0.012514792899408284
1 0.699501525940997 0.44569033530571994 0.01593082400813835 0.011390532544378698
1 0.6764699898270601 0.4611341222879684 0.023224821973550355 0.014447731755424064
1 0.6656256358087487 0.47102564102564104 0.019206510681586977 0.015571992110453648