1 0.7953975903614457 0.5414108910891089 0.04987951807228915 0.049801980198019805
1 0.7583614457831326 0.503589108910891 0.035132530120481925 0.03626237623762376
1 0.8031566265060242 0.604529702970297 0.034024096385542164 0.04143564356435643
1 0.7079759036144578 0.6099504950495049 0.04185542168674699 0.037326732673267325
1 0.5908915662650602 0.49613861386138614 0.044457831325301206 0.03977722772277228
1 0.4846746987951807 0.43163366336633663 0.027542168674698796 0.02698019801980198
1 0.5345301204819277 0.4197029702970297 0.04886746987951807 0.047945544554455446
1 0.4904819277108434 0.5399752475247525 0.029084337349397592 0.029653465346534656
1 0.46486746987951805 0.5058910891089109 0.02713253012048193 0.03745049504950495
1 0.4327710843373494 0.5601237623762376 0.03346987951807229 0.03086633663366337
1 0.4809156626506024 0.5659405940594059 0.028963855421686745 0.027549504950495053
1 0.5092530120481927 0.5679950495049505 0.03416867469879518 0.0327970297029703
1 0.4945301204819277 0.6006188118811882 0.03337349397590361 0.03767326732673267
1 0.611566265060241 0.6474257425742574 0.04055421686746988 0.03866336633663366
1 0.6964096385542169 0.6529950495049505 0.035590361445783134 0.035569306930693066
1 0.5185542168674698 0.7393316831683169 0.03836144578313253 0.05754950495049505
1 0.5626024096385542 0.7349009900990099 0.03318072289156626 0.0326980198019802
1 0.4312771084337349 0.8167079207920792 0.03674698795180723 0.036658415841584156
1 0.43604819277108436 0.6175 0.07272289156626506 0.04440594059405941
1 0.4797831325301205 0.4637871287128713 0.032602409638554215 0.028366336633663367
1 0.4516626506024096 0.47876237623762374 0.024481927710843374 0.02396039603960396
1 0.5433012048192771 0.5122277227722772 0.027253012048192773 0.02858910891089109
1 0.5387710843373494 0.4721039603960396 0.04525301204819277 0.06007425742574257
1 0.541710843373494 0.3086881188118812 0.04696385542168674 0.041311881188118814
1 0.7839277108433734 0.39403465346534655 0.03139759036144578 0.04502475247524753
1 0.7150843373493976 0.405049504950495 0.032578313253012046 0.027549504950495053