1 0.30514064155239967 0.4955605589778254 0.048596861421340336 0.056415350573810454
1 0.5401792376341633 0.5991154859243838 0.04342882047720826 0.045816804899374265
1 0.5390479546580023 0.6993759025910505 0.05376490236547255 0.0670138962482465
1 0.6660434110680675 0.86286798395584 0.07129475017520627 0.05462963944210664
1 0.6996650611783335 0.7937376975063417 0.048508709501119955 0.048602850573810606
1 0.45700574696683666 0.8058408384667383 0.04337005253039467 0.040608471566040784
1 0.38775229834953634 0.7864129187765739 0.04601284094927437 0.05111607773659236
1 0.3755961792977822 0.7442915545904835 0.06627362909810801 0.057051927101003784
1 0.20898828057792906 0.733081214000756 0.0357649109812303 0.03773148638771998
1 0.21814988812378747 0.7047536689310192 0.038319547479889624 0.04042659255827156
1 0.4453526938384589 0.2713500952728782 0.05878602344257081 0.0645916085893495
1 0.40935271106997434 0.3273686088851582 0.06876949764995374 0.05453869993822188
1 0.4002654480514981 0.23716110086961917 0.04348758842402184 0.0510251382327076
1 0.7473519040179288 0.7094825783282098 0.035764910981230164 0.03773148638771998
1 0.6937054221399487 0.6502357123280208 0.056172618997097766 0.056688169085464736
1 0.7469699123636407 0.7433367449948763 0.04339943650380132 0.043212638232707455
1 0.772647620636699 0.8185103597856664 0.051004578052965835 0.04608962341102855
1 0.7307752661561848 0.8352390246382345 0.038319547479889624 0.04042659255827156
1 0.295406046525109 0.5746693540475621 0.03834893145329634 0.04303075922493808
1 0.26564661973010417 0.5254009966676118 0.056348922837538666 0.07231316908546474
1 0.4677540890766612 0.6368882933970015 0.03321027448257099 0.03503638021716856
1 0.542467649184431 0.8440890315988199 0.028101001485252353 0.02964616787606585
1 0.5731526711417495 0.8113261389787704 0.04337005253039467 0.040608471566040784
1 0.6175943541076264 0.790782163630087 0.04348758842402184 0.051025138232707455