1 0.6053024193548387 0.46385080645161286 0.06679435483870969 0.0652217741935484
1 0.5384475806451613 0.47776209677419357 0.037993951612903226 0.03986895161290322
1 0.49252016129032256 0.504233870967742 0.04181451612903225 0.03511088709677419
1 0.6182661290322581 0.6031754032258064 0.047449596774193546 0.0483366935483871
1 0.7136693548387097 0.5587903225806452 0.04756048387096774 0.04931451612903226
1 0.7997479838709678 0.4877217741935484 0.06762096774193548 0.0625
1 0.7644354838709678 0.4581653225806452 0.04227822580645161 0.043024193548387095
1 0.7057560483870968 0.6084375000000001 0.04467741935483871 0.04506048387096775
1 0.5262701612903226 0.7059375 0.04900201612903226 0.06834677419354838
1 0.5126612903225807 0.5351713709677419 0.0394858870967742 0.034858870967741935
1 0.4792237903225806 0.5378528225806452 0.035141129032258064 0.03591733870967742
1 0.49809475806451614 0.5754838709677419 0.04273185483870968 0.045
1 0.5353225806451613 0.3851713709677419 0.0548991935483871 0.05241935483870968
1 0.4625806451612903 0.47561491935483874 0.03699596774193549 0.04174395161290322
1 0.8760685483870967 0.4773891129032258 0.03433467741935484 0.03959677419354839