1 0.4574203187250996 0.7779849946409432 0.0898804780876494 0.07159699892818863
1 0.5209163346613546 0.7266345123258307 0.06110557768924303 0.09222936763129688
1 0.8168127490039842 0.4859056806002144 0.07488047808764942 0.06316184351554126
1 0.2848605577689243 0.7578885316184352 0.04776892430278885 0.10180064308681673
1 0.3154980079681275 0.687524115755627 0.04145418326693227 0.044137191854233655
1 0.3331274900398406 0.7577277599142551 0.057599601593625496 0.04662379421221865
1 0.19668326693227092 0.6140300107181136 0.04607569721115538 0.05092175777063237
1 0.23364541832669325 0.6693033226152197 0.059790836653386456 0.0952625937834941
1 0.37864541832669324 0.5047052518756698 0.07734063745019921 0.11070739549839229
1 0.39516932270916333 0.3964844587352626 0.03805776892430279 0.04351554126473741
1 0.4563446215139442 0.4522508038585209 0.03643426294820717 0.0420042872454448
1 0.5024203187250996 0.5853161843515542 0.04057768924302789 0.04645230439442658
1 0.541613545816733 0.5857663451232583 0.037171314741035855 0.042250803858520904
1 0.4329780876494024 0.5856377277599142 0.07959163346613546 0.10308681672025724
1 0.41816733067729084 0.30459807073954986 0.035786852589641434 0.06034297963558413
1 0.35635458167330675 0.24936763129689174 0.03990039840637451 0.0405037513397642
1 0.5081772908366534 0.23666666666666666 0.06239043824701195 0.06127545551982851
1 0.5255677290836653 0.17428724544480173 0.03387450199203187 0.03697749196141479
1 0.4722211155378486 0.16007502679528401 0.039800796812749006 0.03808145766345123
1 0.45447211155378486 0.19093247588424436 0.03363545816733068 0.03362272240085745
1 0.4475796812749004 0.2667631296891747 0.03925298804780876 0.04105037513397642
1 0.6531673306772908 0.5896891747052518 0.09634462151394423 0.05528403001071811
1 0.5307370517928287 0.5169989281886388 0.04303784860557769 0.05181136120042873
1 0.4603685258964143 0.7002572347266881 0.08336653386454183 0.08605573419078243
1 0.4449003984063745 0.3646409431939978 0.030159362549800797 0.034962486602357984
1 0.5355876494023905 0.32153269024651665 0.04851593625498008 0.03698821007502679
1 0.3584661354581673 0.3470846730975348 0.053784860557768925 0.06683815648445873
1 0.18154382470119523 0.5618006430868167 0.04212151394422311 0.045766345123258306
1 0.3227191235059761 0.4633976420150054 0.034980079681274895 0.0390032154340836
1 0.7014940239043824 0.5185959271168274 0.05274900398406374 0.10054662379421223