1 0.8804644146631805 0.47116859013601886 0.06389420135405634 0.06191024984114774
1 0.8365351533955381 0.5107171598943827 0.044523930590990766 0.044979132235408954
1 0.8924465752537949 0.4021355848586683 0.042068031540533325 0.05040969471245425
1 0.787514807164526 0.3881458460561043 0.049871524173878766 0.04510701827032966
1 0.6503794297787113 0.5069194413661167 0.05276321870630842 0.050665466782295505
1 0.5297816525231418 0.5703003806088518 0.03339294794324315 0.03373434917655688
1 0.5853026544059458 0.5868466916080581 0.06111145569211928 0.0590990540764348
1 0.5410851574053561 0.45041122799859534 0.036175693605180054 0.03654554494126982
1 0.5116983551849152 0.4854872320400485 0.033828743425215364 0.04472336016556786
1 0.47844386806197026 0.4230357635540289 0.041523287188067755 0.03667343097619052
1 0.5319198038908473 0.42175690320482256 0.036066744734687 0.03379829219401707
1 0.5640053653881735 0.42098958699529865 0.041632236058560805 0.03942068372344327
1 0.5491655716792977 0.38422138999468813 0.04185013379954691 0.044915189217948764
1 0.6826125510250626 0.3411571027777772 0.04998047304437152 0.047854271017582405
1 0.7762499131608438 0.3402927235402924 0.04441498172049771 0.04223187948815637
1 0.5819434372781143 0.23219531514261244 0.050743115137823196 0.06708504024835164
1 0.6317355245313048 0.23925412756135478 0.041632236058560805 0.03942068372344327
1 0.489949407128456 0.13952521493858322 0.044523930590990766 0.04497913223540907
1 0.4853508072459295 0.360998776179731 0.08517562681511394 0.0596745412335775
1 0.5256370459800415 0.5332764115384001 0.0414143383175747 0.03392617822893777
1 0.49546263918070754 0.5147490154996944 0.030610202281306245 0.03092315341184362
1 0.5986512253420869 0.48478271034621445 0.0335018968137362 0.03648160192380962
1 0.5910905929351693 0.5303361812369959 0.05898240325314085 0.0727713747952382
1 0.5875315567866903 0.7105370082518921 0.055545964368245326 0.053476662547008606
1 0.8601544301078334 0.633895932398534 0.04217698041102607 0.053156947459707005
1 0.7845254778539541 0.6164555676566538 0.0414143383175747 0.03392617822893777