1 0.1772775019810788 0.4493927282119384 0.054165104768830824 0.05299569927447846
1 0.21764857136363935 0.4881723699514531 0.03871056327050067 0.039723928801142123
1 0.16783035750011366 0.38276064500219054 0.036218910482077656 0.04492907002242723
1 0.26868471505217295 0.3737040373790784 0.043812604086827196 0.03978485054705359
1 0.3948999640161811 0.48998204085171126 0.04639330830486052 0.04243311246712959
1 0.5076634350277586 0.5553804587067525 0.02838774639836717 0.029130881120837514
1 0.4539287455020443 0.5704180427979849 0.05158440055079758 0.05034743735440231
1 0.5000261093285371 0.44161272621235925 0.030968450616400564 0.031779143040913664
1 0.5276866023850864 0.476617970745972 0.028506481637847678 0.03960208530931919
1 0.5615177534132865 0.4173214558373382 0.03607049143272709 0.031840064786825134
1 0.5105418709648263 0.41400397172577197 0.030938766806530436 0.0291613419937931
1 0.47995930987673724 0.4117517011541202 0.03610017524259722 0.0344578658339454
1 0.4956513218540283 0.3775375223038205 0.036159542862337475 0.03969346792818624
1 0.37118563043169034 0.3319096862304831 0.04384228789669725 0.04240265159417393
1 0.28195928376571633 0.32774021468969244 0.03868087946063061 0.0371061277540217
1 0.46925239071695873 0.2312757332675899 0.04149905415762488 0.06069679805106113
1 0.4232746557502798 0.23705963107503367 0.03610017524259722 0.03445786583394555
1 0.5607634971225983 0.14642473876980847 0.03871056327050074 0.03972392880114205
1 0.5570984402239725 0.35717295349948003 0.07709460463243008 0.050652046083959484
1 0.5118758551683149 0.5213033537847533 0.03604080762285697 0.029222263739704563
1 0.5414055346263482 0.50393734693948 0.025807042180333778 0.026482619200761365
1 0.44483780673952056 0.472372347022792 0.0284174302082373 0.03174868216795793
1 0.4494500646929902 0.5155051425543675 0.0491817991919848 0.06340598171704882
1 0.4474909332415627 0.6882800116643151 0.04897401252289406 0.045081374387205886
1 0.189541927538705 0.6049843557143468 0.03369757388378452 0.04751641019659191
1 0.26239442822070863 0.5910272155995068 0.03604080762285697 0.029222263739704712