1 0.5473487903225807 0.7312143611404436 0.04899193548387097 0.09585005279831045
1 0.3954435483870967 0.48911298838437167 0.031451612903225803 0.038511087645195355
1 0.4889314516129032 0.7355860612460402 0.06222782258064516 0.05351636747624076
1 0.6770564516129032 0.5630411826821542 0.04609879032258064 0.06933474128827877
1 0.3472479838709678 0.19455121436114045 0.054173387096774196 0.07316789862724393
1 0.31983870967741934 0.3371594508975713 0.04334677419354839 0.06513199577613517
1 0.3064616935483871 0.5117212249208025 0.05611895161290323 0.044846884899683206
1 0.36901209677419355 0.5656388595564942 0.06006048387096774 0.06765575501583948
1 0.16024193548387097 0.6094931362196411 0.07855846774193549 0.07392819429778248
1 0.16532258064516128 0.5497360084477297 0.0677116935483871 0.05607180570221753
1 0.13098790322580645 0.4218796198521647 0.04544354838709677 0.06445617740232312
1 0.14244959677419355 0.3503590285110877 0.0296875 0.03644139387539599
1 0.2392842741935484 0.30610348468848997 0.06277217741935484 0.04514255543822598
1 0.27807459677419355 0.3862513199577613 0.05192540322580645 0.07808870116156283
1 0.11818548387096774 0.712143611404435 0.03840725806451613 0.04551214361140444
1 0.4927923387096774 0.6567370644139388 0.05933467741935484 0.08197465681098204
1 0.4352116935483871 0.6065681098204857 0.0482358870967742 0.08369588173178459
1 0.28770161290322577 0.2592608236536431 0.15701612903225806 0.03883843717001056
1 0.1555040322580645 0.28222808870116156 0.09245967741935483 0.0782259767687434
1 0.09719758064516129 0.47437170010559665 0.09240927419354839 0.08530095036958818
1 0.44358870967741937 0.8218690601900739 0.04210685483870968 0.04332629355860613