1 0.5140880333552649 0.16605036284818006 0.10830841409633554 0.0945763172264645
1 0.576897773329366 0.23380821549964204 0.07998163109947612 0.11263730924755291
1 0.8659717140601938 0.5498851189826797 0.09161557754969041 0.08339568283833929
1 0.3224965246877058 0.15768201816393626 0.0669003375471605 0.12051744628681567
1 0.34651010183794495 0.23963608409934603 0.05264640196772909 0.056122701809490805
1 0.3752446189723212 0.16644583019645848 0.07036366554112243 0.06259847485666649
1 0.20561379569955326 0.29864636539520917 0.05828757537576601 0.06458891643175696
1 0.2538645231435644 0.24503401019883025 0.07893798043293929 0.11615733646527976
1 0.3888123634103078 0.45078244271533946 0.1012719903876216 0.13580418547567114
1 0.3917978874685211 0.5723830785294074 0.048221891984328004 0.054799967078502675
1 0.4664322738747343 0.5225602122876781 0.045980801532944204 0.05236134852817438
1 0.5364223290829563 0.3854624246533994 0.05158352766140363 0.05845789490399498
1 0.5792969763740214 0.39154629207200375 0.045980801532944336 0.05236134852817438
1 0.4600534916207911 0.37240289448446945 0.10223874649500306 0.1275448217650533
1 0.4038727269908965 0.6770794207722763 0.048510246581159634 0.0725724789268439
1 0.3281466308186746 0.7262753948004528 0.04928476629065346 0.052464773983998576
1 0.4922174987175221 0.76697445371237 0.07722150237379506 0.07820816937021041
1 0.5026183451622829 0.8390189072627308 0.04258071857629108 0.04633375245623645
1 0.4419303160988806 0.8442317786452918 0.04924631901107583 0.050095105737553075
1 0.4276391838828525 0.808221340397401 0.04252304765692458 0.0427792500865682
1 0.4306656565066054 0.7235574133148865 0.048164221064961626 0.051245464708834426
1 0.7018924849844329 0.4078310298073054 0.11464721265471103 0.07819549041299434
1 0.5577210495480153 0.4649606344625103 0.05498361061805676 0.06448549097593277
1 0.5066370507481109 0.2517612234461518 0.10415303506997758 0.10984126022059472
1 0.4412255804146095 0.6160133093171473 0.03813698495310112 0.043826183602025365
1 0.5344081703800951 0.6793874750924944 0.059158213284203585 0.050405382105025105
1 0.3447542116292514 0.6195133212000025 0.06848782424572553 0.0826717046475705
1 0.18158253132551555 0.3536095909959096 0.052684849247306716 0.05849237005593624
1 0.322127523602776 0.4860362084803739 0.04372048744177179 0.04873789585462335
1 0.7451215189686097 0.49394291327135736 0.07240694547667592 0.12068982204652251