1 0.43934466019417473 0.7533078880407125 0.035169902912621356 0.04058524173027989
1 0.46832524271844655 0.7627480916030535 0.033495145631067966 0.03603053435114504
1 0.46822815533980583 0.7027480916030534 0.05009708737864078 0.04094147582697201
1 0.8299271844660194 0.5067175572519084 0.06507281553398057 0.05101781170483461
1 0.6929126213592234 0.5520101781170483 0.06951456310679612 0.11689567430025445
1 0.6382281553398058 0.589618320610687 0.04509708737864077 0.04427480916030534
1 0.5102669902912621 0.5842493638676846 0.03548543689320388 0.03837150127226463
1 0.5458009708737864 0.58264631043257 0.03400485436893204 0.04005089058524173
1 0.43677184466019414 0.5818066157760814 0.06657766990291263 0.0839440203562341
1 0.33422330097087377 0.4490076335877863 0.02929611650485437 0.03089058524173028
1 0.4123543689320388 0.49526717557251904 0.03383495145631068 0.034732824427480914
1 0.4108009708737864 0.3884478371501272 0.030728155339805826 0.03506361323155216
1 0.47572815533980584 0.44676844783715014 0.04378640776699029 0.036284987277353686
1 0.20650485436893204 0.5919592875318066 0.03572815533980583 0.04089058524173028
1 0.2776699029126214 0.7387277353689568 0.038373786407766994 0.03740458015267176
1 0.3199271844660194 0.6634860050890585 0.03560679611650486 0.037531806615776084
1 0.3634466019417476 0.6794402035623409 0.03939320388349515 0.05679389312977099
1 0.29830097087378643 0.6983206106870229 0.035339805825242716 0.04529262086513995
1 0.22825242718446603 0.6353435114503817 0.03087378640776699 0.036157760814249366
1 0.2396116504854369 0.6697455470737913 0.03771844660194174 0.03580152671755725
1 0.3337864077669903 0.6201017811704834 0.029320388349514562 0.03371501272264631
1 0.386626213592233 0.4912468193384224 0.06999999999999999 0.11549618320610687
1 0.3802669902912621 0.3428498727735369 0.0437621359223301 0.05503816793893129
1 0.4412864077669903 0.28900763358778625 0.02861650485436893 0.030458015267175575
1 0.5326456310679611 0.24040712468193384 0.055898058252427184 0.06819338422391857
1 0.501868932038835 0.1598473282442748 0.03296116504854369 0.046615776081424934
1 0.8436893203883495 0.4520865139949109 0.03449029126213592 0.04409669211195928
1 0.7882038834951457 0.4314503816793893 0.05368932038834952 0.06898218829516539
1 0.7671601941747572 0.3660814249363868 0.026407766990291265 0.031170483460559797
1 0.47230582524271847 0.2699236641221374 0.027402912621359223 0.03279898218829517
1 0.4734466019417476 0.32025445292620863 0.02446601941747573 0.03183206106870229
1 0.44599514563106796 0.31340966921119595 0.026723300970873786 0.03740458015267176
1 0.5580582524271844 0.32287531806615777 0.051868932038834956 0.03921119592875318
1 0.6010679611650485 0.2830534351145038 0.04196601941747573 0.03765903307888041
1 0.3811407766990291 0.244529262086514 0.03577669902912622 0.03979643765903308
1 0.48521844660194174 0.19267175572519082 0.025582524271844657 0.0355470737913486
1 0.5540533980582525 0.18201017811704834 0.0275 0.032391857506361324
1 0.563252427184466 0.21524173027989824 0.03878640776699029 0.030559796437659034
1 0.575995145631068 0.16206106870229006 0.02652912621359223 0.031017811704834603
1 0.6012135922330096 0.1738676844783715 0.026116504854368932 0.030025445292620866
1 0.7066504854368931 0.24870229007633587 0.03577669902912622 0.031017811704834603
1 0.5420388349514563 0.5136895674300255 0.03412621359223301 0.03791348600508906
1 0.5881553398058252 0.5559796437659033 0.03995145631067961 0.060407124681933835
1 0.5172572815533981 0.7182442748091603 0.048106796116504855 0.08440203562340967
1 0.4457281553398058 0.6711195928753181 0.037402912621359224 0.03720101781170483
1 0.2928883495145631 0.6352417302798983 0.05109223300970874 0.03816793893129771
1 0.24735436893203883 0.7249618320610688 0.051189320388349516 0.07002544529262086
1 0.331747572815534 0.7249618320610688 0.05179611650485437 0.05407124681933842
1 0.1938349514563107 0.5392620865139949 0.039514563106796116 0.046055979643765906
1 0.205121359223301 0.4609923664122137 0.05281553398058253 0.033944020356234096
1 0.1924757281553398 0.42203562340966927 0.04888349514563107 0.041933842239185753
1 0.2924514563106796 0.3989821882951654 0.02504854368932039 0.028040712468193382
1 0.4657766990291262 0.3648346055979644 0.03019417475728155 0.031806615776081425
1 0.4535436893203884 0.39623409669211196 0.027694174757281555 0.03259541984732824
1 0.7467233009708737 0.4383206106870229 0.050509708737864076 0.04666666666666667
1 0.700995145631068 0.36893129770992367 0.03405339805825242 0.029923664122137403