1 0.42904656319290463 0.459823226084596 0.07649667405764966 0.07761385249274677
1 0.5016629711751663 0.4813374781351757 0.04434589800443459 0.0478535267511537
1 0.5504434589800443 0.5143532976944825 0.04767184035476718 0.04240706453908676
1 0.4063192904656319 0.61160095437851 0.05432372505543237 0.05701303146750251
1 0.30432372505543237 0.5548637852011892 0.05543237250554324 0.05815393726377583
1 0.2139689578713969 0.46908617123063584 0.07760532150776053 0.07432016848857663
1 0.2544345898004435 0.439775795987516 0.04878048780487805 0.05130850248613601
1 0.31042128603104213 0.6093649311605149 0.050997782705099776 0.05359031407868279
1 0.5016629711751663 0.7330004493103419 0.057649667405764965 0.07928275550820718
1 0.5266075388026608 0.5469191667553159 0.045454545454545456 0.04234254784676184
1 0.5631929046563193 0.5524182819791198 0.041019955654102 0.043322161912222865
1 0.5404656319290465 0.5922226178118365 0.04878048780487805 0.05352579738635787
1 0.5105321507760532 0.38015430321933097 0.06319290465631928 0.06281433548735627
1 0.5848115299334812 0.48597414899758 0.043237250554323724 0.04892991585510211
1 0.13082039911308205 0.4505914072418457 0.03991130820399113 0.046615845916393