1 0.7101231207891957 0.5333913430533684 0.049888654343850924 0.05554981841646519
1 0.469102666732024 0.4370195505284978 0.04706895426170691 0.04771749909430051
1 0.4639559799293918 0.3385438053751875 0.05532329632942281 0.06603310991053535
1 0.3271599682362646 0.17996786383506072 0.0750142824845543 0.05615280438422573
1 0.2984659789283673 0.2478669811162927 0.05209407988984775 0.047838096287852676
1 0.5386994077302218 0.2290442474430632 0.04435163326892097 0.04247585334726543
1 0.6084091596533033 0.2462465003051819 0.04727371244042264 0.05289884624455957
1 0.6226612286980591 0.2892941072786995 0.0674765940423434 0.055971908593897626
1 0.7897978453784164 0.2945993007518717 0.03660918664799433 0.03711361040667819
1 0.7821300455121062 0.3228856649895804 0.039224128551422474 0.039764582578583806
1 0.5860690305963127 0.7607654656107663 0.06275860568227606 0.0636233321257342
1 0.6177362886203904 0.7045846780143932 0.07239934058112629 0.05350183221232011
1 0.633779991728908 0.7929690725526776 0.04465877053699449 0.05024787407265411
1 0.25666954776858775 0.3335691711411632 0.03660918664799433 0.03711361040667819
1 0.3141982696440075 0.39189055892308605 0.05742634278606184 0.055730714206793444
1 0.25533861960693616 0.2998904146644792 0.04445401235827891 0.04506652692239497
1 0.2248338141501435 0.22668826999631567 0.05199170080048996 0.04524742271272314
1 0.2655744469567996 0.2095484818172138 0.039224128551422474 0.039764582578583806
1 0.7145382470059936 0.45455669480224586 0.03932650764078055 0.04235525615371334
1 0.7465830139279572 0.5032077391034548 0.05804061732220875 0.07127475565757065
1 0.540380112455018 0.3986127694204955 0.03399424474456618 0.03446263823477257
1 0.4519925334348572 0.19461067546355826 0.03127692375178024 0.029220992487737497
1 0.4231727078276646 0.22756584877892952 0.04435163326892097 0.04247585334726543
1 0.3801242703856537 0.24982668551151443 0.04465877053699449 0.050247874072654033