1 0.3924851488391663 0.2429482146478935 0.08168224819997255 0.11748217186286969
1 0.6034409725764146 0.46489378236875045 0.04480982651969954 0.0497269610208466
1 0.4541244961847456 0.22452860766026966 0.08203593862916404 0.07627786170115351
1 0.2889150293316376 0.4528069460971019 0.07056146733159857 0.08845202630618874
1 0.7149692889069758 0.7664774609490935 0.0795689933083367 0.09450634529235157
1 0.7148899161494149 0.6079602763141206 0.06598126711913577 0.0837046833268688
1 0.6936810921751884 0.41937901395600463 0.07277362190544684 0.06448959776086224
1 0.6161174853096494 0.37691140410720675 0.08488657837874926 0.09126621208989606
1 0.8297007514404713 0.2807759304523029 0.10618390604338526 0.10349499032423454
1 0.8366939222077865 0.34535653472458017 0.08880432264906668 0.08110529818848193
1 0.8989477028795825 0.4734128279682594 0.06702440087346001 0.08259794109004746
1 0.9015000541911286 0.5516147364914298 0.042570684562864045 0.048500078522012186
1 0.8074291046210454 0.6216853513219172 0.08058513967967372 0.06821029201136947
1 0.7494467586487585 0.5454748431894195 0.07867873400219995 0.09905345450165008
1 0.8536254404155694 0.16161727572909157 0.054021185094020825 0.06036843597031211
1 0.4656963588562341 0.30937825304201794 0.08773721812833411 0.1062545624786386
1 0.537916901576663 0.34877865664373003 0.07669438279234328 0.10356051695694424
1 0.7652390978703603 0.6833170626731753 0.17882560765047423 0.09126986596178865
1 0.9014190920421664 0.627422950147938 0.12185789974123469 0.1120831678160744
1 0.9214440553633091 0.41106027504492393 0.11664223096961396 0.11761687900018156
1 0.4844473684424822 0.1216853027096459 0.05834659455950481 0.05938183399550362