1 0.5385148547606463 0.7434412675174351 0.09869729957267245 0.08503752596606524
1 0.4719646860894696 0.6980708220775259 0.07060336636135038 0.10221958589977627
1 0.1638536751953974 0.48473187962086306 0.08288791490386614 0.07421217564610309
1 0.7166433656369873 0.7024964245565024 0.05859305259644834 0.11037346493584205
1 0.6838324604560432 0.6337000400269283 0.04707007791694406 0.050117192796962313
1 0.6666414446555975 0.7080736118299842 0.06369866589046035 0.05546954287276815
1 0.8062971131088709 0.5445636435702548 0.05147874884590592 0.05809244845750676
1 0.7685605308560973 0.6057451351468753 0.07072912832914187 0.10553816997057272
1 0.6167591359223564 0.45313959766894035 0.08987645668661733 0.12317460805364205
1 0.5983174566594358 0.3437955392001648 0.0429548515794955 0.049885299968276155
1 0.5358266353980751 0.40802767978429966 0.041842203683272454 0.04761493738057367
1 0.48988581234056694 0.5502512497861582 0.04612511264444283 0.052271608970321654
1 0.4491431506184363 0.5553066781950964 0.041842203683272454 0.04761493738057367
1 0.561513631921527 0.5429035278169421 0.0916406252638283 0.11554719163612655
1 0.5735675710156011 0.2519163510699476 0.0425548548340903 0.06642024711508694
1 0.6365518352411776 0.1882083212273597 0.044886702780428535 0.04668266231182271
1 0.4803409170418542 0.19259546995636662 0.0704164739237291 0.07019791308924854
1 0.46114641648625093 0.13020671261670275 0.03854618065053364 0.041910044307731716
1 0.5163229356243665 0.10998811493749791 0.044802861468567504 0.04447027293129174
1 0.5347174426891594 0.1393069779835402 0.038420418682742395 0.038591460236935285
1 0.5425645055818642 0.21668498497195618 0.04385789619606639 0.0466246891046512
1 0.33351856693853715 0.5723085269558271 0.1052701358242505 0.06885041806228337
1 0.45956308230866727 0.48352232161918623 0.0483923290928195 0.057918528835992106
1 0.534866859517251 0.6636189783198021 0.09405631452202722 0.09802199621339341
1 0.5469801785670891 0.3168849161287435 0.03438903365715475 0.04057195678878032
1 0.4527893495069416 0.2830065128912687 0.05406212072782677 0.044992031795835316
1 0.6358025149766267 0.2892512157651372 0.06136681794412212 0.07520712767603252
1 0.8207388249177398 0.4885582305709224 0.04715391922880497 0.052329582177493165
1 0.6740543986990264 0.40410196483566135 0.03965882854675669 0.0441804068954342
1 0.28319698949547145 0.5050507842933013 0.06373708551825905 0.11066333097169948