1 0.2481011361978252 0.4488950276243094 0.04589716633686071 0.04143646408839779
1 0.240934312730747 0.48342541436464087 0.04060616104585542 0.04143646408839779
1 0.3043032267077017 0.47790055248618785 0.04897369228524402 0.06077348066298342
1 0.5497885416741336 0.8687845303867403 0.059986726170135264 0.08011049723756906
1 0.48690890786361024 0.7182320441988951 0.12901609398342154 0.09116022099447514
1 0.4419342569253974 0.6588397790055248 0.05149604541563792 0.055248618784530384
1 0.43205703816125857 0.5124309392265194 0.04331323844891233 0.04419889502762431
1 0.43694891349282816 0.5538674033149171 0.04589716633686071 0.04143646408839779
1 0.42491879014362177 0.42955801104972374 0.09443983531922406 0.08287292817679558
1 0.5503624422242214 0.3011049723756906 0.03519200623974131 0.03591160220994475
1 0.5114506929757793 0.39502762430939226 0.04060616104585542 0.04143646408839779
1 0.6222539302991185 0.3812154696132597 0.04054458628830101 0.03867403314917127
1 0.5698067940353914 0.4613259668508287 0.043497962721575564 0.052486187845303865
1 0.38738473118747807 0.16988950276243095 0.045958741094415126 0.04419889502762431
1 0.24268366349770745 0.26519337016574585 0.043374813206466814 0.04696132596685083
1 0.325587079492828 0.3052486187845304 0.04331323844891248 0.04419889502762431
1 0.314790663224045 0.35497237569060774 0.06195490648253967 0.049723756906077346
1 0.2880882317741331 0.2845303867403315 0.05131132114297475 0.04696132596685083
1 0.3457032238137568 0.19889502762430938 0.04054458628830101 0.03867403314917127
1 0.31032759926602016 0.21408839779005526 0.04072931056096417 0.04696132596685083
1 0.3734524261420931 0.31629834254143646 0.03783750888524395 0.03591160220994475
1 0.5134188732881837 0.36464088397790057 0.1263705913379189 0.09116022099447514
1 0.6663654286669022 0.3425414364640884 0.0620780559976485 0.055248618784530384
1 0.7286589963159908 0.4074585635359116 0.03519200623974131 0.03591160220994475
1 0.7890767457890069 0.5069060773480663 0.07825894565843629 0.06906077348066299
1 0.8688101677347447 0.46408839779005523 0.051249746385420264 0.04419889502762431
1 0.608205111526632 0.8784530386740331 0.048542668982363354 0.04143646408839779
1 0.62263112059712 0.81353591160221 0.07819737090088187 0.06629834254143646
1 0.6867994004576138 0.7845303867403315 0.035130431482187044 0.03314917127071823
1 0.751884665893416 0.44060773480662985 0.03777593412768969 0.03314917127071823
1 0.6990977624984719 0.44613259668508287 0.037714359370135425 0.03038674033149171
1 0.703711445456379 0.4157458563535912 0.04306693941869498 0.03314917127071823
1 0.7065438843038806 0.5428176795580111 0.04632818963974115 0.06077348066298342
1 0.7538253767210469 0.5870165745856354 0.043436387964021154 0.049723756906077346
1 0.7667098049233394 0.3342541436464088 0.04595874109441497 0.04419889502762431
1 0.8340799721766611 0.4488950276243094 0.040421436773192036 0.03314917127071823
1 0.852999832583951 0.5262430939226519 0.037775934127689384 0.03314917127071823
1 0.8188853846014114 0.5386740331491713 0.035438305269958954 0.04696132596685083
1 0.8759792031311586 0.5483425414364641 0.035130431482187044 0.03314917127071823
1 0.8660437275034689 0.5773480662983426 0.03513043148218674 0.03314917127071823
1 0.8027386002134045 0.7044198895027625 0.03537673051240439 0.04419889502762431
1 0.5081311858911821 0.5428176795580111 0.043251663691358064 0.04143646408839779
1 0.4697109287385073 0.5994475138121547 0.06724591177354497 0.049723756906077346
1 0.2936607473328047 0.5345303867403315 0.09400881201634333 0.06353591160220995
1 0.3327572208539098 0.4488950276243094 0.043313238448912404 0.04419889502762431
1 0.35259517280117597 0.27071823204419887 0.04632818963974145 0.06077348066298342
1 0.25378795355426237 0.2292817679558011 0.0807812987888301 0.06353591160220995
1 0.2638487906263965 0.324585635359116 0.06226278027031158 0.06353591160220995
1 0.4398637607946503 0.1505524861878453 0.05137289590052909 0.049723756906077346
1 0.5219974923203411 0.15607734806629833 0.04109875910629042 0.06353591160220995
1 0.559957044756026 0.13812154696132597 0.048912117527689536 0.058011049723756904
1 0.5954888181269844 0.24861878453038674 0.032423354079129836 0.03038674033149171
1 0.6527091040658439 0.4419889502762431 0.03519200623974131 0.03591160220994475
1 0.6194248093456206 0.43232044198895025 0.03777593412768969 0.03314917127071823
1 0.6097103751927108 0.7679558011049724 0.05426469757624939 0.06077348066298342
1 0.6772003740671376 0.7099447513812155 0.03531515575485013 0.04143646408839779