1 0.37521716627887686 0.4768421052631579 0.07322046558928665 0.07052631578947369
1 0.44428659600217507 0.4942105263157895 0.042057142729029356 0.0431578947368421
1 0.4904549437866194 0.5231578947368422 0.04509253610610525 0.037894736842105266
1 0.3534150761177539 0.6221052631578947 0.05280396096608193 0.05263157894736842
1 0.2566718520574498 0.5726315789473684 0.0528284612380351 0.05368421052631579
1 0.1711042009933797 0.49526315789473685 0.07419959635237433 0.06736842105263158
1 0.20969719558615166 0.4652631578947368 0.0463411698606784 0.04631578947368421
1 0.2617871282054264 0.6242105263157894 0.04957256541338019 0.049473684210526316
1 0.4434618763740578 0.7331578947368421 0.05539922956304101 0.07368421052631578
1 0.46760242233415156 0.5552631578947368 0.04298727294821052 0.037894736842105266
1 0.5022535134875785 0.5589473684210526 0.03880124690437434 0.03894736842105263
1 0.48082068763583574 0.5978947368421053 0.047442801983532165 0.04842105263157895
1 0.4533827262850289 0.3973684210526316 0.06027038310652642 0.056842105263157895
1 0.5232217142872511 0.49473684210526314 0.041029011422035036 0.04421052631578947
1 0.0924753361077189 0.48157894736842105 0.037822116141286596 0.042105263157894736