1 0.5806595675661426 0.2152212878845484 0.04134253001021546 0.0485433734294441
1 0.5493426072292749 0.20120681357439496 0.04124817830790064 0.042861555247625915
1 0.5450694222516456 0.26942168760741175 0.06030862478029164 0.0514999779995484
1 0.1291461698812181 0.45238124334803126 0.07941624710383997 0.06297930984237982
1 0.28393828922157804 0.41449906944425313 0.09145363004474173 0.1369090579084135
1 0.34821345594697606 0.3785910355935061 0.05495039522604365 0.054307831239258746
1 0.49043557879696936 0.3976096831359062 0.043998056861760754 0.0457189922641343
1 0.4498478624052715 0.3950166929289867 0.04134253001021546 0.0485433734294441
1 0.5716817753571012 0.40705702718610887 0.08273223587158819 0.09992765594979729
1 0.6756513864476852 0.5641076845215895 0.03574842120018072 0.03714668121460915
1 0.5922282611409485 0.5049526953432774 0.04124817830790064 0.042861555247625915
1 0.5861015387814489 0.6243204609382572 0.038545475605197936 0.04284502732202662
1 0.518705926286299 0.5537026678427128 0.05210616496986886 0.04576857604093218
1 0.8286508234440659 0.41827096516326584 0.044045232712918166 0.04855990135504339
1 0.7595804682328303 0.2468008993404488 0.046700759564463304 0.045735520189733675
1 0.706847338011182 0.3266769123978895 0.0439980568617606 0.0457189922641343
1 0.660547573181556 0.30565106895125943 0.049733693225267585 0.06563841175169652
1 0.7332610789731636 0.28957981496007823 0.04684228711793539 0.054258247462460864
1 0.8075313878529635 0.367258560968897 0.038545475605197936 0.04284502732202662
1 0.7974114664773012 0.3275436814357673 0.046653583713306045 0.04289461109882458
1 0.6887068206363592 0.37366760787708464 0.035795597051337974 0.03998759030551824
1 0.6193732277958688 0.5118896888145571 0.09140645419358431 0.13406814881750442
1 0.6167276096831682 0.6781159264839375 0.05513909863067299 0.06567146760289527
1 0.5446509778821848 0.7325394532023914 0.03574842120018072 0.03714668121460915
1 0.4399767981697182 0.7772181332098552 0.06893566725113051 0.08279956177634612
1 0.4671856890080075 0.8693906633712074 0.044139584415232684 0.05424171953686141
1 0.1098665924852521 0.512164293699117 0.04138970586137272 0.05138428252035319
1 0.169797810456285 0.5402097702450231 0.06623296454842788 0.08278303385074698
1 0.1886155380795222 0.6153864296377186 0.03304571849747794 0.03713015328900986
1 0.5084475465026423 0.7498080347434365 0.03309289434863528 0.039971062379918786
1 0.5115816714591281 0.6943855155823104 0.030390191645932572 0.03995453445431965
1 0.5401251653165572 0.7041551541816995 0.03318724605094994 0.04565288056173713
1 0.4167747855343255 0.6821799020691952 0.06026144892913438 0.04865906890863931
1 0.3674588353761071 0.7236788505109641 0.04940346226716616 0.045752048115332886
1 0.607733069141915 0.7875570381863348 0.044045232712918166 0.048559901355043227
1 0.4882412004157411 0.8351675308755039 0.03314007019979253 0.042811971470827874
1 0.41128493716545006 0.8398999403914477 0.03309289434863528 0.039971062379918786
1 0.4039148943436478 0.8030094420236277 0.046559232010991373 0.03721279291700664
1 0.38461172902210317 0.8613720378292588 0.03304571849747802 0.0371301532890097
1 0.3586529982394833 0.8444835985769976 0.03304571849747802 0.0371301532890097
1 0.2476603236174102 0.752823434109224 0.04385652930828867 0.037196264991406866
1 0.44841890768381715 0.47173776630913145 0.04129535415905805 0.045702464338535004
1 0.4002724450656876 0.42089064137075566 0.04982804492758225 0.07132022993351471
1 0.4919893127396842 0.2470167094293255 0.06381331695266927 0.09981196047060224
1 0.568655681289664 0.3062130184216358 0.043998056861760754 0.0457189922641343
1 0.7357918266034487 0.36059427827000584 0.06026144892913438 0.04865906890863931
1 0.7923195436977857 0.2650684733241663 0.06357743769688236 0.08560741501605679
1 0.6989347729010703 0.257115959484615 0.06324720673878094 0.06572105137969314
1 0.8377260365008996 0.4764600177501043 0.04954498982063809 0.05427477538806032
1 0.8202459810422797 0.5632234405020267 0.06286979992952227 0.04299377865242026
1 0.8304366661946782 0.60719968367152 0.05760592207758894 0.051483450073948944
1 0.7185339712138812 0.6235105925838912 0.030295839943618057 0.034272716272501474
1 0.5229182562260368 0.6445952308262044 0.03574842120018072 0.03714668121460915
1 0.5385919501539435 0.6118256087271541 0.03309289434863528 0.039971062379918945
1 0.21702434397684625 0.5356591679106717 0.06040297648260631 0.05718179618136658
1 0.2616356869036525 0.6177810847374464 0.04115382660558597 0.03717973706580773