1 0.5413235294117648 0.6883248730964466 0.04303921568627451 0.040126903553299495
1 0.4125490196078431 0.4701015228426396 0.036691176470588234 0.0383502538071066
1 0.32056372549019607 0.4860406091370558 0.053088235294117644 0.0432741116751269
1 0.15174019607843137 0.38576142131979696 0.03821078431372549 0.06510152284263959
1 0.21017156862745098 0.34091370558375633 0.03561274509803922 0.04439086294416243
1 0.23340686274509806 0.5854568527918781 0.03154411764705882 0.037538071065989845
1 0.25924019607843135 0.6504314720812182 0.04254901960784314 0.03736040609137056
1 0.3020098039215686 0.6561675126903552 0.04257352941176471 0.05812182741116751
1 0.33490196078431367 0.8211928934010153 0.028333333333333335 0.030304568527918782
1 0.3587990196078431 0.8064720812182741 0.03127450980392157 0.03299492385786802
1 0.7298774509803923 0.5124111675126903 0.050906862745098036 0.050685279187817255
1 0.6840686274509804 0.5569035532994924 0.03936274509803921 0.06370558375634518
1 0.7678676470588236 0.5519035532994924 0.041789215686274514 0.035583756345177665
1 0.2825490196078431 0.2800507614213198 0.028308823529411765 0.0316751269035533
1 0.346078431372549 0.3252791878172589 0.0446078431372549 0.04751269035532995
1 0.25134803921568627 0.286751269035533 0.03357843137254902 0.03898477157360406
1 0.17924019607843136 0.2734010152284264 0.033186274509803916 0.04525380710659898
1 0.16857843137254902 0.31703045685279185 0.03196078431372549 0.034086294416243654
1 0.4698774509803922 0.7093401015228427 0.03448529411764706 0.03421319796954315
1 0.5199754901960785 0.7309644670050761 0.05980392156862745 0.04692893401015228
1 0.3888235294117647 0.5483502538071067 0.02627450980392157 0.02865482233502538
1 0.18566176470588236 0.505761421319797 0.021348039215686277 0.024923857868020306
1 0.2117156862745098 0.47020304568527915 0.032622549019607844 0.03868020304568528
1 0.22497549019607846 0.422005076142132 0.04139705882352941 0.035761421319796954