1 0.6679805965149426 0.6585827443753294 0.11481566407011862 0.08158645688579542
1 0.46942510226625483 0.4231875454676983 0.04877105943764474 0.045217587994122274
1 0.6900813012154418 0.594076571976309 0.07513676286959971 0.0852547755623613
1 0.4588184098672811 0.7568627356312198 0.08663466381040179 0.07163067793116805
1 0.18643025950737796 0.28911000204449616 0.09153406761779026 0.08101942622980164
1 0.3391912006192048 0.2974765747278683 0.0808590195563751 0.0668552994024234
1 0.5196149404165519 0.3297470415147723 0.0635854743615461 0.0757040185048725
1 0.5547885988329831 0.41423227547257074 0.08849863402179821 0.08673888588749681
1 0.6624255140347408 0.19326353704673943 0.10068904178940113 0.1090506638266564
1 0.6007770199600432 0.1830507592417381 0.07875321397427303 0.09113624397891214
1 0.48178663265031385 0.10988148308363023 0.08097522305811122 0.06917548501727258
1 0.40663101304624744 0.10340501258690421 0.04754620848579764 0.04287040091946384
1 0.3324600003413966 0.19916521717249325 0.06615137976697655 0.08271857826903843
1 0.4013555391762904 0.26414537006473354 0.09701920311747653 0.07999434072142314
1 0.7793831058378204 0.17404342625573668 0.058163154796344735 0.05587443493941744
1 0.6093219855181446 0.5775908045875231 0.10302725437497581 0.08941009047986598
1 0.5766294369726499 0.4989735383163707 0.10133758941618375 0.07778216094581086
1 0.26988894952823417 0.24061707148760014 0.08801024909677005 0.18753195283439034
1 0.3335764848406666 0.09930273062464584 0.10926299845233073 0.12548097334926536
1 0.5451200775001867 0.08645156947331835 0.11713973410484302 0.1279901691827792
1 0.7913121154971227 0.5675043831735248 0.05722881259883811 0.05932771190188204