6 0.5136287381033199 0.6619823235909216 0.13047855981756235 0.13242387022440905
6 0.27766188699343236 0.5202251674333226 0.1178813539784788 0.12062906514015084
6 0.15966632109682538 0.45854214439241786 0.11451635368974147 0.11028240468541294
6 0.4224052770131389 0.38441309133670576 0.11355336192744793 0.11227569473791511
6 0.2609317948795371 0.25122739399950017 0.09680667341303019 0.09824996823101315
6 0.4036059144408661 0.13371137543061634 0.10510563876369883 0.10271181107630092
6 0.3166859809557355 0.20017485795157228 0.1491026704899141 0.10577584902278371
6 0.5372230803517698 0.23903572485013108 0.10191914785065799 0.09848759960115475
6 0.55104796830357 0.11604159983531219 0.10814337186365941 0.10183398173512052
6 0.5116834519903964 0.16683414810442782 0.09569492383765635 0.09514121746718891
6 0.737684389933508 0.5099318114108116 0.11192489402902187 0.12646635647557275
6 0.6533856676717131 0.5918439952028322 0.1188145941781562 0.11761536692438312