6 0.7231334239360804 0.5329418080051102 0.05686774719505808 0.05247498393479139
6 0.563774304172472 0.5047609567923121 0.056947486681485485 0.05443193109721801
6 0.49414072542381743 0.3946190315260315 0.06721065941218296 0.06645832080600986
6 0.7113211800727803 0.25506954627724254 0.0608215112631249 0.05356734020969761
6 0.4987714644893399 0.27986715112655414 0.07104481425060902 0.06461525633727605
6 0.3696702372762266 0.4653456593841598 0.061100599465620915 0.06041665527819076
6 0.4458316976380096 0.4592110525322966 0.06900812760175477 0.06260136782800298
6 0.6578240474536358 0.5529653397136227 0.07096507476418139 0.06265830917484944
6 0.5807015728725913 0.4513682052750409 0.0590639128167669 0.058402766768917695
6 0.5636306196890917 0.4170879239167398 0.05279437389735005 0.04844720691624548
6 0.8120673753413699 0.49165856425553806 0.10596917522770778 0.08224578078771447
6 0.8265219093250615 0.2453499285354178 0.059882907425125406 0.054517343117487696
6 0.8385791769022537 0.5893403336787417 0.06321702560090232 0.06438749094989045
6 0.6576770768234229 0.22479233591595152 0.04896021905892422 0.050290271384979185
6 0.6313197596179616 0.2030276810570488 0.04582544959921569 0.04531249145864307
6 0.5883399584429715 0.5907437492510909 0.07066438681760111 0.07926388938205244
6 0.5801027160872081 0.30444057938921726 0.04973934392406892 0.04542637415233587
6 0.6187299685657495 0.48307941999231657 0.07258146423681412 0.07834235714768557
6 0.6133823847595579 0.7124692980975785 0.10307362422728145 0.0831388423486582
6 0.6905946752581391 0.09501270372289661 0.05604875258669958 0.05636040758622151