6 0.6898331936161266 0.6828258733378041 0.07448737255124599 0.06948531336428679
6 0.7534535954931775 0.5687716226926004 0.07227986703248244 0.06939634638270513
6 0.7410237370993312 0.5077817516248279 0.07899233254586964 0.07184665344098723
6 0.873490921359559 0.5937723462482297 0.07849385721192649 0.11324240261661081
6 0.6217209779891584 0.6076030941060352 0.06642191661150557 0.08768839740302539
6 0.5818219194442503 0.5351521984745857 0.07808908690499522 0.10341707510569378
6 0.5084138851979321 0.812840506801595 0.0632249725646876 0.06358196317253567
6 0.639259195768109 0.7390967793169616 0.06901358323288477 0.07035459896710106
6 0.7738186568884048 0.7020140712156567 0.051917598099581186 0.05658690992401575
6 0.8101094525473216 0.6735046758414099 0.07959760997130838 0.11328688610740152
6 0.7551063829897025 0.7693780841932703 0.09023036725819635 0.10390639350439305
6 0.6913426311098078 0.8398309378039178 0.07016231047081445 0.07149078551466058
6 0.3665554123081682 0.8599830095066653 0.07122108875164844 0.07044356594868273
6 0.21561585082164156 0.633197011944409 0.06335989600033137 0.06685707234284136
6 0.35679219439335474 0.6764879289879656 0.06288578594062022 0.08209643164681021
6 0.4176438241971609 0.6958336766159793 0.05790671588628571 0.09497445087407864
6 0.4670634607023748 0.7185333082893788 0.07975689868118416 0.09040560540605273
6 0.3570123962888103 0.5882156736074803 0.08320308039497369 0.09381416504873079
6 0.3859358040330692 0.42099326478744037 0.07122108875164844 0.07044356594868273
6 0.3192974415960241 0.3681726399648224 0.07664990359146212 0.06848257728909989
6 0.4000878388564423 0.3365521622121462 0.0816046083715647 0.08176094793348593
6 0.4813832599830455 0.33056446454813565 0.09577349632933764 0.07797242108669263
6 0.5683183076701279 0.3678547298442512 0.05734641293939487 0.05462592126443292
6 0.6827122509061141 0.4029819732398321 0.07700969941984524 0.07721620174324836
6 0.6473303349929456 0.31981422274925575 0.07232484151103047 0.07048804943947368
6 0.4980473170728597 0.2402302038875916 0.06777490703785903 0.06703500630600455
6 0.4878080618831553 0.4196494724017503 0.07347356874896015 0.07162423598703295
6 0.5732814390174306 0.4214593883528877 0.06777490703785903 0.06703500630600455
6 0.5052151122963782 0.49446356564229327 0.06216619428385373 0.06462918273851327
6 0.4715468970653143 0.5465113019732503 0.0939257866389572 0.08661707855925944
6 0.2683533433174651 0.40208587502561993 0.058899910484255816 0.06558743532290921
6 0.11385790720288332 0.6105678205719816 0.06225614324094948 0.0668125888520504
6 0.628271313150122 0.8334744181301499 0.07622076801029881 0.08481363964983757
6 0.5801418758507236 0.8822146114389047 0.07538686212220459 0.09131937449965796
6 0.30024593189303245 0.7750238697455611 0.08205435315704376 0.09267797850117152
6 0.41340119893399296 0.8068315204800455 0.06434933452838548 0.09087453959174965
6 0.80466287014574 0.44767783530808614 0.058854936005707785 0.06449573226614065
6 0.7819272584519572 0.3906321833048748 0.05633260913710878 0.05676484388717921