6 0.31525731375542787 0.32652419672429284 0.06493482721774531 0.06016567571987557
6 0.244314548859241 0.4341455405513439 0.06285149388441193 0.06015368019449205
6 0.25022517545360196 0.49184151273808024 0.06911361436318468 0.06225152244074547
6 0.13352552472420812 0.4095265703192478 0.06517723679320173 0.10140278912193743
6 0.3726486271180722 0.39784080543098566 0.056710578193367195 0.07867439464926967
6 0.40349562119887583 0.4662175735811623 0.06616436130539066 0.09213043636916515
6 0.49929666497727815 0.20536549770704737 0.05553558626019957 0.05598798451544395
6 0.3686913859641348 0.273640991239387 0.059732554123798326 0.06116661474146843
6 0.2377652615174098 0.3078988650963714 0.04508255815721445 0.049742439878217706
6 0.20114936196002972 0.33491291050192135 0.06621890345986839 0.10140878688462907
6 0.26209326945331424 0.24487431861631784 0.07761663439933754 0.09116548392372238
6 0.32862695810737796 0.17851407924209547 0.06078028102985134 0.06220354033921174
6 0.6375720283648408 0.16127182507823132 0.06181588745713166 0.061178610266851896
6 0.7592221049997474 0.37602800660638314 0.0545121003116923 0.05907477025790689
6 0.6297830748145903 0.3345066868243872 0.052513610329768784 0.07349576442324501
6 0.5741629924568791 0.3162708660974657 0.0473779998690721 0.08583690963040512
6 0.5295016209370202 0.2943638214396008 0.06921663843275377 0.07977729563662177
6 0.6214796954242909 0.41805682468375027 0.07131815248424639 0.08288207466715969
6 0.5778471755845298 0.5755192277994711 0.06181588745713166 0.06117861026685195
6 0.6364043905212623 0.6256958181249155 0.0670121003116923 0.05914674341020755
6 0.557068037151776 0.6550176274709284 0.07020982318432895 0.07153587071890104
6 0.47943659940787053 0.6601036360491924 0.0847628553207303 0.06646520022132725
6 0.4004820411197283 0.624476991786958 0.05027877101177498 0.04771057302157307
6 0.2954736956861465 0.5910621472621195 0.06706058222678343 0.06739416609061992
6 0.32105478415944594 0.6692627186587442 0.06285755412379833 0.0611846080295436
6 0.45497829632515824 0.7452931309828543 0.05867876697835873 0.0590987613086737
6 0.4814930089178631 0.5760740208484539 0.06390528102985134 0.06222153362728679
6 0.40077899284966245 0.5739615278694322 0.05867270673897238 0.05806783347362215
6 0.47253313531583235 0.5055094440116483 0.05449997983291936 0.0570129145878038
6 0.5087584966866868 0.45633344903383605 0.08169239747520815 0.07572555744871601
6 0.6876339246089077 0.5934431648664238 0.05033937340563905 0.05801985137208853
6 0.8533596130665797 0.3981656214539177 0.053470433645025635 0.05906877249521524
6 0.38796256655136624 0.18487323769650327 0.06501967056915489 0.0745986654105971
6 0.43822921708436835 0.13922452034503333 0.06505603200547345 0.08078423242090645
6 0.6928254662396741 0.2418787798257714 0.07131209224486004 0.08185114683210815
6 0.5888406067545998 0.21155072104339567 0.053603758911526474 0.0817491848663492
6 0.18479375586006905 0.5478864759990955 0.051374979832919304 0.05699492129972863
6 0.20062142662561575 0.6019172220175801 0.049249224823881124 0.049766430928984286