6 0.7026281861678102 0.5376121855968901 0.055386570235217654 0.05215598284531421
6 0.5442232861764066 0.5085113580278317 0.055409341377035945 0.054112930007740825
6 0.47833468916178357 0.39748999506449184 0.06533070404007787 0.06608235523626878
6 0.6993889912441755 0.2592364517417041 0.0593118501309798 0.05322555332811487
6 0.48630376917240165 0.28328146771187174 0.0692218272231128 0.06421650497542951
6 0.351913035211326 0.46747608467919083 0.05939154912734349 0.06007486839660802
6 0.42819412504778215 0.4622750375639918 0.06724210891886813 0.06221400936220922
6 0.6372810892883366 0.5572398199509236 0.06919905608129474 0.0622595578130029
6 0.5631722441861278 0.4547290633437699 0.0574118308230987 0.058072372783387734
6 0.5471181719048968 0.4208468756076534 0.05142713362672784 0.04815099161887374
6 0.7931764991697389 0.49684447617705957 0.10366195727103315 0.08164765374494466
6 0.8147805604018913 0.25067825165759877 0.058344762120675644 0.054181252683931286
6 0.8168199486285534 0.5941680271142633 0.061394038573406355 0.06403431117225482
6 0.6461813868041116 0.2286658685237003 0.047536010443692905 0.05001684187971301
6 0.6209741351377179 0.20723095569401992 0.04454366184550748 0.045056151297456014
6 0.5662623984124922 0.594127387328571 0.06841413720553602 0.07887083446823223
6 0.5668517060318927 0.3083220047126979 0.04845755617036093 0.045147248199043255
6 0.6002521128925355 0.48714313165264134 0.07035969879705349 0.0779379093378126
6 0.5877499959764553 0.716458950150206 0.10073792209830237 0.08255780464996762
6 0.6833395834729472 0.09958624748158237 0.054453638937640485 0.05604710294477066