6 0.5852108433734939 0.6457703927492447 0.05982931726907631 0.06183282980866062
6 0.6072389558232931 0.5713695871097684 0.05227911646586345 0.056576032225579054
6 0.29773092369477916 0.4717019133937563 0.05245983935742972 0.0517019133937563
6 0.2945381526104418 0.4222255790533736 0.05495983935742972 0.050634441087613294
6 0.41730923694779115 0.3918429003021148 0.050281124497991964 0.06995971802618328
6 0.49706827309236945 0.41521651560926487 0.0607429718875502 0.07577039274924471
6 0.44866465863453814 0.45393756294058407 0.04734939759036144 0.08557905337361531
6 0.5103614457831325 0.4980563947633434 0.0429718875502008 0.05277945619335347
6 0.5454417670682731 0.45625377643504533 0.07665662650602409 0.06931520644511581
6 0.6574397590361445 0.4209667673716012 0.06562248995983935 0.06769385699899295
6 0.7879116465863454 0.38410876132930516 0.047419678714859435 0.04672708962739174
6 0.8761746987951807 0.4096374622356495 0.047720883534136546 0.052195367573011076
6 0.8299497991967871 0.430281973816717 0.05169678714859438 0.05569989929506546
6 0.754578313253012 0.4676636455186304 0.06718875502008033 0.05487411883182276
6 0.6945481927710844 0.46975830815709974 0.04358433734939759 0.036404833836858004
6 0.663293172690763 0.5216314199395771 0.040903614457831326 0.048298086606243705
6 0.7060642570281125 0.5910271903323263 0.0455421686746988 0.04812688821752266
6 0.6600803212851406 0.6163444108761329 0.04556224899598394 0.04983887210473313
6 0.6891465863453815 0.5503021148036255 0.04052208835341366 0.043393756294058415
6 0.7664156626506025 0.5240382678751259 0.04320281124497992 0.04310171198388721
6 0.7786244979919679 0.5722759315206445 0.06098393574297189 0.049526686807653576
6 0.4361746987951807 0.5838972809667673 0.04885542168674698 0.08944612286002013
6 0.33424698795180724 0.5673716012084592 0.05225903614457831 0.06751258811681773
6 0.3536345381526105 0.6499697885196374 0.05444779116465863 0.05927492447129909
6 0.5126907630522088 0.6457301107754281 0.0688855421686747 0.05524672708962739
6 0.5143775100401607 0.5565458207452165 0.06781124497991968 0.06476334340382679
6 0.4847489959839357 0.6081067472306143 0.053995983935742974 0.058932527693857005
6 0.5427409638554217 0.691792547834844 0.043634538152610446 0.05177240684793555
6 0.48493975903614456 0.7257401812688822 0.049949799196787145 0.0540785498489426
6 0.26518072289156625 0.6219033232628398 0.04269076305220884 0.05095669687814703
6 0.24420682730923693 0.575619335347432 0.04286144578313253 0.048439073514602214
6 0.23575301204819277 0.5259315206445115 0.04258032128514056 0.047995971802618324
6 0.18590361445783132 0.4968680765357502 0.0913855421686747 0.07436052366565962
6 0.14832329317269075 0.4436555891238671 0.04948795180722892 0.04798590130916415
6 0.18850401606425704 0.3994461228600201 0.06002008032128514 0.0929607250755287
6 0.2621686746987952 0.3446122860020141 0.055512048192771085 0.056676737160120845
6 0.2682530120481928 0.29608257804632426 0.07431726907630522 0.049667673716012085
6 0.3595381526104418 0.31851963746223566 0.05849397590361446 0.057844914400805636
6 0.47010040160642574 0.26876132930513597 0.06460843373493975 0.06172205438066465
6 0.4168975903614458 0.26856998992950654 0.050200803212851405 0.05578046324269889
6 0.44877510040160645 0.31959718026183287 0.04231927710843374 0.062286002014098694
6 0.4350803212851405 0.18561933534743202 0.06992971887550202 0.06663645518630414
6 0.3810441767068273 0.17774420946626385 0.04719879518072289 0.04867069486404833
6 0.35650602409638554 0.22765357502517625 0.048012048192771085 0.0973313192346425
6 0.3066064257028112 0.23520644511581068 0.05460843373493976 0.08021148036253777
6 0.4803012048192771 0.12663645518630412 0.057309236947791165 0.10207452165156093
6 0.5456124497991968 0.21032225579053374 0.042740963855421685 0.04822759315206445
6 0.5737449799196788 0.1656696878147029 0.048012048192771085 0.07454179254783484
6 0.6820481927710844 0.1561027190332326 0.056234939759036144 0.07319234642497482
6 0.727921686746988 0.2543303121852971 0.06266064257028112 0.07510574018126888
6 0.6874096385542169 0.2866666666666667 0.03483935742971888 0.038610271903323265
6 0.6686546184738956 0.3385297079556899 0.048002008032128514 0.07402819738167171
6 0.6086044176706827 0.31855991943605233 0.04790160642570281 0.06793554884189325
6 0.5715562248995983 0.29541792547834844 0.055813253012048196 0.07056394763343403
6 0.6279718875502008 0.2201812688821752 0.042299196787148594 0.06683786505538772
6 0.6181726907630523 0.2667270896273918 0.031596385542168676 0.035740181268882176
6 0.576566265060241 0.2477240684793555 0.034809236947791165 0.037421953675730105
6 0.8142168674698795 0.3474320241691843 0.04238955823293172 0.046747230614300105
6 0.7120281124497991 0.3668982880161128 0.03862449799196787 0.038992950654582074
6 0.7154116465863454 0.41023162134944613 0.049929718875502 0.054431017119838866
6 0.703273092369478 0.31598187311178244 0.046495983935742974 0.06499496475327292
6 0.8021887550200804 0.2730614300100705 0.0492570281124498 0.03947633434038268
6 0.825582329317269 0.3118026183282981 0.03794176706827309 0.04340382678751259
6 0.7102811244979921 0.6513192346424975 0.05192771084337349 0.05284994964753273
6 0.7157128514056225 0.5023162134944612 0.03868473895582329 0.0397079556898288
6 0.8345180722891565 0.5279959718026183 0.05130522088353414 0.05348439073514602
6 0.3619979919678715 0.7047432024169183 0.045190763052208836 0.04599194360523666
6 0.21221887550200805 0.5896374622356495 0.03961847389558233 0.04451158106747231