6 0.50996003996004 0.4403406813627254 0.03997002997002997 0.04298597194388777
6 0.560969030969031 0.4384068136272545 0.042117882117882116 0.040561122244488976
6 0.5934765234765236 0.45425851703406817 0.04484515484515485 0.041793587174348695
6 0.6107292707292707 0.5227955911823647 0.04321678321678322 0.04529058116232465
6 0.6433266733266734 0.47970941883767537 0.05515484515484516 0.07672344689378757
6 0.7057442557442558 0.4525050100200401 0.03563436563436564 0.041893787575150304
6 0.6448751248751249 0.41787575150300604 0.039140859140859144 0.03870741482965932
6 0.6346553446553446 0.37065130260521045 0.040399600399600395 0.05023046092184369
6 0.6883816183816184 0.388997995991984 0.03931068931068931 0.055
6 0.5849550449550449 0.3466633266533066 0.04088911088911089 0.04001002004008016
6 0.5388711288711289 0.3904408817635271 0.057272727272727274 0.05497995991983968
6 0.5384215784215785 0.5636472945891784 0.04625374625374625 0.04713426853707415
6 0.5245854145854146 0.6367835671342685 0.03739260739260739 0.04097194388777555
6 0.597012987012987 0.7133767535070141 0.03632367632367632 0.03812625250501002
6 0.5693906093906095 0.6771643286573146 0.054625374625374624 0.03898797595190381
6 0.6534065934065934 0.5828757515030061 0.04786213786213786 0.04450901803607214
6 0.7269530469530469 0.6602905811623246 0.043106893106893106 0.05064128256513026
6 0.7584215784215784 0.6090280561122244 0.03432567432567433 0.03685370741482966
6 0.8077322677322677 0.5943687374749499 0.04087912087912088 0.0543186372745491
6 0.8055544455544456 0.5309819639278557 0.04489510489510489 0.045060120240480964
6 0.7675624375624376 0.5253306613226453 0.033466533466533464 0.036162324649298604
6 0.806023976023976 0.49239478957915833 0.03506493506493507 0.03743486973947896
6 0.8605594405594406 0.4600300601202405 0.058041958041958046 0.04105210420841683
6 0.9272427572427572 0.43389779559118236 0.03719280719280719 0.03556112224448898
6 0.9362437562437562 0.3832565130260521 0.03606393606393606 0.03980961923847695
6 0.8012787212787214 0.38925851703406816 0.0434965034965035 0.0374248496993988
6 0.8161338661338662 0.41800601202404813 0.03558441558441558 0.03735470941883768
6 0.7535464535464536 0.3879759519038076 0.03173826173826174 0.03006012024048096
6 0.7415084915084915 0.4395691382765531 0.03156843156843157 0.03251503006012024
6 0.7593706293706294 0.41316633266533065 0.03023976023976024 0.03486973947895791
6 0.7359240759240759 0.3517535070140281 0.033546453546453546 0.03677354709418838
6 0.7816683316683317 0.3370140280561122 0.03896103896103896 0.04925851703406813
6 0.8527872127872128 0.3352404809619238 0.053276723276723274 0.044519038076152304
6 0.8954645354645355 0.30879759519038075 0.04296703296703296 0.03478957915831663
6 0.8553046953046953 0.2763326653306613 0.033206793206793206 0.03582164328657315
6 0.8813986013986014 0.2560320641282565 0.035174825174825175 0.03479959919839679
6 0.7852147852147852 0.2570741482965932 0.03739260739260739 0.04061122244488978
6 0.7543356643356643 0.3063426853707415 0.03571428571428571 0.03588176352705411
6 0.8090809190809191 0.28047094188376753 0.04237762237762238 0.04049098196392785
6 0.8634365634365634 0.38436873747494993 0.0638061938061938 0.05881763527054108
6 0.8937062937062937 0.4251503006012024 0.03227772227772228 0.03364729458917835
6 0.9188511488511488 0.5048897795591182 0.054915084915084914 0.05642284569138277
6 0.6789210789210789 0.6856212424849699 0.057042957042957046 0.05333667334669338
6 0.5656143856143856 0.6226753507014028 0.06954045954045954 0.06295591182364729
6 0.6373126873126873 0.6675851703406813 0.044365634365634364 0.05085170340681363
6 0.4915584415584416 0.6942084168336674 0.06371628371628371 0.06572144288577154
6 0.46805194805194805 0.5453006012024049 0.08828171828171828 0.07777555110220441
6 0.3811488511488511 0.45230460921843685 0.0557042957042957 0.04838677354709419
6 0.43241758241758244 0.4046993987975952 0.06738261738261739 0.047915831663326656
6 0.47897102897102894 0.34751503006012024 0.05647352647352648 0.06784569138276553
6 0.5061938061938062 0.2703006012024048 0.04156843156843157 0.05133266533066132
6 0.5967832167832168 0.29256513026052106 0.08166833166833166 0.059879759519038074
6 0.4576323676323676 0.26574148296593186 0.055634365634365635 0.049408817635270545
6 0.4035464535464535 0.3115931863727455 0.040719280719280715 0.05716432865731463
6 0.4280519480519481 0.3548997995991984 0.03460539460539461 0.03730460921843687
6 0.3698701298701299 0.36985971943887774 0.04031968031968032 0.041793587174348695
6 0.36279720279720284 0.4096292585170341 0.041718281718281715 0.040991983967935866
6 0.3191608391608392 0.35927855711422846 0.05068931068931069 0.07093186372745491
6 0.39534465534465535 0.1875250501002004 0.047042957042957044 0.042865731462925855
6 0.46337662337662333 0.15274549098196394 0.04440559440559441 0.04647294589178357
6 0.5588411588411588 0.18123246492985973 0.0548051948051948 0.05426853707414829
6 0.6156943056943056 0.1827054108216433 0.04057942057942058 0.0524248496993988
6 0.6419980019980019 0.24897795591182365 0.03939060939060939 0.04227454909819639
6 0.633976023976024 0.21830661322645292 0.04126873126873127 0.0408817635270541
6 0.708041958041958 0.25846693386773545 0.07223776223776224 0.05764529058116233
6 0.6712987012987013 0.3087174348697395 0.03341658341658342 0.03223446893787575
6 0.7061838161838162 0.322124248496994 0.03210789210789211 0.03307615230460922
6 0.806033966033966 0.2239679358717435 0.04224775224775225 0.04740480961923848
6 0.8456143856143856 0.1827454909819639 0.04856143856143856 0.04312625250501002
6 0.8251948051948051 0.2531062124248497 0.034895104895104896 0.034749498997995995
6 0.9228971028971029 0.2863927855711423 0.03328671328671329 0.03555110220440882
6 0.9064035964035964 0.25200400801603207 0.03017982017982018 0.03273547094188377
6 0.9355844155844155 0.3202104208416834 0.03474525474525474 0.04323647294589178
6 0.7265234765234765 0.5364228456913828 0.052677322677322676 0.055060120240480966
6 0.6325974025974026 0.6164228456913828 0.051718281718281724 0.04740480961923848
6 0.3975024975024975 0.5787975951903808 0.06341658341658342 0.05453907815631263
6 0.38206793206793205 0.63437875751503 0.04288711288711289 0.045681362725450904
6 0.37835164835164836 0.5366533066132265 0.03929070929070929 0.0412124248496994
6 0.36069930069930073 0.5114629258517034 0.04148851148851149 0.040020040080160316
6 0.29265734265734267 0.47791583166332663 0.06889110889110889 0.09157314629258517
6 0.8641558441558441 0.5642384769539078 0.06321678321678321 0.10221442885771544
6 0.7144455544455545 0.6032364729458918 0.04874125874125874 0.07075150300601202
6 0.6804195804195804 0.6372945891783567 0.0445054945054945 0.05104208416833667
6 0.48330669330669335 0.19248496993987976 0.03906093906093906 0.045320641282565126