6 0.5781813676777071 0.6141656492389901 0.05723671718711431 0.06049976328216859
6 0.5242218737039046 0.6283279970353824 0.05828316823547311 0.058324457879660646
6 0.4845511190398272 0.618691650628428 0.061681161631558755 0.06070722764095591
6 0.44422948877686197 0.5484167471485868 0.06066704061457598 0.06399611878956656
6 0.4230682125678907 0.6030327796149245 0.08398848390358656 0.10289535595098644
6 0.36555335001248723 0.6476112710703469 0.05272761267991756 0.05806512743117638
6 0.4411191255615695 0.6705999826816755 0.05488517483938747 0.05594168811836539
6 0.4669537613551875 0.7196252237374109 0.05968524962896936 0.0683985956842794
6 0.40406282846759334 0.7127972395581817 0.059814569754473974 0.0728529386686892
6 0.5278326172245044 0.7335877830869124 0.05713972709298585 0.057159006043861246
6 0.5627696272125482 0.6757225266304266 0.07886510880024339 0.07930259092404766
6 0.5084654580681576 0.4869148062116059 0.06517614512177261 0.06643075464055877
6 0.499961924635213 0.40422419750669203 0.052695282648541404 0.056951541685074054
6 0.3987393284650814 0.33833496644319144 0.05148718144330183 0.05355891835706988
6 0.4390728487723695 0.37079982064524614 0.07168116163155876 0.06117402244822737
6 0.37994836454009423 0.4937045758869523 0.06622259617013153 0.06425544923805057
6 0.27702677167191986 0.42662395994280405 0.06305091299367885 0.06966777969947234
6 0.25944130403160287 0.48974748377400057 0.04812151807859247 0.05228973434187681
6 0.2114414910055575 0.5180889838451576 0.06203679197669607 0.07295667084808286
6 0.2339368484436808 0.5858636512706958 0.0628892628367982 0.06409985096896022
6 0.27601358552471045 0.5828234268217142 0.04808918804721631 0.051176148595774365
6 0.2457047801758412 0.6281158446016575 0.04923262918970358 0.052341600431573765
6 0.19773135215901064 0.6764759550578104 0.07622259617013154 0.06472224404532191
6 0.1352164896036072 0.7208210491095971 0.05139019134917355 0.050218161118762525
6 0.14186532120378978 0.7778473195644576 0.05155184150605417 0.05578608984927477
6 0.2838731232507018 0.7388810295451477 0.05929728925245582 0.05503556673105
6 0.2586689230689183 0.71157071053841 0.05034374030081469 0.05239346652127072
6 0.33464476903236356 0.7295742193371259 0.04452954449425003 0.043225450103966855
6 0.3318201662583176 0.6705023087039992 0.04459420455700234 0.04545262159617175
6 0.3211072355172468 0.7028084942722048 0.04358008354001969 0.048741512744782146
6 0.36561466997364744 0.7643821761420138 0.04812151807859247 0.05228973434187681
6 0.3208996952338713 0.7912088958631075 0.05739836734399483 0.06606769201268084
6 0.24599074030583823 0.8099537166857724 0.07181048175706324 0.06562836543263705
6 0.20885361813342168 0.8493670091970226 0.05812151807859247 0.05275652914914815
6 0.2622941615544101 0.874659156252722 0.046945746904729115 0.05001069675997521
6 0.24037312960809976 0.9031059236856519 0.04916796912695127 0.05011442893936861
6 0.3428658821256537 0.878976240628793 0.052695282648541404 0.05695154168507393
6 0.360516009828723 0.8180798882898016 0.05031141026943866 0.05127988077516827
6 0.3101102143857254 0.8590979592168946 0.05828316823547311 0.058324457879660396
6 0.21899649835404494 0.7592062309211864 0.08794797787738907 0.086399034118237
6 0.17408921347680803 0.7220795693759348 0.045769975730865754 0.04773165917807361
6 0.12125439070923538 0.6412118671945065 0.0777539976891323 0.07925072483435046
6 0.32029116997113566 0.38805272379793765 0.0788004487374912 0.07707541943184251
6 0.46073784538824014 0.42908307618406516 0.0958874058120475 0.09233002547662693
6 0.3699457596195249 0.39759907213911233 0.06419435413616612 0.07083323153527162
6 0.5167816915160296 0.3338364332809813 0.09036418028786809 0.0931842807742451
6 0.5895604041635807 0.4901442378864228 0.11983500974152725 0.11457734253620676
6 0.7117265162657813 0.5703560205625441 0.07641657635838833 0.0714037585219366
6 0.6719673214503062 0.6341126012189577 0.0876246775636279 0.07526317665721251
6 0.6402607096793062 0.7076977233451199 0.08369751362120142 0.09287308423606414
6 0.6362127755541058 0.7975869722412373 0.06193980188256774 0.06961591360977551
6 0.5324047117436573 0.7955214572198404 0.10810962803426971 0.09290055246329192
6 0.6893036336521181 0.7917246514509165 0.07644890638976448 0.07251734426803906
6 0.7324123268166146 0.7286804619366447 0.06213378207082466 0.0762974280863902
6 0.6923918868295613 0.6878896476836701 0.049232629189703704 0.052341600431573765
6 0.7503108747771663 0.6572309780545282 0.057204387155737904 0.05938617753606614
6 0.7445732290776768 0.6124800838516431 0.05828316823547311 0.058324457879660396
6 0.8074522719209482 0.6571181173086587 0.07820661812839817 0.09484092527978501
6 0.7806555499477541 0.8616014306915555 0.06507915502764415 0.06308999740225142
6 0.7189710482146034 0.9154379366300616 0.06181048175706312 0.0651615706253657
6 0.6083346675806076 0.9074932963399713 0.07657822651526885 0.07697168725244886
6 0.5470882913218306 0.9190913430611294 0.06086102080283278 0.07067763326618126
6 0.49802325731116903 0.8534126467211746 0.05609327604462704 0.05933431144636944
6 0.5166901109517904 0.8848661121741412 0.057172057124362005 0.05827259178996369
6 0.4243930086732892 0.8588722377251554 0.09686919679765411 0.08792754858191383
6 0.44808958742471733 0.7960339773872914 0.04570531566811345 0.045504487685868705
6 0.4062936006325461 0.7896346560392508 0.04462653458837849 0.0465662073422742
6 0.3313004805244808 0.9201392460761215 0.060699370645952135 0.065109704535669
6 0.3023452615220436 0.971132245647778 0.06619026613875538 0.05773550870444392
6 0.3016680009139409 0.8931782555836476 0.0491679691269514 0.05011442893936861
6 0.18644169069430802 0.8800150150773091 0.04691341687335296 0.04889711101387276
6 0.21515703938199354 0.9136056539567007 0.043515423477267376 0.046514341252577245
6 0.16271017699093446 0.8461009807285018 0.051648831600182535 0.059126847087582125
6 0.3170013215324784 0.5613831045171936 0.07438833432442278 0.07798154081915791
6 0.39149760112557913 0.4519847775665728 0.07079636074008047 0.06891725658124769
6 0.6540388486901972 0.43699419004521023 0.0855317754669103 0.07961378746222839
6 0.6527354274416254 0.37298894268916777 0.06069937064595201 0.06510970453566887
6 0.6879643425818276 0.4780565336779035 0.05494983490213978 0.058168859610570035
6 0.7147058893047733 0.5009903088347767 0.05828316823547286 0.058324457879660646
6 0.7974130619976374 0.5215321856638784 0.10342698332586982 0.12270803715957392
6 0.16118118070375248 0.5641181906297118 0.1003846202749215 0.1325747106054055
6 0.3081523777479231 0.4859048701170973 0.0759520658747998 0.0936236073542889
6 0.3340329036680359 0.4409617808514179 0.06530546524727722 0.07088509762496845
6 0.6851263794014135 0.8771595573626243 0.05619026613875525 0.06267506868467679