6 0.3481482263484674 0.5649928135989248 0.07081184941545397 0.07049476197681025
6 0.4197667677300496 0.5986142518600273 0.06463597138657795 0.061201917385811856
6 0.5619138112097501 0.30162724728947493 0.05953393057025142 0.06114230645615458
6 0.6119345891733606 0.3057974999738859 0.058525395529049166 0.06317956459809204
6 0.6259419654247581 0.4340262588827979 0.07688086934576163 0.06134498361698908
6 0.5916962982316225 0.5109774619381782 0.08510943682323155 0.07271085290771932
6 0.5592388033540912 0.45629863439281326 0.093201463396975 0.06051114842795764
6 0.5065040897210327 0.5120311397407719 0.0584600933577017 0.05190907279481324
6 0.5439894184019954 0.5539622011666135 0.08111685258564412 0.08803201662301005
6 0.5640628463031847 0.6725288866337371 0.07696991776123542 0.07671383607600535
6 0.5832227241396771 0.809526272865749 0.053375862224469973 0.05492323235695947
6 0.5454501525828498 0.8941201744998774 0.05951018432612509 0.05704394580041687
6 0.531389687449252 0.8447788971209506 0.06360962666228112 0.06016540503594593
6 0.5038769145207102 0.7630080411609804 0.06472501980205175 0.07657076984482825
6 0.5101563422005552 0.7021224206154365 0.043142097786659055 0.049681059677972775
6 0.4624817732895182 0.6626336127401163 0.0543606510215459 0.04878761355928418
6 0.3866543033597795 0.695044590216093 0.05540480542893754 0.052897896400953624
6 0.36748882912933933 0.6451314068255417 0.056425213592202726 0.05290981858688489
6 0.42995634812720757 0.6842807913149004 0.04925267364418761 0.04770341246569271
6 0.44573739545871416 0.7664268372186263 0.050290891490547725 0.050789105143427486
6 0.39576707826387203 0.7709656009276578 0.05856101489523878 0.06932710558169872
6 0.43048927795171504 0.42405873404741906 0.09730090573313091 0.0636326076634867
6 0.4610269756696955 0.323500229570787 0.07587233430455949 0.06338224175892654
6 0.3753572141631467 0.3301831921820543 0.06771500555946867 0.06431145443540941
6 0.3584350796684789 0.4913475047479262 0.06575730108738022 0.0786318723586286
6 0.4472966700075185 0.5072412923010107 0.07494097455676797 0.07873917203201143
6 0.3996310059380288 0.4692893696715922 0.06771500555946856 0.06431145443540941
6 0.30755418068945584 0.5148292643038133 0.057439685194436506 0.05189715060888197
6 0.2816788781043805 0.45151891457356014 0.06156287377471875 0.05911697050014873
6 0.41568080612813724 0.2456190960127545 0.057439685194436506 0.05189715060888191
6 0.46508452191154664 0.2313407646533801 0.055392932306874254 0.050848716073084596
6 0.5160989935137803 0.23091228378601764 0.054366587582577425 0.04981220372321873
6 0.5515431657011288 0.18471070783460164 0.08834875814397505 0.10348432438354638
6 0.610548742339569 0.1546644897005923 0.05542855167306364 0.05699625705669115
6 0.6496003026316193 0.2027609753889378 0.10144784055753972 0.07495078821049117
6 0.6944600143356715 0.2847345085097423 0.06465378106967253 0.06427568787761513
6 0.7424963733025514 0.2986145233796675 0.06067900651518014 0.08267062208470903
6 0.7072985683980139 0.38733659113436214 0.06671240707929818 0.06737330274128119
6 0.7421679146665499 0.5060761482974916 0.07083559565958054 0.07459312263254794
6 0.7500195105185139 0.4523805421783858 0.06258328193798406 0.05912889268608
6 0.6940454755647117 0.4773395760505173 0.06866417499035499 0.052028294654127796
6 0.830299648165788 0.48405413869203656 0.07699960056639328 0.08183678689567749
6 0.845804305242242 0.43044794896741645 0.05541667855100059 0.05494707672882224
6 0.7991917004216914 0.3981431944255687 0.10546417103925325 0.06372798515093826
6 0.7983846682884794 0.34690772513588175 0.0891613866711349 0.06763559083177297
6 0.8836725421097423 0.5384650759670289 0.11062557746589573 0.07403349771993957
6 0.790619832905641 0.5916774746428266 0.055392932306874254 0.05084871607308477
6 0.8316380025113271 0.6269904276538546 0.08197697360105663 0.060380004382711815
6 0.8266669062047793 0.7375805933361498 0.0820244660893093 0.06857672569418723
6 0.721751867060948 0.768627198349146 0.08512130994529482 0.07476003323558805
6 0.6949570778501442 0.7227229592198466 0.0441150134616717 0.041496260552428874
6 0.6453158996254714 0.6960176840218439 0.08197697360105663 0.060380004382711815
6 0.6735519124986153 0.6384621609656291 0.07482817989716774 0.05927195891725733
6 0.701417230474369 0.6049785456689076 0.07895730503848185 0.06751636897245852
6 0.7696661863595965 0.6733943218530205 0.07275174420444774 0.053100573561788
6 0.7241600698372691 0.6559580468741535 0.04000963456448415 0.037350211152965385
6 0.7489344805180689 0.6173157141999654 0.04309460529840616 0.04148433836649737
6 0.6165700228377787 0.8416760389904879 0.052325771256046816 0.04978835935135584
6 0.6108505796741671 0.7350590510116505 0.04515323130803182 0.04458195323016365
6 0.56695818725118 0.7319849216067624 0.06156287377471875 0.05911697050014873
6 0.6628854594396661 0.7346424923302194 0.07277549044857384 0.057198934217525706
6 0.6930917302411294 0.8410333176894443 0.04623894164264435 0.05586436721937361
6 0.6508516495641876 0.8589811699241092 0.04924080052212457 0.04565423213782385
6 0.32540606731973476 0.6902308984044689 0.06055433873351673 0.06115422864208608
6 0.47454000974329075 0.7186108818127541 0.04515916786906334 0.04560654339409808
6 0.432356666563233 0.8344011336101911 0.061568810335750394 0.06014156066408315
6 0.3192407017445865 0.33055206211975957 0.053363989102406924 0.05287405202909062
6 0.45519473784648384 0.1974160284771954 0.050267145246421396 0.046690744487689666