6 0.4870569345706566 0.3425235563938749 0.11979900633186527 0.12343685743960353
6 0.7169976326741816 0.4776013474246033 0.10753548352347378 0.11279279596523543
6 0.8316060045047 0.5358273840056298 0.10640556395394847 0.10266519944452197
6 0.5697373785489249 0.6150475520985137 0.10440482722008035 0.10458742575793377
6 0.7251558128992517 0.7424875583694232 0.08806916665163009 0.09173942981361541
6 0.5812378534005391 0.8626323365111589 0.09621344217174763 0.09614729875351664
6 0.6685466698020707 0.7945354714671528 0.14071252298105208 0.09518896501974713
6 0.45144105209035945 0.7612362881901551 0.09413026376350342 0.09101307345402497
6 0.43463571445502563 0.8830491545952553 0.09922632465460383 0.09427202379952787
6 0.4750564142594278 0.8322564955063604 0.08803383450546871 0.08871523626522831
6 0.26102008406412636 0.4982489025866606 0.1025454190708568 0.11860642626489407
6 0.34663402111137015 0.4151014968398537 0.10951266549323456 0.1088544406195657