6 0.49459304636226126 0.4131728675922932 0.05269175994951655 0.05525852512668967
6 0.4407476551818235 0.4005250694552788 0.05375111775110204 0.05310358497987248
6 0.4023516751975364 0.4104377377215307 0.05811475344192424 0.05535338960999515
6 0.3695305140210579 0.4800476366484598 0.05598341739030529 0.0585763133818904
6 0.3439726522062525 0.42776662196731735 0.07701988790868809 0.0958933201575818
6 0.28327260650260455 0.38534135686244353 0.04834074470714221 0.054095677018306004
6 0.3556756898834606 0.3612440858296277 0.05047208075876116 0.050872753246410884
6 0.37627006477213765 0.3130480273882144 0.05494930048561575 0.06290516657218573
6 0.31561457057208236 0.3211757269925407 0.05501240272785599 0.06833994918088138
6 0.4346743286603176 0.29789305618590595 0.05266651905262048 0.053084612083211406
6 0.4743761451249514 0.3537317710365409 0.07350106239583469 0.07301031451107673
6 0.43801205734079723 0.5386444393027928 0.060359673529575705 0.061913074533752076
6 0.4373190724782292 0.6191076812564802 0.049412722957175796 0.053027693393227826
6 0.3437162126172152 0.6859757145703443 0.047205664214868624 0.049728878034688534
6 0.38076256448561213 0.6532559322442317 0.06787614172825841 0.05552414567994516
6 0.3115868965012311 0.5348765208942464 0.0614064108827131 0.05867117786519588
6 0.21690574816595953 0.6023070053656412 0.05822833747795663 0.06513599830564733
6 0.1939584195097738 0.5412829062689329 0.04501122592100942 0.04751701919788789
6 0.14483596686690273 0.5149627735752045 0.05608438097788952 0.06727196555580343
6 0.16033509998879625 0.44837383229920097 0.05815261478726841 0.05861425917521254
6 0.2015814016522157 0.45037025353042676 0.04499860547256133 0.046430062676148756
6 0.1679900131863828 0.4069271877481557 0.046095824619490924 0.04753599209454908
6 0.11701349442372483 0.3610702970081146 0.07115517872059912 0.05775497741340676
6 0.05198136415037466 0.3192644017507547 0.04716780286952447 0.04646800846947102
6 0.05730932434539768 0.26426874647129256 0.03961347332549763 0.04959606775806067
6 0.19547614407556507 0.29827223207359294 0.055882453802721055 0.04988066120797723
6 0.17300877239442902 0.32530109768608484 0.04719304376642053 0.048641921512949285
6 0.24601725736676594 0.30662912281363414 0.04166908668642842 0.03985140485573076
6 0.24831303918223394 0.36420935912081637 0.041694327583324496 0.04202531789920902
6 0.2349255515712383 0.3323718164894453 0.04063496978173901 0.04418025804602621
6 0.272734680702692 0.2719156699623238 0.04501122592100937 0.04751701919788795
6 0.22687864460371368 0.24662557510035116 0.05276748264020471 0.06178026425712439
6 0.1518330970090934 0.2299999223612718 0.06684202482356895 0.05985299887024049
6 0.11180352881883532 0.19264895482853264 0.05368801550886186 0.04766880237117683
6 0.16194709798392323 0.1667667151337912 0.043914006774079764 0.046411089779487685
6 0.13776410518190407 0.1394667275559877 0.04608320417104292 0.04644903557280995
6 0.2405237116058203 0.16049987577803493 0.049412722957175796 0.05302769339322807
6 0.26290350001586926 0.21935954827959542 0.04718042331797249 0.047554964991210154
6 0.20983981677116034 0.1806058207241808 0.05375111775110204 0.05310358497987248
6 0.129630754745366 0.2798548749302855 0.08224095422592737 0.0785968802930612
6 0.08938739879954051 0.31752288029420744 0.0417195684802206 0.04419923094268716
6 0.04582752445005472 0.39656163862253013 0.07242908414580117 0.07407829813615466
6 0.2623519996244015 0.6390196301542054 0.07347582149893862 0.07083640146759847
6 0.396368971419314 0.5959061214030108 0.08989624735753836 0.08416447317838446
6 0.3105030576707986 0.6283927275571339 0.059312936176438194 0.06515497120230827
6 0.45980613470008636 0.6872064841928233 0.08341389606354518 0.0862245488418963
6 0.5166012914111423 0.5334645564687758 0.11182800984768224 0.10519610502465011
6 0.6290268728899833 0.4526775409416032 0.07124352185973512 0.06536367306558068
6 0.5843812600399423 0.3914894215172475 0.0831993484399285 0.06774628797233108
6 0.5472205642674639 0.3209293613814815 0.07690630387265582 0.08611071146192963
6 0.534810021609117 0.23308509853555356 0.05714373877947507 0.06511702540898626
6 0.433431594422211 0.23757645567771482 0.10182683304083555 0.08437317504165674
6 0.5874761607277129 0.23759969565618558 0.07125614230818347 0.06645062958731968
6 0.6348269600997338 0.2981969045780189 0.05720684102171507 0.07055180801768178
6 0.6000444589916603 0.3390309150238527 0.04609582461949111 0.04753599209454908
6 0.6589472305935373 0.3668107264302399 0.05267913950106858 0.05417156860495054
6 0.6578314607079604 0.41086092490566634 0.0548483368980317 0.05420951439827268
6 0.7148103737895618 0.3663771005130625 0.07150855127714396 0.08818976002210241
6 0.670737471607808 0.16765103529538464 0.06030919173578356 0.057565248446795614
6 0.6050557681734088 0.11661549605157275 0.05816523523571639 0.05970121569695167
6 0.4972391612620777 0.12719895144326582 0.0713066241019755 0.07079845567427626
6 0.43636911943840584 0.1168483901780269 0.05605914008099351 0.06509805251232512
6 0.3948143766560588 0.18171876793041875 0.051594540802586894 0.05415259570828934
6 0.40964538587825583 0.1510183647684676 0.05376373819955014 0.05419054150161161
6 0.3226317711890188 0.17808916121055618 0.08984576556374621 0.07981664709142806
6 0.35045979398837157 0.2390278822722894 0.04277892628180606 0.04204429079587009
6 0.310405364835242 0.24625161857918512 0.041706948031772474 0.04311227442094815
6 0.2248786834587253 0.12109158328781214 0.05600865828720136 0.0607502264253686
6 0.19172863075454896 0.0689433788832975 0.06247838913274662 0.05760319424011783
6 0.19861521633290383 0.14818685403861795 0.04608320417104289 0.04644903557280995
6 0.08705930599490333 0.16372801891645103 0.04390138632563176 0.045324133257748554
6 0.11216245173155508 0.13012998193187153 0.03953775063480944 0.043074328627625884
6 0.07062663962188005 0.19663079446687207 0.04074855381777131 0.05396286674167832
6 0.2435845502884924 0.4708354491828872 0.0691500471534604 0.07184746640269318
6 0.32669593552330933 0.5748377780936694 0.06687988616891305 0.06311386843545788
6 0.5844458820182806 0.5839186716583957 0.08000865458672406 0.0731241518910434
6 0.5889676532487278 0.6463522665200818 0.05708063653723507 0.05968224280029072
6 0.6143413787589632 0.5426265609866674 0.05158192035413867 0.05306563918655021
6 0.637943830932373 0.519926548564471 0.05375111775110204 0.05310358497987248
6 0.7174283569744792 0.49842334500770574 0.09457539425956153 0.11358819085198553
6 0.09117319225493689 0.4713272281202944 0.09144780264859716 0.12440083737939349
6 0.2422672331617714 0.5442429601936007 0.06933935388018089 0.08815181422878002
6 0.27097161726021324 0.5872279257499772 0.06039753487491976 0.06517394409896947
6 0.5751224100873821 0.1546467371580837 0.05271700084641263 0.05743243817016787