6 0.3651557677278981 0.6146983843437032 0.07563681945042014 0.07608275069142585
6 0.3623399219874549 0.5358943631599338 0.06624531006504294 0.06874966095335822
6 0.692733411540965 0.5024538037625831 0.06507644767607092 0.06360882584584983
6 0.7084145955483225 0.45404768602795703 0.06813767216586683 0.06366247870935883
6 0.5958212594356647 0.39764908692135903 0.06762200837000429 0.0810626272084077
6 0.5109789276589376 0.40425643363144315 0.07911371577219473 0.0904806658500167
6 0.5483292772962347 0.4527571585625166 0.06908777921038962 0.09644936395526046
6 0.47654987544019706 0.483713231321237 0.0568834915248071 0.06244116137922524
6 0.45247967734791955 0.4344677155663245 0.09433076568575033 0.08767515967575784
6 0.3516804168030955 0.3758142668217404 0.08196710434600131 0.0833621875659846
6 0.23269195439034399 0.3113351942746029 0.058775853625631 0.05735397913522562
6 0.1396863573074944 0.31808561528737733 0.06099481502300969 0.06353728869450469
6 0.1795971130612957 0.3486202437739257 0.06519521105663627 0.06770718650158765
6 0.24435002888104942 0.4017610437530916 0.0805904060410399 0.0710492213109351
6 0.30257813559168434 0.4161015496615214 0.052356496194625735 0.047000771768863595
6 0.32025866709809797 0.4746756826188614 0.05370350365444572 0.05828914785997865
6 0.26038817819634835 0.5346090214517594 0.05781482715264837 0.0593852751752581
6 0.299159762406319 0.5692598948818818 0.057844517997789675 0.06040986533919253
6 0.28746261136213136 0.4977800212922619 0.05151423310220851 0.053130428464633894
6 0.2178061049336996 0.4554778973296708 0.0546051484371458 0.054208671492077205
6 0.19354052407401112 0.500962261019102 0.07323971298219337 0.06375190014854022
6 0.5276772690016948 0.5847120853773893 0.07229745792589237 0.10162596763844148
6 0.6320612698203991 0.5900510770217106 0.06963313385139354 0.0800738056201458
6 0.5920645089714114 0.6680693530487025 0.06942529793540421 0.0729016744726048
6 0.43661948971584064 0.6298309846741956 0.08368132137597713 0.07212746433837842
6 0.45755509475934236 0.5408820183128146 0.08496894714551449 0.08136666010162463
6 0.4732245007843666 0.5984673296818929 0.06942529793540421 0.0729016744726048
6 0.3951851151514901 0.6694718402732373 0.05583339251640043 0.06139868692745444
6 0.4433239776159263 0.7152233047721935 0.06414511204822959 0.06666471204981708
6 0.6861647413303797 0.6587395723382556 0.05583339251640043 0.06139868692745444
6 0.718985028197258 0.6172015528579538 0.055744319980976335 0.058324916435651165
6 0.739753407598371 0.5692183087661135 0.054723911817711024 0.058307032147815026
6 0.7963657555227951 0.5513289352301995 0.1099041057410021 0.09716473546871186
6 0.8471322577822402 0.5064041702209591 0.0619261506508509 0.06048140249053778
6 0.8185741409132635 0.4536530681875395 0.08367040194751757 0.10694564562431277
6 0.7604335730179338 0.3834992247764379 0.0693362253999801 0.06982790398080164
6 0.7669756198236154 0.33371718038643683 0.08659409164006644 0.06705816638221518
6 0.6710127162089645 0.33693518868894956 0.07245683158005899 0.07193073717217927
6 0.5752209642308133 0.2638569983540201 0.0797481429486225 0.07717887800670553
6 0.6279407440014837 0.27470980227177905 0.06417480289337107 0.06768930221375127
6 0.5828013320625686 0.3190239086159526 0.05820080813948584 0.07270494730640564
6 0.6309449790749891 0.1886352863573691 0.08706914516232785 0.08345160900516599
6 0.6859134110881796 0.19228019055191442 0.059855643479178926 0.05942104375093073
6 0.6975902569955668 0.24686326858053448 0.07352570200514724 0.10881598307381861
6 0.7444899559522887 0.264986567228934 0.0751211556545576 0.09348289919047484
6 0.6013016126382347 0.12054215829668746 0.08288752054538297 0.11512448264795182
6 0.515668547471151 0.18963162071893527 0.055744319980976335 0.058324916435651165
6 0.4997913055301372 0.13921844049739807 0.06675005443244582 0.08616769374024358
6 0.3956839080260457 0.10673675165273253 0.07494301058370952 0.08733535820686829
6 0.3253030433318886 0.19501622072827193 0.08115453209872533 0.09051643442568932
6 0.3572786748323574 0.2354185879309696 0.045213639051768596 0.04687558175400957
6 0.361782972751746 0.29115144613837807 0.06675005443244582 0.08616769374024358
6 0.4262319866857377 0.2843894901030526 0.06552181035319095 0.07897767830486634
6 0.4684992386341647 0.2687996769247155 0.07383352988502023 0.08424370342722874
6 0.4322622956896679 0.1818768208461011 0.059339979683316495 0.07682119224997971
6 0.4303417764638215 0.23055379577690446 0.039992834854876716 0.04268779965909047
6 0.475506953253767 0.22054557563669794 0.04416354004336192 0.04583310730223889
6 0.2165771856881995 0.2691187353645411 0.053644121964163106 0.056239967532109685
6 0.31226894570246716 0.3104525149053396 0.04833424523184724 0.04897841494538731
6 0.29778631492922314 0.3526932073685229 0.06414511204822972 0.06666471204981685
6 0.33357722003035445 0.2614357385056467 0.062401204173112415 0.0768748451134886
6 0.2472121279969514 0.19740895891168242 0.05961811671804823 0.05122432243945532
6 0.2141043183870006 0.23127149430639438 0.04944372593053653 0.05207006972502684
6 0.24082381174357825 0.593835930915124 0.06510613852121223 0.06463341600978437
6 0.27320505420143953 0.4442662441471669 0.04935465339511255 0.04899629923322356
6 0.15029040679568217 0.4448844155855381 0.06513582936635359 0.0656580061737188
6 0.5696170630996935 0.7212023743919693 0.056735037299100274 0.05731821055955288
6 0.7464227449390856 0.6382261283850786 0.05052351578408457 0.054137134340731835