6 0.5149221789883269 0.7027431906614786 0.04310311284046693 0.0468579766536965
6 0.5129571984435798 0.5421400778210117 0.04518482490272374 0.04654669260700389
6 0.4158463035019455 0.4576945525291829 0.054883268482490276 0.054620622568093385
6 0.2434727626459144 0.649601167315175 0.043054474708171205 0.05153696498054475
6 0.30245136186770427 0.4452237354085603 0.051828793774319065 0.0591147859922179
6 0.505466926070039 0.34653696498054476 0.04967898832684825 0.04968871595330739
6 0.4875194552529183 0.4203404669260701 0.05018482490272374 0.05749027237354086
6 0.5454280155642024 0.6420719844357976 0.0497568093385214 0.05955252918287938
6 0.45765564202334635 0.5512159533073929 0.04834630350194553 0.047470817120622566
6 0.4270428015564202 0.5289591439688716 0.038754863813229574 0.04386186770428016
6 0.4599124513618677 0.7841731517509728 0.06224708171206226 0.09271400778210116
6 0.21600194552529184 0.7610992217898832 0.0432976653696498 0.04943579766536965
6 0.5513910505836577 0.8244066147859922 0.05363813229571984 0.05043774319066148
6 0.22257782101167314 0.5923151750972763 0.04169260700389105 0.04032101167315175
6 0.2059533073929961 0.5636770428015565 0.0372568093385214 0.037402723735408566
6 0.593317120622568 0.5792509727626459 0.06737354085603113 0.055029182879377435
6 0.31361867704280155 0.528910505836576 0.03589494163424124 0.04207198443579767
6 0.4830836575875487 0.5933560311284047 0.06620622568093386 0.05691634241245136
6 0.709056420233463 0.6221984435797665 0.06428988326848249 0.08828793774319067
6 0.09018482490272373 0.605398832684825 0.04704280155642023 0.04592412451361868