6 0.6522554890219561 0.6539684106614018 0.059650698602794414 0.05521224086870681
6 0.7231736526946108 0.5538499506416584 0.057924151696606786 0.0553208292201382
6 0.7190518962075848 0.4984995064165844 0.0634431137724551 0.05744323790720632
6 0.8286826347305389 0.5815498519249753 0.05852295409181637 0.09517275419545904
6 0.5994311377245509 0.5831688055281342 0.051387225548902196 0.07323790720631787
6 0.5716566866267465 0.5168410661401777 0.059720558882235535 0.08634748272458045
6 0.47248502994011976 0.7631984205330701 0.05112774451097804 0.0517670286278381
6 0.5996107784431137 0.7021520236920039 0.05467065868263473 0.056258637709772956
6 0.7262275449101796 0.6746890424481737 0.04055888223552894 0.046337611056268505
6 0.7620459081836328 0.6507897334649556 0.05993013972055888 0.09510365251727543
6 0.7011676646706587 0.7344817374136229 0.07082834331337325 0.08508390918065153
6 0.6353892215568862 0.7952023692003948 0.05595808383233533 0.057087857847976306
6 0.33875249500998006 0.7995261599210266 0.05719560878243513 0.056011846001974334
6 0.2286127744510978 0.589101678183613 0.04985029940119761 0.053849950641658435
6 0.35108782435129743 0.6343534057255676 0.0474750499001996 0.06829220138203357
6 0.40433133732534926 0.6541954590325766 0.042185628742514976 0.08124383020730504
6 0.44634730538922157 0.6765844027640672 0.06295409181636727 0.07379072063178677
6 0.361996007984032 0.5546791707798617 0.0643812375249501 0.07660414610069101
6 0.40777445109780436 0.4058144126357354 0.05644710578842316 0.055893385982230995
6 0.35323353293413173 0.35561697926949654 0.06159680638722555 0.05391905231984205
6 0.43038922155688625 0.3301579466929911 0.06483033932135727 0.06618953603158934
6 0.5045908183632735 0.3283020730503455 0.07911177644710578 0.06004935834155972
6 0.5789920159680638 0.3659427443237907 0.0463373253493014 0.04297137216189536
6 0.6788622754491018 0.4018953603158934 0.06183632734530938 0.06264560710760118
6 0.6562275449101796 0.325893385982231 0.057724550898203594 0.05628825271470879
6 0.5304690618762474 0.24754195459032577 0.0537125748502994 0.05404738400789733
6 0.500059880239521 0.40888450148075023 0.05921157684630738 0.05717670286278381
6 0.577435129740519 0.41428430404738403 0.054281437125748504 0.05340572556762093
6 0.5069860279441117 0.47678183613030606 0.04973053892215569 0.05203356367226061
6 0.4706786427145709 0.5220039486673247 0.07609780439121756 0.06897334649555775
6 0.3035329341317365 0.3842349457058243 0.0457185628742515 0.05285291214215202
6 0.1394111776447106 0.5646495557749259 0.048632734530938124 0.05441263573543929
6 0.5788922155688623 0.7867324777887463 0.06031936127744511 0.0688548864758144
6 0.5295309381237525 0.8287660414610069 0.058582834331337326 0.0746791707798618
6 0.28830339321357284 0.7205824284304048 0.06446107784431138 0.07557749259624877
6 0.3873053892215569 0.753731490621915 0.04773453093812375 0.07579466929911155
6 0.7833532934131736 0.4473543928923988 0.046477045908183634 0.05185587364264561
6 0.7701397205588821 0.39489634748272456 0.044960079840319356 0.04545903257650542