6 0.3625653923541247 0.5095787362086259 0.11123742454728369 0.1116950852557673
6 0.5195271629778672 0.2911534603811434 0.10263581488933601 0.10025075225677031
6 0.5883098591549295 0.18188565697091275 0.09290744466800804 0.09922768304914745
6 0.6419818913480885 0.4453159478435306 0.09411468812877263 0.09700100300902707
6 0.7843863179074446 0.29986960882647945 0.08310865191146881 0.08251755265797392
6 0.8895171026156942 0.4500902708124373 0.08641851106639839 0.08983951855566699
6 0.8304929577464789 0.35929789368104315 0.08193158953722333 0.13462387161484454
6 0.7758752515090543 0.5712738214643931 0.08232394366197184 0.0885456369107322
6 0.895543259557344 0.5958976930792377 0.08447686116700201 0.09303911735205618
6 0.8485814889336016 0.5526980942828486 0.08078470824949698 0.08191574724172518
6 0.4952515090543259 0.742026078234704 0.10883299798792757 0.09432296890672016
6 0.42083501006036217 0.6522868605817452 0.09880281690140845 0.10203610832497492