7 0.5532672983077548 0.40387324975664185 0.030256844116281302 0.030354220974695853
7 0.846470099746621 0.3169540790551033 0.04304799813891169 0.05521393429121677
7 0.48962241455362776 0.3983383514411081 0.031324752806802754 0.03251566260164725
7 0.43475617002809486 0.48056090224948056 0.022900234600771043 0.020612060620518357
7 0.4457075317922899 0.49288418228404896 0.024964801190929725 0.021702185253731493
7 0.4139913262219951 0.5200150484577927 0.022971485391655375 0.02384481924120801
7 0.493037760065986 0.49798059490666813 0.024941050927301537 0.02062459904683494
7 0.5125680167497956 0.49139596261528007 0.023920642764036347 0.02061832983367665
7 0.45965988921446665 0.5542125578797771 0.021927326964761996 0.022760963821153172
7 0.4413277410847614 0.5758739932479794 0.01568612666702945 0.017335417507720174
7 0.4558980319476413 0.5860201586227005 0.022923984864399116 0.02168964682741491
7 0.45755884405612196 0.6032489995067286 0.024917300663673467 0.01954701283993839
7 0.4913989918756458 0.5723340431825302 0.020811917746984168 0.018444349780408674
7 0.47503683586795875 0.5740507299034088 0.01884235221133789 0.0216645699747815
7 0.5187248113657138 0.5592368745510752 0.020811917746984168 0.018444349780408428
7 0.5332124028922671 0.5499896228082375 0.021808575646621284 0.017373032786670288
7 0.503573065630317 0.552326602403623 0.023920642764036232 0.02061832983367665
7 0.5150571019806571 0.6330640681498056 0.03222640965192747 0.027134000780322777
7 0.532308613115283 0.6604328051953965 0.030233093852653114 0.0292766347677993
7 0.4604287866777772 0.6813457880475159 0.027148119099229005 0.02818024092142763
7 0.4765530134628112 0.7135699322372996 0.03533513466897965 0.029307980833591245
7 0.41142501799104253 0.7058892653277103 0.030185593325396852 0.027121462354006195
7 0.42737325073072513 0.6303704618607346 0.019862760374603196 0.021670839187939793
7 0.44088921438038503 0.5494794003921722 0.01777444352081632 0.019503128347830107
7 0.43000867682070254 0.5570883305786108 0.018794851684081744 0.019509397560988396
7 0.43384093170566845 0.5683779088983911 0.02078816748335598 0.01736676357351212
7 0.48486091328256187 0.5912294170821701 0.020764417219727906 0.01628917736661557
7 0.5032757607485937 0.5889613988315265 0.021832325910249476 0.018450618993566963
7 0.4862023765911787 0.5535107652342116 0.020859418274240312 0.020599522194201775
7 0.4751322635088431 0.5465754162341259 0.02285273407351478 0.018456888206725256
7 0.41140340065927394 0.5911420073261234 0.018771101420453556 0.018431811354091845
7 0.4084732292058045 0.5620691219859708 0.018747351156825368 0.01735422514719529
7 0.41815565821138284 0.539383388722718 0.019744009056462602 0.016282908153457034
7 0.6286443164212013 0.5483258651710345 0.03870511258594109 0.04333540916272129
7 0.6135527995176187 0.49239168982294756 0.03853886074054423 0.03579230571444543
7 0.6110615813548975 0.4665484284969054 0.03623679151410447 0.023926319012266654
7 0.5405592702078229 0.4249614113490249 0.02907018410761914 0.022804848313261575
7 0.5446998519335824 0.44540733782084674 0.03122975175229023 0.028205317774061038
7 0.46228471993174575 0.41197431317601146 0.029117684634875286 0.02496002072705468
7 0.6261310543403398 0.4309003146851022 0.03329431834244903 0.029295442407274417
7 0.7297029094981403 0.40709902070783227 0.054272487934830055 0.05528289563595871
7 0.42998791266167774 0.39601113489363066 0.026032709881451177 0.023863626880683133
7 0.501913533280952 0.46560285499450477 0.02517855356358273 0.03140046111580058
7 0.5613317232820176 0.6166181604542313 0.02396814329129261 0.022773502247469754
7 0.5736245483548295 0.5912227886408413 0.027171869362857197 0.02925782712832418
7 0.5059731220158727 0.37399548898198115 0.024015643818548753 0.024928674661262855
7 0.5994316307318135 0.5775962307256756 0.04072217864884351 0.042270361382141325
7 0.5548191012980493 0.5417760727801878 0.0187473511568256 0.01735422514719529
7 0.5432269090022671 0.5353826514901295 0.019767759320090676 0.017360494360353584
7 0.5250614393043307 0.5263360145683593 0.0351451325599546 0.020687291178418585
7 0.5285501685394327 0.5069206552047464 0.021808575646621284 0.017373032786670288
7 0.5479616739051016 0.505723953947841 0.021903576701133808 0.021683377614256618
7 0.5751687420770291 0.4980147163508687 0.025961459090566845 0.020630868259993475
7 0.5218449849282082 0.5796890702360554 0.023968143291292494 0.022773502247469754
7 0.44800661491412647 0.643172977473747 0.024988551454557917 0.022779771460628043
7 0.46835540252036223 0.6457415587278214 0.030090592270884446 0.02281111752641999
7 0.41325336170403576 0.6460800962383725 0.016730285093922943 0.018419272927775017
7 0.38201258799267523 0.6284942694324884 0.018771101420453556 0.018431811354091845
7 0.3998230834953057 0.584209792932617 0.01775069325718825 0.01842554214093331
7 0.3633610910631061 0.5952082120687042 0.015662376403401377 0.016257831300823623
7 0.350072034677029 0.5963672980466593 0.016730285093922943 0.018419272927775017
7 0.30403491601194965 0.6020373436732682 0.019791509583718864 0.018438080567250135
7 0.32739700099435326 0.6299072585433572 0.02078816748335598 0.017366763573511877
7 0.3083888235239904 0.6359499631247177 0.021832325910249476 0.018450618993566963
7 0.3015674481128567 0.5751164961403294 0.020835668010612242 0.019521935987305224
7 0.38799424173598596 0.5422622960281309 0.01775069325718825 0.01842554214093343
7 0.3261289214084803 0.5485683075621426 0.018818601947709703 0.020586983767884825
7 0.36126132566387703 0.5747497471705655 0.01775069325718825 0.01842554214093331
7 0.38009094957065714 0.5999539079826257 0.01879485168408163 0.019509397560988153