7 0.39648033126293997 0.6606214904156567 0.043478260869565216 0.05135255310006528
7 0.41563146997929606 0.589308849272719 0.036231884057971016 0.03826480874280798
7 0.33281573498964806 0.5463364866475846 0.049689440993788817 0.05356440851187595
7 0.5010351966873706 0.5235697504038018 0.037267080745341616 0.03827113247086355
7 0.4508281573498965 0.5434416686057923 0.032091097308488616 0.0328047312218908
7 0.5667701863354038 0.4405594980201108 0.032091097308488616 0.032804731221890926
7 0.4699792960662526 0.7210420709411155 0.033126293995859216 0.03498496799342438
7 0.4384057971014493 0.7380827707337613 0.034161490683229816 0.036078248243219084
7 0.4337474120082816 0.6739807927274017 0.043478260869565216 0.06983081396963074
7 0.46790890269151136 0.6645329792667916 0.031055900621118012 0.03171145097209635
7 0.5031055900621118 0.6632310159911692 0.040372670807453416 0.03611619061155125
7 0.4746376811594203 0.6346005706866055 0.028985507246376812 0.02843793395076832
7 0.4363354037267081 0.6179867225376983 0.033126293995859216 0.03498496799342438
7 0.520703933747412 0.716384382179445 0.031055900621118012 0.03388536401557461
7 0.4813664596273292 0.8410812055846802 0.035196687370600416 0.03934544153649179
7 0.5165631469979296 0.8642357640481884 0.032091097308488616 0.0328047312218908
7 0.44306418219461696 0.8315325748270773 0.044513457556935816 0.04048931161072954
7 0.40062111801242234 0.8926614128947394 0.039337474120082816 0.04371856253566984
7 0.37318840579710144 0.8091333395142941 0.062111801242236024 0.05907507585723618
7 0.3504140786749482 0.8826420267489039 0.057971014492753624 0.05904978094501466
7 0.5476190476190477 0.7993721391630486 0.028985507246376812 0.02843793395076832
7 0.5300207039337475 0.8304579034095552 0.040372670807453416 0.04481184278546429
7 0.5652173913043478 0.7661124618730635 0.030020703933747412 0.02844425767882364
7 0.3830227743271222 0.5123341336629853 0.032091097308488616 0.03389168774363006
7 0.29606625258799174 0.5329740224718117 0.039337474120082816 0.042631606013930706