7 0.4258970174064875 0.553430275791486 0.0320184421723906 0.03217521612381614
7 0.12775222461544375 0.5248730805668871 0.046724105001212164 0.05784840334913963
7 0.48312096410745275 0.5829336889371006 0.03206546289634113 0.03430741228586305
7 0.559171152557464 0.5270221068682965 0.023702530471829426 0.02146461629600419
7 0.5522528405621778 0.5110709511047264 0.025769753215982204 0.02360921721244557
7 0.5898377489162743 0.497512135947039 0.02379657191973071 0.025729008620098005
7 0.5098281758605167 0.48840724101640515 0.02574624285400671 0.022543119131422117
7 0.48959089011553353 0.48693214143881364 0.024712631481930435 0.021470818673201428
7 0.5574431409522788 0.44866389791307265 0.023773061557755333 0.024662910539074552
7 0.5808866351649611 0.4351919160361458 0.01656129231519645 0.018222905412553534
7 0.5699396743102585 0.4197986188218761 0.023726040833804807 0.022530714377027646
7 0.5741207182450957 0.40324618786862526 0.02572273249203145 0.021477021050398542
7 0.5335642827656345 0.4194888553604629 0.02165881808965203 0.020386113460586504
7 0.549326645051089 0.4241901598785121 0.020695737803501774 0.02251210724543618
7 0.5038133236916053 0.42180402164982667 0.02165881808965203 0.020386113460586504
7 0.487722238615915 0.4251015539280518 0.0216117973657015 0.018253917298539597
7 0.5162049049755334 0.43398972105523015 0.024712631481930435 0.021470818673201428
7 0.5290998476548375 0.3544754795496237 0.03295801209656571 0.028983124257943013
7 0.5213120745438835 0.3220029047187886 0.031994931810415454 0.031109118042792684
7 0.594215674985971 0.3295520691682675 0.028941118418137048 0.030024412830177764
7 0.588870868133356 0.29333264511085744 0.03603533585081949 0.03113392755158151
7 0.6466468860633223 0.3249651532299203 0.03093781007636369 0.02897071950354866
7 0.6096736693980025 0.3891667284248205 0.021705838813602784 0.022518309622633414
7 0.5738633710956232 0.46029173876917584 0.018628515059348996 0.02036750632899492
7 0.5859140521309094 0.45701901599973926 0.019638616069450006 0.020373708706192033
7 0.5856436829681932 0.44475888806796954 0.021635307727676648 0.01932001537956305
7 0.544839544133154 0.4039591058478552 0.02060169635560049 0.01824771492134236
7 0.5270569798274976 0.39927020608420033 0.02266891909975304 0.02039231583778362
7 0.532977368271089 0.4386848231960822 0.021705838813602784 0.022518309622633414
7 0.5407999846475873 0.4498323352178496 0.02365550974787867 0.019332420133957282
7 0.6131393364022675 0.43179514572276567 0.019615105707474628 0.01930761062516858
7 0.6071967044289566 0.46008706032166885 0.01959159534549948 0.018241512544145123
7 0.5919280597449835 0.47777381550511216 0.019568084983524102 0.01717541446312167
7 0.39806926296282863 0.39099917548814145 0.04038137459690231 0.04501801211367512
7 0.3958034689741417 0.44859018018359814 0.040240312425050495 0.038621423627534394
7 0.39080040692500595 0.4736775981622338 0.0369513954130191 0.02687573760468481
7 0.443761445701639 0.53892630890812 0.029833667618361395 0.02470012480225773
7 0.44633329667342353 0.5181187891965711 0.031971421448439966 0.03004301996176923
7 0.5133652185055448 0.5800823724186266 0.02988068834231192 0.02683232096430464
7 0.36615915108383884 0.5015512076987731 0.034015133830617245 0.03112152279718716
7 0.26274092708094315 0.48459323183599856 0.05682511510222232 0.0579104271211115
7 0.53871220748339 0.6071159152433936 0.02783697596013452 0.025753818128886954
7 0.4917290662230307 0.5151744370201393 0.026967937121885555 0.03214420423783032
7 0.48106127377010127 0.35210484726393115 0.02576975321598209 0.02360921721244557
7 0.46228078591275 0.370879408848588 0.02896462878011231 0.031090510911201217
7 0.4612631524958479 0.5995946614913021 0.02480667292983172 0.025735210997295123
7 0.43406848871584763 0.3742513696531794 0.04240157661710433 0.04503041686806947
7 0.46498321070765464 0.4247080583744767 0.01959159534549948 0.018241512544145123
7 0.4737924177322787 0.4347832699380235 0.02060169635560049 0.01824771492134224
7 0.4882629769413472 0.4496218097915913 0.03587076331699219 0.02367124098441721
7 0.4790431831369925 0.46673830167133973 0.0216117973657015 0.018253917298539597
7 0.4607203027833225 0.4604533559747483 0.02374955119578007 0.0235968124580511
7 0.43337704442466923 0.4574225259160018 0.026756343864107836 0.022549321508619234
7 0.5069019803494279 0.40152644979019086 0.02576975321598209 0.02360921721244557
7 0.5945922630549948 0.36953384839524567 0.025769753215982204 0.02360921721244557
7 0.576187096434411 0.35951755941507213 0.030843768628462404 0.024706327179454843
7 0.6276556495030307 0.3799932519465718 0.01759490368727261 0.019295205870774348
7 0.6515109973276996 0.4081021964181582 0.019615105707474628 0.01930761062516858
7 0.6219602986078792 0.4424034063268242 0.018605004697373848 0.019301408247971462
7 0.6594163222485301 0.44590526165411054 0.01653778195322107 0.01715680733153008
7 0.672136626322694 0.45009212426323963 0.01759490368727261 0.019295205870774226
7 0.7163463894248039 0.462082448786932 0.020625206717575638 0.019313813002365815
7 0.7029560400343438 0.42751179086863456 0.021635307727676648 0.01932001537956305
7 0.7221714695882383 0.4284600437829115 0.02266891909975304 0.02039231583778362
7 0.7103567367275425 0.4882421672237883 0.021682328451627406 0.02145221154160984
7 0.6209157766096526 0.48665888144369185 0.01860500469737362 0.019301408247971462
7 0.6798895561681036 0.5038897619031424 0.019662126431425387 0.021439806787215486
7 0.6548125140755559 0.46619213707954216 0.01860500469737362 0.019301408247971462
7 0.6445347539823124 0.4353342153132352 0.019638616069450006 0.020373708706192033