7 0.5523589029619169 0.3229715084875116 0.05381042837601505 0.05754836340091727
7 0.5243170769397264 0.48192089557123324 0.05049515121145039 0.046176909560663115
7 0.518447817598202 0.5287481236373313 0.03657871251540404 0.038001665393166795
7 0.6201116455706275 0.5368555429819521 0.03550250394788391 0.03685069812514835
7 0.4756645006974679 0.3611327163978106 0.04409979370775981 0.04492721454983807
7 0.5138881003561759 0.35505622582927643 0.045176002275280173 0.04607818181785651
7 0.5070656749326095 0.3147793814971844 0.03659109129569036 0.039132887112623804
7 0.46238668716224046 0.5571133742694631 0.0366406064168353 0.043657773990451856
7 0.4340881148746443 0.30381142680534856 0.041972134133291844 0.04488772345271548
7 0.39371396137435655 0.5507492886497006 0.03443867416064962 0.036830952576587056
7 0.6455449028806465 0.5769123235541389 0.03659109129569012 0.03913288711262368
7 0.7481309499843984 0.6692957609983071 0.03874350843073086 0.04143482164866042
7 0.831048897463299 0.8110777886759187 0.03875588721101694 0.04256604336811744
7 0.6908690778606698 0.5879325048431085 0.03335008681284317 0.034548763589111735
7 0.5894276952747048 0.5515544152863432 0.046140801820224335 0.0370481536107617
7 0.5030597946828593 0.580488139503934 0.04428547541205373 0.06189554034169328
7 0.4674590058100699 0.6318529899478712 0.02368896726573299 0.02645250161586059
7 0.4527568872245381 0.6004778277572255 0.025829005620487278 0.0276232144324402
7 0.5142208367891363 0.1910685676051321 0.06224679399216992 0.05091899747266581
7 0.4769504032124703 0.28424913057185625 0.03763016352235175 0.03689018922227107
7 0.5772519658436467 0.8968464673520408 0.02367658848544666 0.02532127989640358
7 0.7055359233988036 0.859077307687238 0.02367658848544666 0.02532127989640358
7 0.789503458591191 0.7565845533820994 0.048392249197554714 0.04839986190245455
7 0.731523244552167 0.5609777763360231 0.04408741492747372 0.043795992830381186
7 0.688728294188531 0.4894964697017871 0.09758837379633231 0.07306381324487299
7 0.7114350117149671 0.6691801504326698 0.039782580657392486 0.03919212375830782