7 0.6966718030340924 0.6446377813321927 0.050886618699333905 0.04754569265360963
7 0.6259966427338461 0.6228522325171263 0.0378049079457157 0.04011419786504851
7 0.5894804787610892 0.7120167036795546 0.05221619270081487 0.05433090316850107
7 0.5552063113180845 0.5294646875677635 0.037848440934566435 0.04123527409823262
7 0.578107461621834 0.583861494401866 0.03228889564843193 0.035336127353372375
7 0.4686615111362349 0.45590637963758573 0.03228889564843193 0.035336127353372375
7 0.7506737810005243 0.5665030461210299 0.034469180774035046 0.036574709818132566
7 0.7701203973340179 0.6005735979683525 0.03558108983126209 0.037754539167104716
7 0.7073691737273606 0.604394159652546 0.06904901186172707 0.048544495622008584
7 0.6958047789401347 0.5674010274740829 0.031176986591205127 0.03415629800440036
7 0.6916537171482652 0.5291375527563614 0.035885820753217966 0.04560207279939171
7 0.665650817586925 0.5595900209495033 0.027884792408374964 0.03173788619066827
7 0.6523260397115677 0.6008078360728636 0.034469180774035046 0.03657470981813282
7 0.7426645961707635 0.511247168558186 0.033313738727957266 0.03427380423597669
7 0.8680763417233169 0.5561791219178641 0.038829751025241034 0.03905187474765294
7 0.8884543965152459 0.5181458926300865 0.03228889564843193 0.035336127353372375
7 0.8611400537637903 0.5971889176193614 0.04028992399327469 0.04920031396209569
7 0.9242912307550235 0.6448497329879431 0.04327738725414873 0.043771192143541034
7 0.8443571062351174 0.6728957069503745 0.05808046890890574 0.0680775835456483
7 0.9178555721672821 0.6987519053710548 0.05901824601072936 0.06477310796188478
7 0.822086299150907 0.48373235615445237 0.027884792408374964 0.03173788619066815
7 0.8542999209896147 0.5034027928011449 0.04438929631137554 0.04495102149251305
7 0.7882483467152096 0.4634132517174857 0.027928325397225943 0.032858962423852
7 0.5526904395684508 0.6568561063402061 0.033357271716807996 0.035394880469160415
7 0.5787613415733955 0.7516997872426094 0.042209011185772666 0.043712439027752736