7 0.4272791164658635 0.5747775423728814 0.02616465863453815 0.026016949152542372
7 0.1325 0.6152330508474576 0.035592369477911646 0.05015889830508475
7 0.4886546184738956 0.5900741525423728 0.02570281124497992 0.028220338983050847
7 0.5509939759036144 0.5179555084745763 0.02041164658634538 0.017394067796610173
7 0.541425702811245 0.504364406779661 0.02169678714859438 0.0179978813559322
7 0.5751907630522088 0.4825529661016949 0.019307228915662653 0.020847457627118645
7 0.49614457831325304 0.49194915254237287 0.021957831325301207 0.017129237288135594
7 0.47646586345381525 0.4950635593220339 0.020742971887550202 0.016641949152542374
7 0.5347088353413655 0.4423199152542373 0.019176706827309237 0.019925847457627117
7 0.5545582329317269 0.42395127118644066 0.013453815261044177 0.014311440677966102
7 0.541726907630522 0.41180084745762713 0.020491967871485942 0.017796610169491526
7 0.5423092369477911 0.3945444915254237 0.02211847389558233 0.016345338983050847
7 0.5060542168674699 0.41940677966101697 0.01817269076305221 0.01576271186440678
7 0.5222891566265061 0.42063559322033894 0.016114457831325302 0.019184322033898304
7 0.47809236947791167 0.4286546610169491 0.017640562248995986 0.015572033898305084
7 0.46286144578313254 0.43539194915254237 0.019427710843373497 0.013252118644067796
7 0.4920180722891566 0.4373093220338983 0.021255020080321287 0.01708686440677966
7 0.48939759036144576 0.3571080508474576 0.028072289156626507 0.02260593220338983
7 0.4751606425702811 0.3271186440677966 0.02618473895582329 0.025540254237288135
7 0.5478915662650603 0.31788135593220335 0.023343373493975902 0.02385593220338983
7 0.535793172690763 0.2839300847457627 0.03131526104417671 0.023877118644067795
7 0.5977208835341365 0.301260593220339 0.025763052208835343 0.023834745762711863
7 0.5743574297188755 0.3724470338983051 0.01680722891566265 0.01933262711864407
7 0.5526807228915663 0.4495233050847458 0.014718875502008032 0.017139830508474577
7 0.5637349397590362 0.4436334745762712 0.015873493975903614 0.016483050847457627
7 0.561285140562249 0.43234110169491524 0.017570281124497992 0.01478813559322034
7 0.5142469879518072 0.4021716101694915 0.018303212851405622 0.013389830508474577
7 0.4957730923694779 0.401271186440678 0.018584337349397594 0.015625
7 0.5092670682730924 0.4384004237288136 0.017921686746987953 0.01780720338983051
7 0.5190461847389558 0.4470021186440678 0.020240963855421686 0.015180084745762712
7 0.5859839357429719 0.41314618644067796 0.015863453815261046 0.01579449152542373
7 0.5851004016064257 0.44218220338983055 0.01632530120481928 0.014576271186440677
7 0.5740261044176707 0.46316737288135595 0.01748995983935743 0.01409957627118644
7 0.3694277108433735 0.42270127118644063 0.03181726907630522 0.038241525423728814
7 0.3777911646586345 0.47920550847457627 0.03296184738955823 0.030709745762711863
7 0.37804216867469875 0.5047669491525424 0.03347389558232932 0.019502118644067798
7 0.44196787148594374 0.5560699152542372 0.026315261044176707 0.019173728813559325
7 0.4403614457831326 0.5353072033898305 0.027419678714859435 0.023315677966101695
7 0.5169879518072289 0.5804025423728814 0.02528112449799197 0.02128177966101695
7 0.35918674698795183 0.5376059322033898 0.029497991967871486 0.024258474576271186
7 0.25612449799196785 0.5448093220338982 0.046646586345381526 0.04779661016949152
7 0.5468875502008033 0.6014088983050848 0.023473895582329315 0.020381355932203388
7 0.48382530120481926 0.5220444915254238 0.020893574297188754 0.027828389830508473
7 0.4422389558232932 0.3658686440677966 0.02080321285140562 0.0186228813559322
7 0.4277309236947791 0.3888559322033898 0.02292168674698795 0.025328389830508474
7 0.4703012048192771 0.6112711864406779 0.01957831325301205 0.021684322033898303
7 0.4011546184738956 0.39832627118644065 0.03413654618473896 0.03743644067796611
7 0.4407128514056225 0.43990466101694914 0.015903614457831325 0.01489406779661017
7 0.4510642570281124 0.44816737288135594 0.017349397590361446 0.014544491525423729
7 0.46772088353413654 0.4590466101694915 0.03238955823293173 0.015370762711864407
7 0.4624899598393574 0.4775 0.019307228915662653 0.013559322033898306
7 0.4432028112449799 0.47640889830508476 0.018724899598393574 0.01867584745762712
7 0.4159437751004016 0.4795444915254237 0.022911646586345383 0.01719279661016949
7 0.4768975903614458 0.40764830508474575 0.02065261044176707 0.01885593220338983
7 0.5557429718875502 0.356864406779661 0.021736947791164658 0.01856991525423729
7 0.5358935742971888 0.3509216101694915 0.02706827309236948 0.017849576271186444
7 0.5897791164658635 0.35935381355932206 0.01391566265060241 0.01565677966101695
7 0.6185642570281125 0.38137711864406776 0.016004016064257026 0.016302966101694915
7 0.5963353413654618 0.42159957627118644 0.01536144578313253 0.015847457627118644
7 0.6330020080321286 0.41620762711864406 0.013102409638554217 0.014258474576271187
7 0.6460240963855423 0.4174364406779661 0.014467871485943775 0.015402542372881354
7 0.6912449799196787 0.4190572033898305 0.0167570281124498 0.016016949152542374
7 0.6718674698795181 0.3883792372881356 0.018524096385542168 0.015180084745762712
7 0.6909738955823294 0.38513771186440676 0.018694779116465863 0.01591101694915254
7 0.690793172690763 0.44536016949152546 0.0183433734939759 0.01731991525423729
7 0.6033232931726907 0.46455508474576274 0.015441767068273092 0.01625
7 0.6640160642570281 0.4678919491525424 0.01651606425702811 0.017669491525423728
7 0.6327610441767069 0.4367372881355932 0.015110441767068274 0.015858050847457627
7 0.6171887550200803 0.4094809322033898 0.01636546184738956 0.016588983050847456