7 0.35103049513120266 0.5678001159919396 0.05573394653352705 0.06070624991576264
7 0.5052844784833207 0.5300191640833172 0.044739283098426536 0.05552555677715763
7 0.5511628840299196 0.5219493480287865 0.035695080093391444 0.040012092753512724
7 0.5530988457151532 0.6325220823742725 0.03458040116272083 0.03879796775519746
7 0.39208436902093885 0.4817482285815927 0.04240850798934887 0.04845693555082873
7 0.38407832661355557 0.5244428252933797 0.04352318692001949 0.04967106054914412
7 0.3455847828319531 0.518240318418026 0.03678440471212783 0.04006612494440338
7 0.5813610878029771 0.45961262258039276 0.04114170318707336 0.040282253707966044
7 0.33915161855892 0.43917920254112125 0.04235779936548053 0.04613674993597967
7 0.5797411442224881 0.38436868667046614 0.0345550468507866 0.03763787494777287
7 0.5895273792657705 0.6585272152621803 0.03678440471212783 0.04006612494440338
7 0.6725799935789634 0.7668146905974491 0.03901376257346906 0.042494374941033905
7 0.8045639310407401 0.8518160629044409 0.04010308719220544 0.0425484071319247
7 0.5976964031118609 0.7079519323588672 0.032376397613314074 0.03752981056599154
7 0.5690719882675861 0.5987029866902024 0.03483394428206241 0.0503988958294434
7 0.6016267768588716 0.5032225679438718 0.05874837727039462 0.04926741841418869
7 0.6536744033892757 0.46181994592328685 0.025612261093488433 0.02676478215382621
7 0.6240729367411034 0.4470645318688357 0.026752294336092785 0.029138999959566196
7 0.2261389340527471 0.5316974465688131 0.04828615438591143 0.06844867423150028
7 0.3179849406349306 0.4865825103695822 0.034631109786589294 0.04111815337004665
7 0.9015568629455575 0.5712022867980175 0.024522936474751802 0.026710749962935678
7 0.8582093346202124 0.7124126147519232 0.02452293647475205 0.026710749962935414
7 0.7543671692815292 0.8085319099830305 0.04577789909329445 0.05325940335319923
7 0.5694998237899533 0.7533862638132683 0.04131918337061249 0.0484029033599382
7 0.5030012242175981 0.709172454544081 0.06873068981699357 0.10770431631254383
7 0.6750887042687963 0.7267104404549647 0.03686046764793027 0.043546403366677165