7 0.33464497041420116 0.44477987421383647 0.0477810650887574 0.050566037735849056
7 0.47490138067061144 0.4671593291404612 0.03761341222879684 0.04749475890985325
7 0.5163609467455622 0.47091194968553457 0.030285996055226826 0.0330188679245283
7 0.5169230769230769 0.37062893081761006 0.02923076923076923 0.03284067085953878
7 0.3727810650887574 0.5191404612159329 0.03637080867850099 0.04079664570230608
7 0.3647337278106509 0.48170859538784067 0.037485207100591715 0.041488469601677146
7 0.3302958579881657 0.48980083857442347 0.03140039447731755 0.034067085953878404
7 0.5442603550295858 0.5246855345911949 0.0354043392504931 0.03392033542976939
7 0.3252662721893491 0.5622641509433962 0.03643984220907298 0.03919287211740042
7 0.543422090729783 0.5927358490566038 0.029299802761341222 0.031184486373165617
7 0.549585798816568 0.3437945492662474 0.03185404339250493 0.03393081761006289
7 0.6240039447731756 0.23928721174004192 0.03315581854043392 0.03556603773584906
7 0.7418737672583826 0.15245283018867925 0.03428007889546351 0.03570230607966457
7 0.5565187376725838 0.29864779874213837 0.027159763313609468 0.03147798742138365
7 0.5315187376725838 0.39982180293501046 0.030059171597633137 0.04294549266247379
7 0.5619921104536489 0.48356394129979036 0.051321499013806705 0.039528301886792454
7 0.6092504930966469 0.5166247379454927 0.022120315581854042 0.02159329140461216
7 0.5829684418145956 0.5322536687631028 0.022258382642998027 0.023658280922431867
7 0.22262327416173572 0.48745283018867924 0.040867850098619325 0.058647798742138366
7 0.3058284023668639 0.5211844863731656 0.029990138067061144 0.03446540880503145
7 0.8330078895463511 0.3989832285115304 0.020739644970414202 0.02150943396226415
7 0.7920315581854044 0.2741090146750524 0.02093688362919132 0.02208595387840671
7 0.6974161735700197 0.19553459119496855 0.03960552268244576 0.045272536687631024
7 0.5307692307692308 0.260083857442348 0.0359861932938856 0.041257861635220126
7 0.47088757396449704 0.30483228511530397 0.05752465483234714 0.09202306079664571
7 0.6261538461538461 0.27567085953878406 0.031873767258382646 0.03619496855345912