7 0.3396315250767656 0.4061720430107527 0.045250767656090075 0.041032258064516124
7 0.40767656090071647 0.4192795698924731 0.03278403275332651 0.03458064516129032
7 0.4418219037871034 0.3301075268817204 0.04577277379733879 0.046795698924731184
7 0.4766530194472876 0.5020967741935484 0.03251791197543501 0.03505376344086022
7 0.4539099283520983 0.4521827956989247 0.02850562947799386 0.031419354838709675
7 0.56 0.5635806451612904 0.02818833162743091 0.030989247311827957
7 0.288935516888434 0.4870537634408602 0.030798362333674514 0.030698924731182797
7 0.27033776867963155 0.4561505376344086 0.030634595701125894 0.03254838709677419
7 0.32991811668372567 0.445505376344086 0.06227226202661208 0.03955913978494623
7 0.34207778915046055 0.48031182795698923 0.02766632548618219 0.02965591397849462
7 0.34583418628454454 0.5165806451612903 0.0304503582395087 0.03934408602150538
7 0.3704810644831115 0.48416129032258065 0.024728761514841352 0.027559139784946236
7 0.3830603889457523 0.4437096774193548 0.02968270214943705 0.032419354838709676
7 0.29758444216990787 0.5390645161290323 0.029590583418628455 0.03038709677419355
7 0.17722620266120778 0.5088817204301075 0.0337871033776868 0.03367741935483871
7 0.15798362333674512 0.5477741935483871 0.028976458546571136 0.031
7 0.18335721596724666 0.4686344086021505 0.03473899692937564 0.042483870967741935
7 0.122517911975435 0.4301935483870968 0.03798362333674514 0.038096774193548386
7 0.1985670419651996 0.39447311827956993 0.05006141248720573 0.060387096774193544
7 0.12787103377686798 0.3773118279569892 0.05121801432958035 0.056129032258064517
7 0.2215353121801433 0.5741827956989247 0.02489252814738997 0.028483870967741933
7 0.19070624360286592 0.5586344086021505 0.03886386898669396 0.038569892473118275
7 0.2541658137154555 0.5899784946236558 0.02438075742067554 0.028763440860215053
7 0.4773797338792221 0.37919354838709673 0.029303991811668373 0.030827956989247313
7 0.45157625383828043 0.290752688172043 0.03715455475946776 0.03772043010752688