7 0.5097064777327935 0.41019841269841273 0.03790485829959515 0.0378968253968254
7 0.6542408906882591 0.48583333333333334 0.03665991902834008 0.03671626984126984
7 0.567925101214575 0.5169742063492063 0.028775303643724697 0.030128968253968255
7 0.5285222672064777 0.5066468253968254 0.051194331983805665 0.06818452380952382
7 0.6790688259109311 0.5668055555555556 0.027570850202429147 0.025912698412698415
7 0.4788157894736842 0.35960317460317465 0.026811740890688256 0.025912698412698415
7 0.637074898785425 0.30637896825396826 0.03227732793522267 0.030099206349206348
7 0.5374291497975708 0.321468253968254 0.03222672064777328 0.05465277777777778
7 0.512338056680162 0.34944444444444445 0.035091093117408906 0.03495039682539682
7 0.668248987854251 0.2768551587301587 0.02665991902834008 0.02638888888888889
7 0.3311234817813765 0.39054563492063493 0.033572874493927124 0.036974206349206354
7 0.2988461538461538 0.4132936507936508 0.04588056680161943 0.03390873015873016
7 0.4744635627530364 0.5374702380952381 0.03307692307692307 0.03158730158730159
7 0.3843825910931174 0.5080853174603175 0.027287449392712552 0.02816468253968254
7 0.2750708502024291 0.45090277777777776 0.03174089068825911 0.03235119047619048
7 0.5853036437246963 0.26455357142857144 0.04048582995951417 0.03340277777777778
7 0.6343927125506073 0.25325396825396823 0.026912955465587043 0.02773809523809524
7 0.38280364372469633 0.28364087301587304 0.029281376518218622 0.0298015873015873
7 0.3124493927125506 0.3495436507936508 0.030597165991902833 0.03288690476190476
7 0.5006376518218624 0.24830357142857143 0.059726720647773276 0.03764880952380953
7 0.4880263157894737 0.7270238095238095 0.028218623481781377 0.025347222222222222
7 0.43 0.750406746031746 0.031761133603238866 0.02121031746031746
7 0.4623987854251012 0.7720238095238096 0.030566801619433197 0.03764880952380953
7 0.4085425101214575 0.804375 0.02848178137651822 0.021319444444444443
7 0.38763157894736844 0.787420634920635 0.026285425101214573 0.01753968253968254
7 0.36398785425101216 0.48715277777777777 0.02234817813765182 0.02994047619047619