7 0.028096530162380458 0.491890004236785 0.04022759612345905 0.05074429418785569
7 0.13458505384926167 0.42159264646903327 0.03709809997403427 0.05953643633886786
7 0.10749610929305 0.37195210510570087 0.031341178777181684 0.042567982781030675
7 0.14079601863803146 0.6248313375336662 0.03796302253515172 0.04618905562186372
7 0.22887194321759285 0.5007929640951214 0.042415779930898824 0.050835247039561944
7 0.24304338315665952 0.43446534834277956 0.022301981869169325 0.025463099945634227
7 0.19105492028474677 0.4311891466861841 0.029019312853223712 0.034664529929324416
7 0.16768749267968283 0.40735467745755394 0.028923825627139424 0.029084172786467275
7 0.17385099775244808 0.38419003601267276 0.031150204325013038 0.03140726849531639
7 0.28069254027880375 0.5581531536115779 0.0380967046516698 0.05400155562186372
7 0.2271063880710657 0.7170834391087129 0.02567974480641348 0.031179886366050624
7 0.18520070163466387 0.7599527156432977 0.03007520986650996 0.03247786349803456
7 0.21197759100501404 0.5357796269957569 0.032263393673949786 0.032568816349740945
7 0.03155192531356281 0.5979850045898505 0.036830735740998106 0.04391143633886786
7 0.019751621241604612 0.5473070260456048 0.02034296740433195 0.03876500423678512
7 0.05316764158799571 0.6791834613252764 0.0381158020968867 0.05511762705043515
7 0.08670101536886721 0.7859710276750173 0.04126439569152835 0.04744155632799466
7 0.11177116825844927 0.65373740260706 0.05556398022075467 0.052497035578371154