7 0.488511893949299 0.5973404255319149 0.04562778353362326 0.04468085106382979
7 0.346299501587415 0.49840425531914895 0.04451552781801932 0.043617021276595745
7 0.4435572654964247 0.4765957446808511 0.03453052557144929 0.035106382978723406
7 0.48393864715367113 0.4925531914893617 0.06602787432246374 0.0797872340425532
7 0.3332198921646373 0.4085106382978723 0.033342372274251166 0.030851063829787233
7 0.5132200444054101 0.6553191489361702 0.032255415752512034 0.030851063829787233
7 0.3362729152922699 0.6914893617021277 0.03890365085227062 0.036170212765957444
7 0.44450098678690764 0.6882978723404255 0.042771701070241586 0.06170212765957447
7 0.47611172750309116 0.6617021276595745 0.043377972908550694 0.04148936170212766
7 0.2986586145126564 0.7191489361702128 0.03228071494637685 0.031914893617021274
7 0.6749619774039125 0.6414893617021277 0.04125465825280206 0.043617021276595745
7 0.7123991838264729 0.6212765957446809 0.054247538125942 0.04148936170212766
7 0.5459841704785504 0.46595744680851064 0.04112816228347825 0.03829787234042553
7 0.6367947296170526 0.5095744680851064 0.03339297066198054 0.03297872340425532
7 0.7437194382204342 0.5840425531914893 0.03897954843386455 0.039361702127659576
7 0.38451507572589305 0.7425531914893617 0.04881275551724635 0.04148936170212766
7 0.3305842319304824 0.747872340425532 0.033392970661980784 0.03297872340425532
7 0.6033976692900719 0.7484042553191489 0.03561748209318842 0.035106382978723406
7 0.6885480251112072 0.6872340425531915 0.037867292718260864 0.03829787234042553
7 0.47243160361021674 0.7707446808510638 0.06961672459347831 0.047872340425531915
7 0.561685881724106 0.26276595744680853 0.0344293287959903 0.030851063829787233
7 0.6267772314663523 0.24521276595744682 0.036502045064009565 0.026595744680851064
7 0.5958879721825361 0.21861702127659574 0.03799378868758466 0.043617021276595745
7 0.658514922559082 0.19042553191489361 0.033215876304927616 0.02553191489361702
7 0.6781176343339612 0.21170212765957447 0.03096606567985517 0.022340425531914895
7 0.6552345872885985 0.5340425531914894 0.027983487247149698 0.03404255319148936