7 0.0759371833839919 0.45119958634953466 0.052391084093211755 0.04387797311271975
7 0.1873353596757852 0.38744570837642195 0.030202634245187435 0.051282316442606
7 0.16513677811550154 0.34095139607032054 0.02587639311043566 0.03733195449844881
7 0.1803850050658561 0.5750568769389865 0.03233029381965552 0.03949327817993795
7 0.2697771023302938 0.46108583247156154 0.036210739614994936 0.04321613236814891
7 0.2873049645390071 0.4000827300930713 0.019209726443768997 0.022047569803516028
7 0.2389564336372847 0.396535677352637 0.025298885511651468 0.029937952430196483
7 0.2190273556231003 0.3742605997931748 0.025501519756838908 0.024912099276111686
7 0.2260891590678825 0.35275077559462253 0.02761904761904762 0.02686659772492244
7 0.3138703140830801 0.5150258531540848 0.03227963525835866 0.046173733195449845
7 0.25438703140830804 0.6611685625646329 0.022796352583586626 0.026380558428128233
7 0.21253292806484297 0.7007238883143744 0.02587639311043566 0.0278076525336091
7 0.25166160081053696 0.49384694932781803 0.028054711246200608 0.027549120992761116
7 0.07828774062816615 0.5493071354705273 0.03642350557244175 0.03705274043433299
7 0.06359675785207701 0.502316442605998 0.0356838905775076 0.034374353671147884
7 0.09517730496453901 0.6247673216132368 0.032806484295846 0.04761116856256463
7 0.12023302938196555 0.7240020682523268 0.03591691995947315 0.04029989658738366
7 0.15172239108409322 0.601551189245088 0.04843971631205674 0.044777662874870734