7 0.37361346256203115 0.31193130139603026 0.05413618832891837 0.050037749926156665
7 0.5272410785901646 0.35001471365647857 0.05187730254888401 0.047820428424996175
7 0.5686818030413542 0.2857312964884301 0.0540848080676478 0.04791910585836005
7 0.5435000877627179 0.24756957353498676 0.03632200339499629 0.0428923982558559
7 0.4816766267430465 0.22152619001337653 0.05618955306387046 0.04378049515613078
7 0.6022476545406675 0.4877556285458893 0.043894131926857996 0.036881837069239656
7 0.6229349812450335 0.40878825867854696 0.044022582580034234 0.04217844723873118
7 0.6518261518266621 0.4635174893074598 0.040582873648712305 0.03673382091919371
7 0.6473482997494486 0.528924092467404 0.03850381878312474 0.04193175365532147
7 0.6203068185735595 0.5504660482791691 0.028107621597252906 0.022419908595014512
7 0.5925207850382148 0.5640384194783561 0.03152164039793974 0.026805212880653677
7 0.6644032415427278 0.43656718102628705 0.03942774062805971 0.03456583813471528
7 0.6863897655600446 0.5020985913526995 0.0384267483912192 0.03875378755362656
7 0.7183995184400545 0.5490309228774208 0.03272815367986278 0.031091839732928717
7 0.6955808337508956 0.5855760726721491 0.03272815367986278 0.031091839732928717
7 0.6811893598222716 0.3785888969701831 0.06396720264081444 0.04624451024070091
7 0.44713324093846013 0.5474868189126473 0.035988031696737775 0.02912121181517805
7 0.5118316894444449 0.5784204983785048 0.032676773418592084 0.028973195665132106
7 0.537077168620702 0.5964797720462213 0.03152164039793974 0.026805212880653677
7 0.5540059669056419 0.6125800222879758 0.02595149633975968 0.02443987522944724
7 0.7049952688250186 0.2918246279986493 0.050747859658866766 0.046711767674416045
7 0.6331471946557521 0.2161280601673124 0.031624400920480876 0.031042501016246775