7 0.3936907760442572 0.5025418596418684 0.04100785999290753 0.03951998997005835
7 0.47233276738627006 0.6407661745727604 0.039955613542765875 0.03848091289225557
7 0.5040473818470386 0.5529195461284685 0.032560136829158426 0.030203357283377762
7 0.49293775413875845 0.5141836517849955 0.07417396983296669 0.05570218336738371
7 0.5565601844546462 0.6594424558299742 0.028440405716440086 0.029059097164937004
7 0.341368961427486 0.47575057451493147 0.028410654153823992 0.028055081100679977
7 0.28758845993292 0.6360680413177466 0.032679143079622684 0.03421942154040587
7 0.3022925558384548 0.5362672493005227 0.05827126683037784 0.036099962943311144
7 0.3306585826483548 0.5097181922962283 0.037880872205098774 0.03740677480090656
7 0.25699893397227247 0.6687113167346751 0.029433149041349613 0.028090142114225624
7 0.37232730820771276 0.32724862671695415 0.03986635885491771 0.03546886469948437
7 0.3957891215182974 0.29384676233059026 0.038178387831259465 0.04744693544347684
7 0.5247079377020304 0.458932484415511 0.034753884417289785 0.03529355963175465
7 0.4935688681425929 0.3722380922400368 0.03048539549149121 0.029129219192028755
7 0.43435034564083697 0.2679511112550936 0.03571687617958339 0.033320588516786584
7 0.2435601397875279 0.5879294612398178 0.03700713513065356 0.042391794108645596
7 0.23289985923161047 0.6374417975103255 0.03048539549149121 0.029129219192028984
7 0.2623213899674274 0.3856839696548309 0.03258988839177452 0.031207373347634675
7 0.33039954693987517 0.3116353856867408 0.0356871246169673 0.03231657245252956
7 0.22711336406543875 0.5052447566570841 0.04268488925798667 0.06164340439725896
7 0.7203223235061711 0.4587444047391358 0.028470157279056177 0.03006311322919392
7 0.7440315542197027 0.39975766122099066 0.023446937529276644 0.032899856354235285
7 0.7661005149666217 0.4305952944403036 0.04079959905459488 0.032491877520259276
7 0.7999305640862527 0.3747719970115987 0.023357682841428366 0.029887808161464316
7 0.7816094399193511 0.35534030447705783 0.020230695053619727 0.02777459299231252
7 0.4721802593131147 0.3529115827461337 0.032381627453461986 0.024179260897835477