7 0.2823133543638276 0.594611503531786 0.04091482649842271 0.04196770938446014
7 0.33589905362776024 0.46129162462159434 0.03896950578338591 0.041574167507568115
7 0.2772555205047319 0.412694248234107 0.03858044164037855 0.043107971745711404
7 0.23690851735015775 0.428970736629667 0.036698212407991586 0.027386478304742685
7 0.20484752891692956 0.48104944500504543 0.033270241850683495 0.04688193743693239
7 0.4781913774973712 0.41680121089808275 0.029568874868559414 0.0348234106962664
7 0.4033859095688749 0.3838748738647831 0.034742376445846476 0.034369323915237136
7 0.4599474237644585 0.36747729566094856 0.029305993690851736 0.032401614530776994
7 0.5230389064143007 0.3823814328960646 0.03554153522607781 0.02949545913218971
7 0.5413144058885383 0.4107971745711403 0.01758149316508938 0.022815338042381433
7 0.5522712933753944 0.43855701311806256 0.020988433228180864 0.025075681130171546
7 0.4349421661409043 0.3510191725529768 0.02771819137749737 0.031251261352169525
7 0.5009884332281809 0.3427043390514632 0.032323869610935856 0.030494450050454085
7 0.550378548895899 0.32116044399596366 0.024994742376445847 0.026649848637739657
7 0.5836487907465825 0.3479313824419778 0.02529968454258675 0.02601412714429869
7 0.3796319663512092 0.32593340060544906 0.03515247108307045 0.0520787083753784
7 0.5203154574132492 0.5683148335015137 0.023007360672975815 0.029475277497477297
7 0.5573922187171398 0.5144904137235116 0.023617245005257626 0.026115035317860746
7 0.5780336487907466 0.494217961654894 0.02099894847528917 0.02559031281533804
7 0.595099894847529 0.4818970736629667 0.019526813880126184 0.019919273461150352
7 0.29743427970557307 0.28981836528758825 0.03753943217665615 0.040665993945509585
7 0.21586750788643533 0.3422300706357215 0.02529968454258675 0.02562058526740666