7 0.04313565860514377 0.5467842805876337 0.04479355394965438 0.05517285758903461
7 0.13759824070562512 0.455240733552784 0.04623439267493561 0.06318866746296026
7 0.10157820135296096 0.4096771681171251 0.037701653702439934 0.04597960017614479
7 0.17662746102267857 0.6604352526376797 0.04568622840276864 0.049458690346255316
7 0.24490844791107394 0.5169753249860515 0.05039893511557371 0.05520614036827353
7 0.24828786547673648 0.4471446635856392 0.02688108190756264 0.027613055017908388
7 0.19528798635857983 0.4537537561668982 0.03513973874397483 0.03795713374637145
7 0.16816612882652268 0.43445938431398917 0.033790260730721396 0.03222965339189674
7 0.17052438969376815 0.409267789932487 0.03616945426513088 0.03567546078276848
7 0.3057292054618247 0.5658249404722354 0.04712706712804995 0.057474500220181086
7 0.27838843375180405 0.7376526793844026 0.03163946897638155 0.03450466979965213
7 0.24344853407736286 0.7893597599150222 0.03616945426513082 0.03567546078276835
7 0.23359204351193963 0.5565255595888271 0.0384572870875125 0.03683293865418942
7 0.06312467933502561 0.6542425762199524 0.042231638991189265 0.0471503911592614
7 0.04322320429548563 0.6051499964453246 0.025141413357347948 0.04018555426319238
7 0.09766675842913358 0.7330035610772674 0.04717274748406385 0.05861866497990648
7 0.14942373038069967 0.835695485829023 0.04914081781434808 0.051766989533249756
7 0.15223595851787425 0.6954853785938031 0.0639888909818217 0.0587185133176231