7 0.28787354020262707 0.57097549552784 0.050096594557206345 0.05055886860170512
7 0.35644686686214894 0.439298898553954 0.0478768811639874 0.04944445033193065
7 0.30104019219360223 0.38325062492931833 0.049062511854980485 0.051564159466817826
7 0.2581866622150245 0.3956431569914745 0.042831262422481524 0.0347156137923817
7 0.2198884628459835 0.4459655828830792 0.043740550355083944 0.0534656137923817
7 0.5075700840924161 0.4081464317689638 0.03776188090386359 0.04182540145127878
7 0.4333225988006531 0.36681542257229843 0.04204975970153414 0.04092923799082773
7 0.49360548194931936 0.3554033776852798 0.03652573421661482 0.03866402564972494
7 0.5571570330240179 0.37779093576259704 0.04288177841873722 0.035757280459048364
7 0.5727722959919489 0.40856805034239624 0.022954873876023536 0.026769182697744753
7 0.5812618934253664 0.43801910763229585 0.026360217960235435 0.030003310102406526
7 0.4693268060031076 0.3363937907520221 0.034255504827140425 0.036507940713283796
7 0.5382240813548146 0.3346047606866825 0.03967849831954811 0.03668981972105326
7 0.5911792349839444 0.3176999918430976 0.030749128750417253 0.03119047997528869
7 0.622546437077986 0.34847049063369856 0.030749128750417253 0.031190479975288808
7 0.41510725724656966 0.3048246837940531 0.046212843729581246 0.059788365395489505
7 0.5354146234377016 0.5678901461068833 0.029816078040702784 0.034279104173734726
7 0.5785682589517819 0.5168831957749526 0.02857993135345413 0.031117728372180884
7 0.6021129577312702 0.49835640690665645 0.026360217960235435 0.030003310102406408
7 0.6211305743413814 0.4872849758120195 0.02497252328421969 0.023716934300852564
7 0.33412485778076667 0.2590244294067111 0.04674176646925027 0.048366407863710076
7 0.24506446495667109 0.3042674967372391 0.030698612754161556 0.03014881330862214