7 0.789205415278468 0.6685988341840846 0.0884267616784544 0.08237977915885578
7 0.8085842593007208 0.7453217616202193 0.12354908880406139 0.09906523443486423
7 0.7239065257905887 0.5061543682885379 0.10655898148323051 0.09235571506880627
7 0.719886650920541 0.44372053065938394 0.07023341366309362 0.07023464585194203
7 0.7391288402744353 0.3761413494036789 0.07017228545250845 0.0680654484549789
7 0.7634912122889091 0.3319504526317915 0.0585259712878912 0.06467282742660588
7 0.7275267934382229 0.3217536588740004 0.05549696720485985 0.06897336087518796
7 0.6613696463671599 0.2829849957264717 0.06399202086527518 0.07232812055821694
7 0.615320840380845 0.33234016679758227 0.06933581402148906 0.07564501889590174
7 0.6043799632729486 0.21720232870448827 0.07369031522022064 0.0811184941821017
7 0.5352718012116198 0.22722167631595785 0.06726553779064719 0.07670437669748723
7 0.5324390011779979 0.3091025678270917 0.06723497368535461 0.07561977799900567
7 0.5863585705198411 0.5397631676909447 0.07801425231365988 0.08550737076981997
7 0.5304835934633504 0.5835754510093911 0.07369031522022064 0.08111849418210182
7 0.5016500841230346 0.6559217423722309 0.08545888580600822 0.0888495100044011
7 0.47393304843135525 0.5394973784054868 0.08209367656475858 0.08121945776968587
7 0.372142067373764 0.4601568477184593 0.07900354427114206 0.08335079382130495
7 0.3423659960393629 0.3795116203531589 0.08956887416239938 0.08564619570274831
7 0.2939275695461684 0.4950210018074206 0.0790646724817271 0.08551999121826806
7 0.2580418348123237 0.7430470414273774 0.08657043418466048 0.09103132784981208
7 0.17664639618069175 0.6297751300344693 0.08221593298592884 0.08555785256361212
7 0.2243416223882787 0.5592829047914164 0.07897298016584947 0.08226619512282338
7 0.23611265560905811 0.45852249964443936 0.09494323142390572 0.0900476927389148