7 0.5877615571776156 0.45045801526717555 0.039927007299270074 0.04180661577608143
7 0.3903892944038929 0.49895674300254456 0.04214111922141119 0.03951653944020356
7 0.3822384428223844 0.5520865139949109 0.03111922141119221 0.039287531806615775
7 0.49700729927007303 0.3509923664122137 0.03272506082725061 0.032391857506361324
7 0.5778102189781021 0.28910941475826973 0.030389294403892944 0.03318066157760814
7 0.602360097323601 0.31697201017811705 0.03440389294403893 0.036513994910941476
7 0.7318491484184916 0.389058524173028 0.02953771289537713 0.030916030534351147
7 0.7605109489051095 0.4151908396946565 0.030486618004866177 0.036208651399491094
7 0.704647201946472 0.4217557251908397 0.033795620437956204 0.03674300254452926
7 0.6141849148418491 0.7168193384223918 0.026326034063260343 0.03488549618320611
7 0.4818004866180049 0.22697201017811705 0.03508515815085158 0.03880407124681934
7 0.4094647201946472 0.16483460559796437 0.03021897810218978 0.03185750636132315