7 0.43885149141660024 0.5286595779725322 0.04688945551261073 0.04717473824467229
7 0.6420864955140686 0.5067425458191656 0.049364703037363344 0.04720488346091345
7 0.6555811599059971 0.4547331304110075 0.03933399071240504 0.0444936290208194
7 0.5212919426256444 0.6417147135747558 0.03907454626050906 0.03931228187056034
7 0.4347126151405436 0.6933180760744633 0.03659929873575658 0.039282136654319025
7 0.4121163444687701 0.6624862275109586 0.04167951601120952 0.041933100661930886
7 0.2861592156217664 0.570699094402112 0.03646957650980831 0.03669146307918964
7 0.25991493477583827 0.5412078004505337 0.03920426848645705 0.04190295544568987
7 0.31814811272049554 0.5417947246564314 0.04167951601120952 0.041933100661930886
7 0.4338940240286811 0.2565333443270871 0.03412405121100397 0.039251991438078004
7 0.5264755690477001 0.7699681281517884 0.04180923823715765 0.04452377423706042
7 0.5943993659048378 0.8404278758455808 0.036599298735756444 0.039282136654319025