7 0.7910351959491337 0.35497109353156636 0.08483999942862303 0.08041922685797984
7 0.8072610115615467 0.2729417935177027 0.12133391237273147 0.09492841268267682
7 0.733126616244288 0.529216817488637 0.1036555878401589 0.08882340798530311
7 0.73256354617194 0.595139132976339 0.06706576794589547 0.06863240397878795
7 0.7561283468003388 0.664484239013839 0.06702740516583353 0.06635967670606067
7 0.7845107424050242 0.708935141680228 0.054901130297859486 0.06379600870388887
7 0.7474481975214342 0.7228218221860108 0.051681152561280086 0.06826211577767677
7 0.6807276945960968 0.7678257818435864 0.06052990552258192 0.07188279994454558
7 0.6298657799390166 0.7199917623632328 0.06606277379714937 0.07428777300338384
7 0.6250757091534614 0.8409483667429046 0.06945538404400765 0.08004893865686866
7 0.5526057807960819 0.835793631457147 0.06278525189047716 0.07534478916808082
7 0.5447037257077482 0.7503415408934854 0.06276607050044607 0.07420842553171719
7 0.5873276258060154 0.5046763523053541 0.07392771399973594 0.08470018983121215
7 0.5264605129186393 0.4634224722281823 0.06945538404400765 0.08004893865686878
7 0.4925232867157886 0.3898488264697984 0.08165838447210583 0.08715806120449501
7 0.4706427047271734 0.5138045598216165 0.0782274114451856 0.07912416827828292
7 0.3690794214396463 0.6040113228780306 0.07496907092854424 0.08131754807934354
7 0.34232772913253334 0.6909029922619194 0.0859772633075862 0.08271840328792941
7 0.28494357157503686 0.5735656468628286 0.07502661509863728 0.08472663898843445
7 0.23265638704359165 0.31708987890224766 0.08171592864219887 0.09056715211358592
7 0.15470307692597388 0.4414012506902779 0.07830413700530954 0.08366962282373745
7 0.20848765777415282 0.5114737085513891 0.0749498895385132 0.0801811844429799
7 0.22650318967151983 0.6164952479268436 0.09154849436221571 0.08739610361949521