7 0.29300407331975564 0.21380651945320717 0.06424643584521385 0.0750473186119874
7 0.2181160896130346 0.20647739221871717 0.07304480651731161 0.10804416403785488
7 0.4543482688391039 0.2525552050473186 0.06994908350305498 0.09191377497371188
7 0.5127596741344195 0.24683491062039958 0.055346232179226074 0.058769716088328074
7 0.5722199592668024 0.2169926393270242 0.053462321792260695 0.05847528916929548
7 0.6087270875763747 0.18615141955835962 0.05161914460285132 0.04728706624605678
7 0.624938900203666 0.21981072555205047 0.05654786150712831 0.04317560462670873
7 0.6721384928716904 0.279074658254469 0.05924643584521385 0.05167192429022082
7 0.6342464358452139 0.3320820189274448 0.06139511201629328 0.05672975814931651
7 0.7429226069246435 0.3249106203995794 0.06482688391038696 0.05973711882229232
7 0.745346232179226 0.3943112513144059 0.06203665987780041 0.05337539432176656
7 0.669989816700611 0.41022082018927447 0.061069246435845215 0.05364879074658255
7 0.44709775967413445 0.3930389064143007 0.06909368635437882 0.06344900105152472
7 0.41633401221995925 0.4553627760252366 0.06563136456211813 0.06030494216614091
7 0.35438900203665985 0.49450052576235537 0.07009164969450102 0.0707465825446898
7 0.4666802443991853 0.503732912723449 0.06439918533604888 0.06869610935856993
7 0.5579327902240325 0.5912407991587803 0.06616089613034623 0.06542586750788644
7 0.6378004073319756 0.6084121976866457 0.0659674134419552 0.07608832807570978
7 0.5389613034623217 0.6742797055730809 0.0694501018329939 0.06423764458464774
7 0.31637474541751526 0.7485278654048371 0.07350305498981671 0.0707465825446898
7 0.43474541751527496 0.8108622502628812 0.06867617107942973 0.067602523659306
7 0.4919551934826884 0.7527339642481599 0.06559063136456211 0.06496319663512093
7 0.5833604887983707 0.7255625657202944 0.07069246435845214 0.08003154574132491