7 0.38613417120182575 0.4992367971780913 0.05196679095063466 0.05492155341456374
7 0.6092993729892672 0.49660446259190155 0.0547018852111946 0.057812161489014496
7 0.6312338521126536 0.4409608476313867 0.043855352604053516 0.051899446705335764
7 0.4595760745664123 0.6302628018492149 0.04376150816895559 0.04624972919121163
7 0.3581528313040128 0.6765465866444442 0.04107333612594484 0.04618397987382302
7 0.3387256381748009 0.6402836680243563 0.04649660242951538 0.04914033726566239
7 0.21585754642858368 0.5288356076458253 0.04102641390839588 0.04335912111676087
7 0.19107747032212477 0.4941166170390457 0.04380843038650455 0.049074587948273615
7 0.25302273285524446 0.49966652963176383 0.0464966024295153 0.04914033726566239
7 0.42023275520038855 0.20449812134149364 0.03838516408293408 0.04611823055643441
7 0.4470903169897529 0.7690425021908972 0.046543524647064266 0.051965196022724536
7 0.5090053155927384 0.8537213346400498 0.04107333612594484 0.0461839798738227