7 0.44773831929984464 0.6836367700242484 0.05622427991218717 0.07571654999249945
7 0.41431096718228455 0.6382836994143952 0.057166678926295345 0.05687302300964371
7 0.43555921685618826 0.581179776147845 0.06979213384228387 0.056117575525646425
7 0.42524076722443066 0.5269042153033773 0.04764400246472944 0.04826770086582814
7 0.38828230536505365 0.507841986836338 0.05608955122182818 0.052655753346797146
7 0.36591370885782093 0.46328096002865105 0.05399041209531345 0.05365517628525519
7 0.4882823053650536 0.5055242200189607 0.05185452878051891 0.048365291047612495
7 0.5416392311217443 0.5383592299278123 0.04551424318131491 0.044026033657535546
7 0.5476981621866727 0.5843466367192635 0.06238696860137249 0.04965748453142324
7 0.5486439741256732 0.6561373729570227 0.056095675253208306 0.05370397137614725
7 0.6044701919981633 0.6611336112244813 0.04973089352848451 0.04517184186867
7 0.5768285497307194 0.4348043465063354 0.04241146472689228 0.05338680328534828
7 0.5686245493039264 0.3820523176150007 0.043396731960660156 0.04188080250794328
7 0.5710172910274768 0.3411108206067314 0.04230123216205309 0.0345188787570464
7 0.5270330029635433 0.2907606353045884 0.04337835986652037 0.038736148419892966
7 0.31348999606816863 0.4099813010020263 0.07735652389907392 0.08983133528297234
7 0.3067026561782281 0.32941489801474466 0.04869051001229692 0.047243880381924064
7 0.2922134864346507 0.2820503445428369 0.05290103632808639 0.04734147056370842
7 0.49102271324045216 0.1636953534963192 0.027509273774370454 0.0247433508566504
7 0.4953526581681507 0.18403801488686192 0.028555781321937933 0.023719530372746385
7 0.4987643492980586 0.137306921171721 0.03384343534219457 0.028034390217377126
7 0.5721086760827869 0.07742299236156486 0.06336611180376071 0.0371032657246681
7 0.6121699163965866 0.08697806592811502 0.039216825801770605 0.047024302472909424
7 0.6381369869908158 0.11677864891583921 0.035985442688368875 0.03437249348436993
7 0.6290583028042963 0.18460828971793564 0.0327908037632472 0.028009992671931036
7 0.589985742649157 0.2541814785945954 0.0391739575821109 0.03968677626745872
7 0.520523604682986 0.07757025405907247 0.03810907794040352 0.03756594266331239
7 0.4285591942468302 0.10381405396065653 0.040183720941398576 0.032373647607454016
7 0.4344895206527796 0.1277888821357555 0.031732048152919946 0.026937377097134903
7 0.42198042233301025 0.1490460132681105 0.028592525510217622 0.030008838548847012
7 0.39020244394474074 0.1157108536776144 0.035979318656989105 0.03332427545501983
7 0.38467936562555816 0.16144252445429738 0.05180553652947933 0.039979546812811594
7 0.3484523746068832 0.17748340119776349 0.029632909026405096 0.027936800035592832
7 0.358712295031329 0.13164194146657318 0.03279692779462709 0.029058210701281173
7 0.31777943297349304 0.24319264660812925 0.037074818455596056 0.040686199205916644
7 0.29440684622915025 0.1168828122838572 0.034914439015281844 0.031203441850873526