7 0.34529702970297027 0.6579653110784884 0.039603960396039604 0.04108706761172112
7 0.5866336633663366 0.5218902352438054 0.039603960396039604 0.04714767367232718
7 0.7289603960396039 0.57338131328691 0.039603960396039604 0.05017797670263022
7 0.698019801980198 0.5186434636464459 0.039603960396039604 0.04411737064202415
7 0.5767326732673267 0.4450407900255236 0.034653465346534656 0.04087542658449841
7 0.41707920792079206 0.38368439497163787 0.034653465346534656 0.043905729614801436
7 0.5495049504950495 0.44620481567524845 0.03217821782178218 0.040769606070887046
7 0.6410891089108911 0.44531975970193133 0.05198019801980198 0.0597979883615961
7 0.6608910891089109 0.41265501377485864 0.027227722772277228 0.031467055952755243
7 0.6918316831683168 0.388604984627444 0.03217821782178218 0.040769606070887046
7 0.7029702970297029 0.3517651559525565 0.03712871287128713 0.04704185315871583
7 0.6150990099009901 0.3570369357009112 0.03712871287128713 0.04704185315871583
7 0.6027227722772277 0.310596341299271 0.03712871287128713 0.04704185315871583
7 0.5891089108910891 0.3460268389726183 0.034653465346534656 0.046936032645104465
7 0.6571782178217822 0.27190465363618477 0.034653465346534656 0.043905729614801436
7 0.5891089108910891 0.23996623291201225 0.0297029702970297 0.03763348252697266
7 0.5371287128712872 0.2118854333948204 0.034653465346534656 0.046936032645104465
7 0.5173267326732673 0.2869744217461355 0.034653465346534656 0.04087542658449841
7 0.4900990099009901 0.32904753830495137 0.027227722772277228 0.03449735898305827
7 0.504950495049505 0.37386716067782866 0.034653465346534656 0.046936032645104465
7 0.5383663366336634 0.38152949283498444 0.03217821782178218 0.040769606070887046
7 0.5655940594059405 0.37885031567010796 0.027227722772277228 0.03449735898305827
7 0.6646039603960396 0.501890222398381 0.034653465346534656 0.043905729614801436
7 0.7945544554455446 0.44330434240348177 0.034653465346534656 0.04087542658449841
7 0.7586633663366337 0.42362661863872525 0.05198019801980198 0.08404041260402016
7 0.8576732673267327 0.3875756162760891 0.03712871287128713 0.0440115501284128
7 0.75 0.32399699043636493 0.034653465346534656 0.04087542658449841
7 0.7561881188118812 0.2888839543038518 0.039603960396039604 0.04714767367232718
7 0.5606435643564357 0.3366377142730883 0.024752475247524754 0.03439153846944691
7 0.5383663366336634 0.3330446443501359 0.0297029702970297 0.03763348252697266
7 0.5544554455445545 0.3596295382843894 0.027227722772277228 0.031467055952755243
7 0.44183168316831684 0.3189898261991607 0.03217821782178218 0.040769606070887046
7 0.47648514851485146 0.2765992480995108 0.027227722772277228 0.03449735898305827
7 0.45173267326732675 0.28826351384168497 0.03217821782178218 0.04683021213149311
7 0.47896039603960394 0.2431600942525661 0.034653465346534656 0.043905729614801436