7 0.29944954128440365 0.46559837728194725 0.06858307849133537 0.04771805273833671
7 0.34174311926605505 0.42931034482758623 0.0501019367991845 0.05050709939148073
7 0.3980632008154944 0.44587221095334684 0.04838939857288481 0.06262677484787019
7 0.4502752293577982 0.43141987829614603 0.042375127420998984 0.04113590263691684
7 0.46623853211009175 0.39427991886409736 0.04572884811416921 0.04964503042596349
7 0.5082976554536187 0.3692190669371197 0.04664627930682976 0.04771805273833671
7 0.4749337410805301 0.49043610547667343 0.04200815494393476 0.046724137931034485
7 0.44668705402650355 0.5443103448275862 0.03891946992864424 0.04079107505070994
7 0.40223241590214065 0.5536206896551724 0.0419164118246687 0.056947261663286
7 0.3328134556574924 0.5605578093306288 0.047145769622833844 0.049817444219066934
7 0.3315290519877676 0.6139858012170385 0.03835881753312946 0.044219066937119675
7 0.5488481141692151 0.5701014198782961 0.048256880733944955 0.03677484787018255
7 0.5996330275229358 0.5576166328600405 0.03681957186544342 0.038975659229208925
7 0.6393374108053008 0.5568559837728194 0.0290927624872579 0.03870182555780933
7 0.6855453618756371 0.5108519269776877 0.033527013251783894 0.038123732251521304
7 0.5565239551478084 0.31474645030425963 0.08099898063200815 0.06728194726166328
7 0.6338837920489298 0.3015212981744422 0.04074413863404689 0.043286004056795134
7 0.6792558613659532 0.28405679513184584 0.041162079510703366 0.04791075050709939
7 0.8065035677879714 0.46580121703853955 0.021386340468909276 0.024634888438133874
7 0.7870336391437309 0.4716937119675456 0.020407747196738022 0.02535496957403651
7 0.8322629969418961 0.4718458417849899 0.023893985728848117 0.030405679513184583
7 0.8949949031600408 0.5368661257606491 0.029306829765545363 0.059198782961460444
7 0.8884097859327217 0.5766937119675456 0.04161060142711519 0.0342393509127789
7 0.8607441386340469 0.6037525354969574 0.029571865443425077 0.03202839756592292
7 0.7947910295616718 0.6005983772819473 0.024199796126401628 0.029198782961460445
7 0.7247400611620796 0.568630831643002 0.03417940876656473 0.034716024340770785
7 0.8912844036697248 0.48770791075050707 0.03306829765545362 0.03347870182555781
7 0.8602956167176351 0.4011663286004057 0.027961264016309887 0.036115618661257606
7 0.8372680937818553 0.40880324543610547 0.022966360856269113 0.028265720081135905
7 0.8158103975535168 0.3988032454361055 0.026279306829765547 0.024918864097363082
7 0.8464118246687055 0.36490872210953346 0.028389398572884812 0.03225152129817444
7 0.801743119266055 0.36379310344827587 0.03395514780835882 0.04706896551724138
7 0.7840265035677879 0.33003042596348886 0.024566768603465853 0.026622718052738338
7 0.8293170234454638 0.336419878296146 0.02531090723751274 0.029026369168356998
7 0.7188583078491336 0.30565922920892497 0.0354841997961264 0.03292089249492901
7 0.8394291539245667 0.27355983772819475 0.026636085626911315 0.03156186612576065