7 0.3653647058823529 0.38666666666666666 0.035647058823529414 0.04810810810810811
7 0.3382117647058824 0.31756756756756754 0.03491764705882353 0.04216216216216216
7 0.5812705882352941 0.6057357357357358 0.04016470588235294 0.0657957957957958
7 0.5110588235294118 0.7218318318318319 0.021505882352941177 0.030420420420420424
7 0.5739294117647058 0.7384384384384385 0.02171764705882353 0.03480480480480481
7 0.5512470588235294 0.770990990990991 0.025317647058823528 0.03582582582582582
7 0.34414117647058823 0.6680780780780781 0.0292 0.03987987987987988
7 0.6421176470588235 0.5551951951951952 0.04552941176470589 0.04483483483483484
7 0.38178823529411765 0.5226126126126126 0.03011764705882353 0.035885885885885885
7 0.7148235294117647 0.2462162162162162 0.03788235294117647 0.04537537537537537
7 0.7552941176470588 0.2033933933933934 0.029929411764705885 0.04105105105105105
7 0.7312470588235294 0.17108108108108108 0.025623529411764708 0.03399399399399399
7 0.7034823529411766 0.13105105105105105 0.031152941176470588 0.03855855855855856
7 0.1840235294117647 0.4481681681681682 0.028941176470588238 0.03600600600600601
7 0.15971764705882352 0.46033033033033033 0.025411764705882356 0.028888888888888888
7 0.17689411764705884 0.49150150150150146 0.027976470588235297 0.028528528528528527
7 0.22976470588235295 0.5077477477477478 0.029223529411764707 0.037477477477477476
7 0.2763764705882353 0.5374774774774774 0.03028235294117647 0.04723723723723724
7 0.3024941176470588 0.5824324324324324 0.03428235294117647 0.04459459459459459
7 0.30510588235294117 0.6324324324324324 0.028305882352941174 0.03966966966966967
7 0.2719764705882353 0.6576276276276276 0.03068235294117647 0.03912912912912913
7 0.2644705882352941 0.6090990990990991 0.03350588235294118 0.038768768768768766
7 0.2348941176470588 0.5636636636636636 0.029129411764705883 0.02768768768768769
7 0.2216235294117647 0.5906006006006006 0.0304 0.03318318318318318