7 0.41210756650867236 0.1816486816383067 0.0940031302981622 0.09611581274504367
7 0.29355269619865526 0.38120350077502185 0.07975886841055663 0.07552724673578003
7 0.2343831267724819 0.36651382874473254 0.06559681498767096 0.06938312517096064
7 0.23571598398459379 0.5143821551393202 0.06776440430309384 0.06836256267665944
7 0.3275634477196567 0.6137860269092923 0.07439364681047024 0.08752309741597754
7 0.38375111631883696 0.388294601705962 0.06777705175920455 0.07058478489888154
7 0.44329622286051845 0.5280295480446562 0.07434938071408251 0.07974531963819989
7 0.3865183727438406 0.5706752840076014 0.058026061703829464 0.07573287167879295
7 0.5285748818566247 0.5399169145877742 0.07644108529284074 0.06539142381056536
7 0.4392930399525805 0.46729289525548096 0.05139681919645301 0.05657233693947471
7 0.3351440489474749 0.5235247543583684 0.06339128330391586 0.0637370209985953
7 0.31581913322227534 0.48048759458485807 0.08513673746675379 0.06575361827780449
7 0.7059096876136216 0.6145414862341977 0.048123302175124734 0.05421429179203793
7 0.6612432905734312 0.6304630173673745 0.04701105074116432 0.04972457303918873
7 0.7099950789862797 0.6608336945789284 0.05353911359965443 0.05110733000072893
7 0.7882341778551968 0.5724041409632121 0.04041342687406472 0.03611959385542579
7 0.8298005980436887 0.6235916462812452 0.04375018117594693 0.04958875011397393
7 0.7794464692725872 0.683731250316842 0.042650577198096916 0.047321253583346684
7 0.7468883634448563 0.673484132175806 0.04374385744789137 0.04847763900286282
7 0.507808156134797 0.750213088147597 0.07977151586666739 0.07774946895800237
7 0.47542395282858935 0.7094104144510056 0.05245848080597062 0.05217316680343528
7 0.5164764385881419 0.46884070448556225 0.0634229019441927 0.06929257655415086
7 0.4057333479318582 0.4420005028060402 0.05901816230473781 0.05911147932053129
7 0.8329522517755115 0.26085914281187234 0.07554384061276342 0.09867948283549367
7 0.7630451907173228 0.4135397797837167 0.05903713348890377 0.062444812653864624
7 0.7908381044064414 0.4969391340244663 0.097188115126715 0.08291830233692508
7 0.8046902951546132 0.5464165889226189 0.03169880351598571 0.03242406605485321
7 0.8498527424952578 0.5388510282769778 0.041557296948302215 0.04616486816383068
7 0.8856590704320954 0.5514561915654507 0.041557296948302465 0.04616486816383081
7 0.9096827791513253 0.5330077819059141 0.03937073644871332 0.043852097324798556
7 0.9023712987177547 0.4804686395248575 0.08735491660661979 0.07362194467239204
7 0.9031234600044521 0.4438246100123934 0.03718417594912442 0.041539326485766546
7 0.9374226658557607 0.43469519517159216 0.04045136924239713 0.04278626052209246
7 0.9360799606996721 0.3840717281534292 0.041576268132468674 0.04949820149716402
7 0.9028455783219086 0.39713530619152426 0.04376282863205757 0.051810972336196026
7 0.8758202728877319 0.36989233737029054 0.04701105074116432 0.04972457303918847
7 0.8977333058440378 0.3402422679828331 0.0448497851537967 0.051856246644600916
7 0.8729925786943086 0.29364540333396477 0.04592409421942519 0.04967929873078371
7 0.8260384415056428 0.32947638585033184 0.06993831734657217 0.06845311129346922
7 0.7931989297794473 0.3686737121537404 0.06772646193476149 0.06169589600999264
7 0.8333372744831028 0.3842377504536106 0.05467665994583661 0.060041493198022836
7 0.8395586365309067 0.4372871740818178 0.042625282285875386 0.042876809138902246
7 0.8096546847269698 0.4382643528229052 0.07326242419234325 0.07970004532979501
7 0.7826096834048397 0.605511102754521 0.04699840328505344 0.04750235081696651
7 0.7537136415219495 0.6204224446929022 0.04261263482976475 0.04065458691668002
7 0.7856270894399248 0.6484247034575134 0.04589879930720342 0.04523485428633901
7 0.6223085290086457 0.6899668905301117 0.05146005647700695 0.06768344805058607
7 0.5829725730642371 0.7244481265386463 0.05475254468250119 0.07337482653135617
7 0.5795191921452241 0.6626229997925623 0.041557296948302465 0.04616486816383056
7 0.52800574633164 0.6399169145877742 0.06440867881704573 0.05156007308477809
7 0.5732377546808941 0.6201291317199108 0.03935176526454736 0.04051876399146547
7 0.5478235504932661 0.691865600404376 0.048110654719014094 0.05199206956981571
7 0.4656954581733016 0.603980308521159 0.04481816651351986 0.04630069108904536
7 0.5266029657590252 0.5998490031251668 0.06661421050080084 0.057206177257143435
7 0.47034013712696765 0.6475173762423144 0.049165992600476376 0.046481788322664926
7 0.48953577877892557 0.6177541210838446 0.036084571971274404 0.039271829955139566
7 0.41043421573423544 0.6666939559467117 0.05796282442327553 0.06462176056768183
7 0.24952851990798006 0.18876906142066294 0.08417625550612241 0.08793056619162182