7 0.29341346153846154 0.31424528301886795 0.04144230769230769 0.04006289308176101
7 0.3335817307692308 0.27437106918238996 0.02925480769230769 0.03210691823899371
7 0.3906490384615384 0.30251572327044024 0.035264423076923075 0.049402515723270445
7 0.32456730769230774 0.4440566037735849 0.025360576923076923 0.03518867924528302
7 0.4687259615384616 0.3685849056603773 0.0284375 0.033962264150943396
7 0.4611778846153846 0.23449685534591194 0.029038461538461537 0.034371069182389934
7 0.5023557692307692 0.20232704402515725 0.026754807692307696 0.03767295597484277
7 0.5504086538461539 0.14977987421383648 0.030360576923076924 0.03921383647798742
7 0.3978846153846154 0.4322327044025157 0.023125 0.03
7 0.4401923076923077 0.4409119496855346 0.024663461538461537 0.0329874213836478
7 0.47382211538461544 0.464937106918239 0.0240625 0.03188679245283019
7 0.38795673076923076 0.4597798742138365 0.023605769230769232 0.033836477987421384
7 0.32324519230769233 0.5223899371069183 0.027403846153846154 0.031949685534591196
7 0.35826923076923073 0.5459748427672956 0.023245192307692307 0.03179245283018868
7 0.3516346153846154 0.5772641509433962 0.03134615384615384 0.03314465408805031
7 0.4411778846153846 0.2853459119496855 0.0278125 0.03845911949685535
7 0.6337019230769231 0.11735849056603774 0.028653846153846155 0.03849056603773585
7 0.5736298076923076 0.1168867924528302 0.03199519230769231 0.034874213836477985
7 0.5353125 0.11669811320754717 0.02983173076923077 0.03716981132075472
7 0.741201923076923 0.6206603773584906 0.02629807692307692 0.033270440251572324
7 0.6784855769230769 0.6528616352201259 0.027427884615384614 0.037641509433962266