7 0.7457210810039442 0.34063787533696865 0.050989198480111214 0.05821875016760853
7 0.7129602794840554 0.28687997614454885 0.035756445896555536 0.044347896359156015
7 0.6502857150463888 0.3000128909782426 0.04610557477188877 0.06448837841882159
7 0.6873472136789996 0.4629150150271623 0.033256445896555534 0.044214736628553394
7 0.5583083632227775 0.34572289434785364 0.035814634042444456 0.04761587021536517
7 0.5931649831312776 0.21163887667354864 0.035814634042444594 0.04761587021536517
7 0.5589505231007776 0.16938546584316216 0.035814634042444456 0.04761587021536517
7 0.5227015682373888 0.10112142389370517 0.04087282218833337 0.05115016353277963
7 0.6154872832837774 0.4308289347963385 0.030698257750666754 0.04081360304174163
7 0.5718245655026108 0.4282572692975711 0.030698257750666754 0.04081360304174163
7 0.5328418129190553 0.4433931405467488 0.030698257750666754 0.04081360304174163
7 0.619934495897833 0.46160836696912005 0.03075644589655553 0.044081576897950774
7 0.6721716041047219 0.543712753022601 0.03319825775066647 0.04094676277234425
7 0.6319679455941107 0.5572812172089754 0.030698257750666754 0.04081360304174163
7 0.6313569700622774 0.5915949426991715 0.03831463404244445 0.04774902994596779
7 0.6033966905782221 0.2682292003694969 0.03837282218833337 0.05101700380217694
7 0.44499895486338886 0.04649242599592391 0.03837282218833337 0.051017003802177
7 0.505928920061 0.061203868805309335 0.03831463404244445 0.04774902994596784
7 0.5444461674774445 0.07221178840580489 0.03837282218833337 0.05101700380217698
7 0.2315907677824441 0.5296337461275633 0.033256445896555534 0.044214736628553394
7 0.2881597574482218 0.5788586540230488 0.035814634042444456 0.04761587021536517