7 0.626015652700407 0.22607290333150024 0.048156228774985564 0.0602125504264924
7 0.6907001483161138 0.19156286778641798 0.04292062668074473 0.05986082036419014
7 0.39990659956527014 0.5110677266516914 0.06404582504479354 0.07133485470735905
7 0.3117554782867944 0.39800755344788247 0.02940511147527635 0.035491562322528376
7 0.2866110889746361 0.4868386608758938 0.034701643565212395 0.03919899708281716
7 0.2636906445053516 0.453186546827395 0.03482350355660265 0.04591040647879051
7 0.3891362173177428 0.16825111781054972 0.040120035646538696 0.0496178412390793
7 0.43223197329837076 0.6027412127903506 0.045782147710645815 0.07345950418728775
7 0.5068752400585804 0.2357526145978706 0.03756316459511348 0.052797680905914725
7 0.6847257255863287 0.7366010836625101 0.0455993577235602 0.06339239009332782
7 0.7149816682335655 0.7982490925504413 0.04279876668935432 0.05314941096821694
7 0.7469131857624195 0.7676152222437416 0.03214477251378718 0.04237883674965278
7 0.7867895014261775 0.7314201997966088 0.0401809656422339 0.05297354593706597
7 0.5473935094449098 0.0224621219717855 0.037502234599418274 0.044924243943571
7 0.5135742564333914 0.08280425329275463 0.048034368783595155 0.05350114103051927
7 0.469832169194648 0.11590736858862773 0.04553842772786514 0.060036685395341245
7 0.42672984691070376 0.11377558455564175 0.040120035646538696 0.04961784123907925
7 0.4106280900398487 0.06458313678832554 0.0401809656422339 0.05297354593706583
7 0.45385227231518316 0.060003511425338364 0.040241895637929105 0.056329250635052404
7 0.49899465507102964 0.02227912238757694 0.029587901462361815 0.04455824477515388
7 0.4784787566639325 0.01216447475930072 0.03488443355229786 0.02432894951860144