7 0.3807566691442937 0.7598541739916935 0.039734878385426296 0.04094238008440445
7 0.5741070902612109 0.5588529991231601 0.03993077683525515 0.04685953984771789
7 0.7185337579418091 0.5622389954455935 0.04002872606016958 0.049818119729374694
7 0.6777397901733893 0.5210640364590455 0.039832827610340724 0.04390095996606108
7 0.5462628708987091 0.4903467942680182 0.03492718607773399 0.0406322748815462
7 0.38275235782471345 0.4812825073116666 0.03502513530264842 0.04359085476320284
7 0.520679663996124 0.49907377153881116 0.03252333992388783 0.040477222280117076
7 0.6071915931566357 0.46907518030966316 0.05474565065799006 0.05962417498291985
7 0.6168294200065279 0.432635615893955 0.029923595320212826 0.03440500991537434
7 0.6407923745545825 0.4000849469684784 0.03252333992388783 0.040477222280117076
7 0.6420167398660132 0.3631026984477683 0.037526930681409 0.04670448724628876
7 0.5614654514776595 0.3949682111213175 0.037526930681409 0.04670448724628876
7 0.5374984067861627 0.35487862034477335 0.037526930681409 0.04670448724628876
7 0.5338212207084287 0.39318510620488273 0.035123084527562846 0.04654943464485964
7 0.5801758520624646 0.3027807867584174 0.03502513530264842 0.04359085476320284
7 0.5082073912844517 0.29369133889305876 0.03011949377004168 0.04032216967868787
7 0.45311482819581894 0.2842079692968755 0.035123084527562846 0.04654943464485964
7 0.45181904603742357 0.35972928257983855 0.03492718607773399 0.04063227488154612
7 0.4370307045926386 0.4062137713784873 0.030021544545127253 0.037363589797031145
7 0.4622486469735157 0.44490159851491756 0.035123084527562846 0.04654943464485981
7 0.49489646850026764 0.4410776488708971 0.03252333992388783 0.040477222280117076
7 0.5192777523259298 0.43227314529938937 0.030021544545127253 0.037363589797031145
7 0.6430309447799917 0.5143779039158382 0.03502513530264842 0.043590854763203006
7 0.7497266030424675 0.4204534498009587 0.03492718607773399 0.040632274881546034
7 0.7114119884183007 0.4135347383556077 0.05322334752837376 0.08609634131640197
7 0.7954935390470167 0.34780060964443427 0.03742898145649457 0.04374590736463196
7 0.6794946959349649 0.32252907918518137 0.03492718607773399 0.040632274881546034
7 0.6770643174031691 0.286793541703156 0.03993077683525515 0.04685953984771789
7 0.5049260922498177 0.3928037649285617 0.0276176983912811 0.037208537195601854
7 0.48314455302783055 0.3958461613381849 0.03011949377004168 0.040322169678687785
7 0.504142498450502 0.4164724039818161 0.029923595320212826 0.03440500991537417
7 0.389812882305438 0.4135452752364184 0.03252333992388783 0.040477222280117076
7 0.4119596860491332 0.36308807441957175 0.030021544545127253 0.03736358979703098
7 0.39209224685642 0.3810784228389081 0.032719238373716694 0.04639438204343069
7 0.4069785375261195 0.3316353541586025 0.03502513530264842 0.04359085476320284