7 0.250281973816717 0.3513786008230453 0.06802618328298086 0.07371399176954734
7 0.4561732124874119 0.28896090534979424 0.05104733131923464 0.06463991769547325
7 0.4586404833836858 0.23191358024691358 0.05032225579053373 0.05088477366255144
7 0.588036253776435 0.2667798353909465 0.04845921450151057 0.05309670781893004
7 0.6514300100704935 0.3737037037037037 0.06586102719033234 0.055390946502057614
7 0.43906344410876136 0.37313786008230454 0.0507754279959718 0.05261316872427984
7 0.5456294058408862 0.45872427983539094 0.05746223564954683 0.05739711934156379
7 0.5983887210473313 0.41700617283950614 0.05814702920443102 0.041502057613168726
7 0.5342497482376637 0.5390843621399177 0.0418932527693857 0.06411522633744857
7 0.494159113796576 0.44130658436213993 0.041037260825780464 0.038713991769547325
7 0.5705135951661632 0.35970164609053495 0.04416918429003021 0.05030864197530864
7 0.53730110775428 0.33238683127572016 0.040060422960725074 0.07208847736625514
7 0.553262839879154 0.7176954732510288 0.0401913393756294 0.035915637860082304
7 0.5789526686807653 0.6806893004115226 0.03498489425981873 0.0370679012345679
7 0.5929909365558913 0.7314094650205761 0.03551863041289023 0.043600823045267495
7 0.4948036253776435 0.782283950617284 0.02418932527693857 0.033045267489711934
7 0.5291842900302115 0.8321502057613169 0.03630412890231621 0.033240740740740744
7 0.595226586102719 0.7997530864197531 0.03445115810674723 0.03271604938271605
7 0.5945216515609265 0.7677880658436214 0.03553877139979859 0.034176954732510284
7 0.7238267875125881 0.5682098765432099 0.054864048338368575 0.0633230452674897
7 0.6968781470292045 0.5299691358024692 0.036273917421953676 0.04240740740740741
7 0.47480362537764353 0.5116460905349794 0.049909365558912386 0.048590534979423866
7 0.4801812688821752 0.404917695473251 0.04131923464249748 0.04582304526748971
7 0.20978851963746223 0.7521604938271605 0.07673716012084593 0.05383744855967078
7 0.36224572004028194 0.7234362139917695 0.04462235649546828 0.046162551440329214
7 0.4278449144008057 0.7673251028806585 0.05457200402819738 0.08068930041152264
7 0.4679657603222558 0.7916152263374486 0.022688821752265862 0.025092592592592593
7 0.4496173212487412 0.8305144032921811 0.03331319234642497 0.03228395061728395
7 0.451238670694864 0.8663888888888889 0.03451158106747231 0.03225308641975309
7 0.42917421953675733 0.8838065843621399 0.03229607250755287 0.030051440329218106
7 0.3849043303121853 0.8652983539094651 0.04686807653575025 0.07290123456790124
7 0.35259818731117826 0.8572839506172839 0.029848942598187312 0.029094650205761317
7 0.33559919436052366 0.8869135802469136 0.03097683786505539 0.030473251028806585
7 0.29127895266868076 0.8738168724279836 0.037532729103726084 0.030905349794238684
7 0.3114098690835851 0.8465432098765432 0.03812688821752266 0.0330761316872428
7 0.2948136958710977 0.8156584362139918 0.03552870090634441 0.03729423868312757
7 0.26274924471299094 0.8289197530864197 0.038247734138972804 0.03371399176954733
7 0.22787512588116818 0.7959876543209877 0.03649546827794562 0.03498971193415638
7 0.27182275931520644 0.7614814814814814 0.0473313192346425 0.055113168724279835
7 0.31483383685800603 0.7402674897119341 0.041570996978851964 0.05552469135802469
7 0.31838872104733135 0.7805349794238683 0.04310171198388721 0.042211934156378604
7 0.363031218529708 0.798425925925926 0.030322255790533735 0.034084362139917695
7 0.3714400805639476 0.7712962962962964 0.0573313192346425 0.056234567901234565
7 0.5255287009063444 0.7848662551440329 0.03351460221550856 0.03705761316872428
7 0.546294058408862 0.7625205761316872 0.028590130916414904 0.03404320987654321
7 0.5625579053373615 0.7972119341563786 0.0316515609264854 0.03680041152263375
7 0.6415105740181268 0.6583333333333333 0.05244712990936556 0.0363477366255144
7 0.6822759315206445 0.630895061728395 0.05692849949647533 0.03820987654320988
7 0.6285196374622356 0.6136522633744856 0.03326283987915408 0.031512345679012344
7 0.6225075528700906 0.5619444444444445 0.03201409869083585 0.054259259259259264
7 0.5930211480362538 0.598343621399177 0.029123867069486407 0.030977366255144034
7 0.6627190332326285 0.5913374485596707 0.03707955689828801 0.03664609053497942
7 0.6065558912386706 0.4965946502057613 0.03352467270896274 0.03518518518518519
7 0.5877744209466264 0.5509567901234568 0.03676737160120846 0.05544238683127572
7 0.6438872104733132 0.5108024691358025 0.03231621349446123 0.038796296296296294
7 0.6127794561933535 0.5215432098765432 0.027844914400805637 0.02786008230452675
7 0.6762437059415911 0.4607201646090535 0.04712990936555891 0.04397119341563786
7 0.29852970795568984 0.2053292181069959 0.06235649546827795 0.06588477366255145