7 0.2790345384993364 0.7105243454913018 0.09076123191711101 0.09609208874923246
7 0.5106163530462974 0.7224567874354502 0.07111380606108676 0.08153128770856913
7 0.528342814981059 0.7814491044098671 0.06559681498767096 0.06705452198739699
7 0.6540250529072533 0.7110878469188348 0.06452250592204248 0.06927027995427378
7 0.6929685753603344 0.5829904589056125 0.0830387091599401 0.0760468389618139
7 0.4704681603986651 0.638887508782006 0.06669641896552087 0.06928320846496465
7 0.5600120746651144 0.5210907086423496 0.0754300135077662 0.07600158917439558
7 0.6253970447629299 0.5509230084075244 0.07207428802171802 0.059315529741692345
7 0.5269417468648971 0.43978566987087325 0.06131222618126839 0.07813977607712609
7 0.5101954627787205 0.5530155751186785 0.05355808478382063 0.052538970734151966
7 0.6116523573916998 0.6186167508658106 0.060149384922864674 0.06479997848844732
7 0.5841468109772074 0.6556741345767224 0.06136281600571144 0.08702866496601498
7 0.5003042636504458 0.24741153764803167 0.05136520055617617 0.04919270889012763
7 0.5368975333782852 0.2792947568687728 0.0470110507411642 0.04805574075763452
7 0.5382054580300691 0.22263778658512437 0.048135949631235624 0.054728871679646685
7 0.42228965712749483 0.19472712116860577 0.033929630111962344 0.04131150302682177
7 0.4447647771769426 0.13319620386419473 0.04699207955699812 0.04472240742430118
7 0.5220335461412517 0.1503218326603923 0.04481184278546441 0.043598367802499066
7 0.5298319536350872 0.18370041578114418 0.04590512303525899 0.044715943168955684
7 0.7177813006789133 0.35925671214501564 0.07328771910456502 0.08154421621926
7 0.6990314818548601 0.4069213654542471 0.04921658242491943 0.05362422482388107
7 0.47175991337841705 0.4839004372926969 0.0655841675315602 0.06483229976517477
7 0.5055412982329714 0.5946531526362904 0.0557762639236865 0.060329677022620876
7 0.13214218918364995 0.3007757106414607 0.09391459810538685 0.07722259262638015
7 0.2983864615932107 0.29120918615376756 0.059037133488903895 0.06034906978865731
7 0.3561750211430695 0.2276661349258632 0.07773672484040765 0.09934785101841978
7 0.3912955869377912 0.19176511211348105 0.030618170722301902 0.03240322137189638
7 0.36228571794990416 0.15548269823571406 0.04371856253566984 0.042480792436042455
7 0.3544651774078748 0.11821522622607329 0.04371856253566984 0.042480792436042455
7 0.3266750632308901 0.10527260993698512 0.04153200203608082 0.040245641703129234
7 0.2850043015294843 0.13613484721729427 0.06898415911399611 0.08929613697565578
7 0.25358058018390806 0.15316960603449678 0.03934544153649179 0.038010490970216006
7 0.2278853324497092 0.12635102936721074 0.04045136924239713 0.041350288558894846
7 0.18509599558628745 0.15165124683661882 0.04697943210088723 0.04250018520207896
7 0.21294618517979838 0.17514941868126255 0.04916599260047632 0.04473533593499218
7 0.2044592160317131 0.21176437130516515 0.0470110507411642 0.04805574075763452
7 0.16747423751633342 0.206544586623418 0.049172316328531696 0.04584644704610329
7 0.13946315520930377 0.2502654048733237 0.047004727013108816 0.046944629646523406
7 0.19449358157434835 0.2750362942127162 0.06453515337815337 0.071492502176496
7 0.24455365699087453 0.28588920551416497 0.05800076679160788 0.06923149442220064
7 0.23778845433030737 0.2430726422043142 0.05683792553320411 0.05589169683352187
7 0.2800026942925827 0.21221363705167784 0.04046401669850789 0.04357251078111706
7 0.2959121714671016 0.23841847986529877 0.07542368977971087 0.07489047806328433
7 0.4537481589773758 0.18380347346251433 0.04483713769768606 0.04804281224694351
7 0.4810264135337679 0.20229841317948533 0.038290103655029634 0.04355958227042606
7 0.4889446095087622 0.1612357839834655 0.042656900926152236 0.0469187726251414
7 0.607587649659661 0.2863816001328974 0.06442765000121194 0.052603613287607105
7 0.6576919911725749 0.305012289212124 0.0698814037940738 0.05596926789766788
7 0.6057014662427029 0.3369242271777619 0.04371856253566984 0.04248079243604252
7 0.6130860319008041 0.39307735594861876 0.04819918691178956 0.06583998279075785
7 0.5726947380749333 0.3622826229452795 0.03827113247086355 0.04022624893709273
7 0.6470848606694821 0.35105875776977996 0.049191287512697905 0.04917978037943663
7 0.6140405524852739 0.4653028102985138 0.04373753371983605 0.04581412576937585
7 0.5795073686959157 0.4134325195884637 0.053646616976595854 0.06809452628970752
7 0.6492243555605495 0.4405128985972427 0.04376282863205757 0.0502585702138203
7 0.6133389810230196 0.4375218003930632 0.03716520476495821 0.03688645134841383
7 0.6956697949926501 0.4846765183383156 0.06120472280432671 0.059250887188237206
7 0.3678779683592123 0.8516035057298434 0.08309562271243873 0.08604683896181389