7 0.5587092768681176 0.3388930048402151 0.050027588393738553 0.0645002852882973
7 0.5748044461356028 0.2535568179973108 0.04737932750467598 0.05774982873303189
7 0.37534810648245176 0.6499376165311501 0.05798760098189749 0.08810735965208008
7 0.4769854496910155 0.7521315966831444 0.028978570569977668 0.04069797512805346
7 0.41266656498491217 0.7914433976563237 0.03162683145904039 0.04744843168331886
7 0.4439583381825885 0.818757601151723 0.036862433553281074 0.04752652600190336
7 0.6437564783776356 0.6354835745196776 0.0395106944423438 0.05427698255716876
7 0.29826004488113916 0.6185843830501501 0.057880991535099804 0.06461742676617403
7 0.5711129356600206 0.49009495204607223 0.04211326556849299 0.05096032501847424
7 0.15174782348769 0.30933123868436724 0.05002758839373862 0.0645002852882973
7 0.09954410175499252 0.2749932485186569 0.04214372541043518 0.057671734414447486
7 0.11805908309697404 0.23332026990887034 0.03422940258518958 0.04413177414462453
7 0.13924517020947477 0.17994137201542293 0.0421284954894641 0.05431602971646091
7 0.7681485905587221 0.33866107288560704 0.03949546452137257 0.050921277859182185
7 0.7969139422351046 0.3458020010337947 0.03422940258518958 0.04413177414462453
7 0.7862675939554554 0.38423641642347145 0.03684720363231 0.04417082130391678
7 0.7324351433588049 0.420348701335833 0.03949546452137257 0.050921277859182185
7 0.6890205922272371 0.4683621413283166 0.04479198629949771 0.06442219096971298
7 0.6704294612804002 0.5268136434280362 0.0473945574256472 0.06110553343101847
7 0.6793404712492986 0.5823194360023375 0.0395106944423435 0.05427698255716876
7 0.7198478528352954 0.5980253381123066 0.042128495489463916 0.054316029716460816
7 0.717481345484198 0.5426171634362358 0.04474629653658434 0.05435507687575326
7 0.7386978924386407 0.48252685614681534 0.03683197371133878 0.0408151166059302
7 0.7595336913688067 0.5063291663070593 0.03948023460040164 0.047565573161195605