7 0.3402364066193853 0.6613043478260869 0.02695035460992908 0.03959420289855072
7 0.47260047281323875 0.3998260869565217 0.03111111111111111 0.04023188405797102
7 0.4506855791962175 0.22750724637681158 0.032293144208037826 0.04017391304347826
7 0.48858156028368793 0.270463768115942 0.027612293144208037 0.0391304347826087
7 0.5302600472813239 0.4234782608695652 0.025011820330969266 0.034028985507246375
7 0.5602836879432624 0.6181159420289855 0.02912529550827423 0.03518840579710145
7 0.5275177304964539 0.4547246376811594 0.02635933806146572 0.03066666666666667
7 0.5392198581560284 0.34759420289855075 0.03713947990543735 0.05576811594202898
7 0.5662647754137116 0.3309855072463768 0.0224113475177305 0.029014492753623188
7 0.5888179669030733 0.2966376811594203 0.027068557919621747 0.0316231884057971
7 0.6180851063829786 0.2903768115942029 0.030638297872340427 0.03855072463768116
7 0.6039952718676123 0.3912463768115942 0.030141843971631204 0.03828985507246377
7 0.6382742316784871 0.41278260869565214 0.029929078014184398 0.03811594202898551
7 0.6091016548463356 0.42298550724637685 0.029763593380614656 0.03539130434782609
7 0.6736643026004727 0.35507246376811596 0.027659574468085105 0.035072463768115944
7 0.6908037825059101 0.43884057971014495 0.0266903073286052 0.029768115942028984
7 0.7055082742316785 0.5043768115942029 0.031442080378250595 0.03553623188405797
7 0.6461938534278959 0.5153913043478261 0.02557919621749409 0.034869565217391305
7 0.6110401891252956 0.5407246376811594 0.02309692671394799 0.029420289855072466
7 0.5778959810874704 0.5174492753623189 0.029905437352245864 0.035797101449275365
7 0.575531914893617 0.4766956521739131 0.02517730496453901 0.03205797101449275
7 0.5805910165484633 0.4467536231884058 0.02297872340425532 0.029391304347826087
7 0.49758865248226947 0.31223188405797103 0.02789598108747045 0.033652173913043475
7 0.5575650118203309 0.16895652173913042 0.027163120567375888 0.035478260869565216
7 0.5683215130023641 0.21437681159420288 0.05836879432624114 0.04855072463768116
7 0.6084869976359337 0.10365217391304347 0.029432624113475175 0.03773913043478261
7 0.6436643026004728 0.2395072463768116 0.026666666666666665 0.035101449275362316
7 0.67274231678487 0.23788405797101447 0.03104018912529551 0.03988405797101449
7 0.6140425531914894 0.4579710144927536 0.023238770685579196 0.025797101449275363
7 0.6139243498817967 0.4847536231884058 0.026075650118203307 0.028492753623188406
7 0.5949881796690307 0.462695652173913 0.022316784869976358 0.027652173913043476
7 0.6123640661938534 0.5980869565217392 0.025319148936170214 0.03208695652173913
7 0.6490070921985815 0.5646666666666667 0.022860520094562648 0.02820289855072464
7 0.6366430260047281 0.5906666666666667 0.030094562647754137 0.032724637681159414
7 0.6743971631205673 0.5659710144927536 0.02817966903073286 0.035942028985507246