7 0.5037202942333586 0.7604037605867628 0.06386798874770373 0.08191321679884067
7 0.5496519095680363 0.7203587166786963 0.06404798487926326 0.06199627751889823
7 0.5414464861748824 0.6573329875269031 0.07735914774279595 0.061352207933422345
7 0.5651719867908219 0.6031905203654211 0.052497198700664126 0.05273994969748183
7 0.608110638219077 0.5913579142021023 0.06161334902827104 0.057484258074348774
7 0.6429323291375785 0.550371398348451 0.0605516293718653 0.05855419070240677
7 0.5055066864909402 0.5672474579241282 0.05806512743117638 0.05293352380774645
7 0.44253569056407577 0.5900433529276847 0.05117614859577449 0.0482666450749855
7 0.4247671143513748 0.6360645383236 0.06925285098189783 0.05442931947838679
7 0.40625867876930444 0.7098212673833134 0.06277880086407045 0.058631620346512765
7 0.3474460985846619 0.7033347920140642 0.05563049158018429 0.04842150436319724
7 0.4311481785664636 0.47582626696052716 0.0483021861647386 0.05812832765982441
7 0.4525687085556528 0.42326934133010546 0.0488452449241758 0.0459719205306579
7 0.46015941478434125 0.3802256648860465 0.04736859655019568 0.03817267355782884
7 0.5179392787221851 0.3372611842592032 0.047576060908982996 0.0426072633582723
7 0.7096986781787873 0.5060536651228649 0.08681396283581139 0.09709993009134063
7 0.7369220694845037 0.42482676507777256 0.05462063801347562 0.0506000844413661
7 0.7636252647108728 0.37856097453322535 0.059126847087582125 0.05186359117968858
7 0.5867177415127147 0.21417140984266633 0.030146149461690638 0.026505476725926222
7 0.577406325757555 0.2343910265043203 0.031259735207793085 0.026544191547979157
7 0.5847255026065248 0.18523043167362505 0.0369832622073957 0.030063708008576433
7 0.5242212163050181 0.10761630279804246 0.06974404365163833 0.041164264899109355
7 0.4801049141097293 0.10885868595222865 0.04459836629855332 0.05025165104288961
7 0.44545255557393193 0.13430478009330138 0.04063521598388415 0.03683173717540043
7 0.438740502505331 0.20625071988434876 0.035921542550990206 0.03113364063663436
7 0.4617581349984668 0.28644816829654607 0.04312171792457319 0.04245240407006056
7 0.5766756774824614 0.11887876017149923 0.04190439999907709 0.040196394347785956
7 0.6659409981198378 0.1658449498592191 0.04503769287859712 0.035877949013501303
7 0.6542468126033827 0.1893130792270998 0.03475609071519105 0.02998627836447056
7 0.661457651725821 0.21399368429493584 0.03263265140237981 0.03212614362058642
7 0.702921189962475 0.1860082604609036 0.04058334989418732 0.0357230897252895
7 0.6972983247775073 0.23467260379962285 0.056536612967499296 0.044025629384806655
7 0.73073029502305 0.25915435973559203 0.03258078531268285 0.031017496170475552
7 0.7313938904402535 0.2092071522475237 0.03597340864068716 0.03224228808674522
7 0.7462380907868011 0.332983243417809 0.040946412522065 0.04348362187606568
7 0.8011745308855954 0.20774656255044413 0.03936603196869121 0.0334670800030149