7 0.6068732057888714 0.22994615782115546 0.042489369515944446 0.06391742585577768
7 0.6487074780637778 0.2775237143958874 0.03183427227490654 0.047121075927780975
7 0.6407329642689679 0.3587095200732963 0.04985835006773698 0.06099181248478175
7 0.5145591044771273 0.292603055727409 0.03420325282669879 0.04396722223330956
7 0.6091341546803377 0.47306784962352394 0.03433427227490654 0.04723519608951871
7 0.7101929407500542 0.4417990638364706 0.03433427227490654 0.04723519608951871
7 0.7459082324731682 0.4923592938630673 0.03670325282669893 0.0440813423950473
7 0.7993200533685936 0.5486203258061418 0.036965291723113865 0.0506172901074656
7 0.5421086684751478 0.3884584390939829 0.03157223337849132 0.04058512821536267
7 0.5457170185428847 0.4473390285866165 0.03157223337849132 0.04058512821536267
7 0.5351823102659986 0.49578803562106505 0.031572233378491174 0.04058512821536267
7 0.5180966295787326 0.3808383498450561 0.03407223337849132 0.040699248377100414
7 0.45383318226995767 0.30287900718967103 0.031703252826698926 0.04385310207157182
7 0.4446794934412793 0.3546530481611977 0.031572233378491174 0.04058512821536267
7 0.4183639837171755 0.35182079953484685 0.03446529172311401 0.050503169945727865
7 0.6670378435090162 0.4235191518058833 0.036834272274906536 0.04734931625125645
7 0.8435126757112369 0.6550214117926385 0.036834272274906536 0.04734931625125645
7 0.8302371895060469 0.5728655847404588 0.03446529172311415 0.050503169945727865
7 0.8207063880588291 0.5218696294840037 0.036834272274906536 0.04734931625125645
7 0.48202362460270337 0.8815386200621662 0.03420325282669893 0.04396722223330938
7 0.4426291578457209 0.8014525051679493 0.03670325282669893 0.0440813423950473