14 0.473636116285424 0.7775279228620147 0.14287001171003832 0.1256771571332437
14 0.786461433524471 0.6818144118217675 0.10359554035547351 0.10078522923209264
14 0.7551234636366488 0.6101076172903266 0.08994281690113688 0.08616241934097764
14 0.8815260158153476 0.6703129528001015 0.11641284260278428 0.12033591982113301
14 0.5886319162253435 0.6159370161133327 0.09210848803268265 0.09025088105269685
14 0.614186177731196 0.5531294602670017 0.0828224517498295 0.08480101052127503
14 0.5427093986705877 0.47487873418010257 0.09423881425583555 0.09334332682816109
14 0.5236409064023723 0.563869798777486 0.09270935147535438 0.10718315196903151
14 0.403806057435095 0.5179218802753787 0.09113168719208707 0.09119469800560208
14 0.46907498921302426 0.4497060647494462 0.0859649237219705 0.08794565528008902
14 0.43976773912037465 0.3925197997687269 0.09892360560285121 0.1114804096141493
14 0.4194669694658473 0.2617306358455326 0.09015488635149174 0.09213851495850753
14 0.49840790958970316 0.25138602496278234 0.10615000547933602 0.1158298662426167
14 0.5501301740908522 0.328120862906236 0.09221452275785985 0.09323892886146179
14 0.6318778095571207 0.3114587453878773 0.11417648165445395 0.11425542623690384
14 0.7422386535425831 0.360894837293183 0.09423881425583555 0.09334332682816109
14 0.6928443371355335 0.3782313063424753 0.08188099581762667 0.08674084341043546
14 0.8243847147207743 0.2985203846737945 0.10062979292529474 0.10262066415455377
14 0.8496530349894571 0.4554147588730169 0.09860550142731904 0.10251626618785449
14 0.9280140089996253 0.5141366586099387 0.11876809487068564 0.1582367243821718
14 0.20950137780322886 0.4517291730405402 0.10052375820011743 0.09963261634578884
14 0.2842138069667622 0.5072803285269735 0.11176339616416114 0.10319485297139977
14 0.30742406036171294 0.3926538445037086 0.14601248368217942 0.12882180189205747