14 0.4565049504950495 0.3233234714003945 0.07378217821782178 0.0757396449704142
14 0.41944554455445543 0.4642603550295858 0.06930693069306931 0.07303747534516765
14 0.454 0.5668047337278107 0.0794950495049505 0.08249506903353057
14 0.3651881188118812 0.5694773175542407 0.06434653465346535 0.07538461538461538
14 0.30357425742574257 0.5630966469428008 0.06611881188118812 0.07507889546351085
14 0.2763960396039604 0.44 0.07783168316831683 0.07787968441814595
14 0.32123762376237625 0.3848126232741617 0.07205940594059405 0.06987179487179486
14 0.38033663366336634 0.36098619329388565 0.12881188118811882 0.1252465483234714
14 0.5048910891089109 0.4474358974358974 0.07583168316831683 0.07170611439842209
14 0.6005742574257427 0.4646153846153846 0.07774257425742574 0.07749506903353057
14 0.5457227722772277 0.4822386587771203 0.0683960396039604 0.06779092702169624
14 0.6025148514851485 0.3929881656804734 0.08162376237623763 0.07196252465483234
14 0.6685049504950495 0.36499013806706115 0.08543564356435644 0.08430966469428007
14 0.6439801980198019 0.2977810650887574 0.07201980198019801 0.07840236686390532
14 0.5455148514851486 0.2948520710059172 0.12019801980198021 0.12355029585798817
14 0.38202970297029704 0.21949704142011833 0.11992079207920793 0.13604536489151872
14 0.2812871287128713 0.25487179487179484 0.07133663366336633 0.07419132149901381
14 0.22256435643564357 0.31581854043392504 0.11127722772277228 0.13080867850098618
14 0.2693564356435644 0.17566074950690336 0.09427722772277228 0.07183431952662722
14 0.1847623762376238 0.4035897435897436 0.06844554455445544 0.07070019723865878
14 0.20951485148514853 0.4715877712031558 0.06637623762376238 0.06359960552268244
14 0.1470792079207921 0.4997337278106509 0.1385049504950495 0.2456508875739645
14 0.2581881188118812 0.721646942800789 0.08784158415841584 0.0898224852071006
14 0.1902376237623762 0.6710650887573965 0.11215841584158416 0.09059171597633137
14 0.424980198019802 0.7891025641025641 0.09316831683168317 0.0858974358974359
14 0.464960396039604 0.7419132149901381 0.08903960396039605 0.0758086785009862
14 0.43993069306930693 0.6647633136094675 0.22958415841584157 0.10241617357001973
14 0.5934257425742574 0.6558185404339251 0.08914851485148516 0.08684418145956607
14 0.5677524752475247 0.5789644970414202 0.15176237623762376 0.06853057199211045
14 0.7111188118811881 0.6428007889546351 0.09299009900990099 0.12580867850098618
14 0.757009900990099 0.4879585798816568 0.08337623762376237 0.07013806706114399