14 0.6797173489278753 0.6260370009737098 0.17175438596491227 0.11665043816942551
14 0.5055555555555556 0.3820934761441091 0.08366471734892787 0.09316455696202533
14 0.7188401559454191 0.4175851996105161 0.12141325536062378 0.17664070107108082
14 0.6080896686159843 0.37935735150925026 0.12480506822612086 0.13265822784810127
14 0.3013352826510721 0.568442064264849 0.09753411306042885 0.11511197663096397
14 0.3936842105263158 0.5650730282375852 0.0869785575048733 0.08345666991236611
14 0.5976510721247564 0.7521129503407984 0.1389376218323587 0.16096397273612464
14 0.4071345029239766 0.6234858812074002 0.07961988304093567 0.06944498539435248
14 0.4292592592592593 0.7130379746835442 0.2066569200779727 0.16888023369036026
14 0.33824561403508774 0.309620253164557 0.08615009746588694 0.07421616358325218
14 0.25503898635477584 0.2525998052580331 0.07038011695906432 0.0699902629016553
14 0.2229337231968811 0.3437682570593963 0.0875925925925926 0.09979552093476143
14 0.3396588693957115 0.42381694255111974 0.0962962962962963 0.16045764362220058
14 0.268187134502924 0.4600486854917235 0.10053606237816765 0.12045764362220057
14 0.5096198830409356 0.22685491723466406 0.22005847953216373 0.13403115871470303
14 0.5172904483430799 0.11258033106134373 0.09662768031189084 0.10462512171372931
14 0.6082261208576998 0.14243427458617333 0.07505847953216374 0.08258033106134373
14 0.7049512670565302 0.21790652385589093 0.10790448343079921 0.18153846153846154
14 0.8097465886939571 0.3220058422590068 0.13258284600389864 0.1483739045764362
14 0.33408382066276804 0.22381694255111978 0.07623781676413255 0.07677702044790652