14 0.5744218796598691 0.5905187895457608 0.11611791727619067 0.11883566095759136
14 0.6971720685643625 0.6600041980264725 0.11780259016606436 0.11073438175379555
14 0.30518565102959294 0.6157097800663969 0.13730400162968695 0.13003598367373384
14 0.29370340774462084 0.7828850004761478 0.15926438118433983 0.2015916839543274
14 0.2216920509600053 0.6778336616101718 0.12430306065393854 0.11716824906044179
14 0.3372597763863312 0.5048378851255756 0.11888600191404328 0.11180669297157
14 0.32297835879142706 0.40223711806423684 0.15601129170898115 0.15441281535950388
14 0.2925308548907575 0.30293750274725273 0.11144676486001544 0.10737428493895304
14 0.3843882641418086 0.27161027119199854 0.16523448600552124 0.19675505945769473
14 0.7111940885071526 0.493734265146056 0.08554131302973547 0.08368799604023792
14 0.7717871153402229 0.523145592079596 0.09736241213628792 0.09343423910788666
14 0.6829147584997626 0.5568911358831665 0.11891153656005811 0.13429995552428758
14 0.6396152401523021 0.4014425822754203 0.23483373936239368 0.20507532088464062
14 0.7599999601371712 0.751676919690813 0.1598883227408281 0.17094942114397443
14 0.6074048788712245 0.7566665948043303 0.19665057246549159 0.18389014983164986
14 0.45646187698897206 0.7155735730677184 0.21299817880639418 0.20202399842613364
14 0.6192829091694287 0.2408458048274584 0.08224286272518991 0.07944647222298043
14 0.5028105145172287 0.2574610546608066 0.186488611602798 0.14354936500748797
14 0.8158794813930796 0.3324861910031376 0.14912510073623952 0.13978222674138246
14 0.8282719489299902 0.6069317792824205 0.14999297182719143 0.15822484969220224
14 0.9223443967376077 0.5724353351276833 0.10013335100556234 0.1303672060633659
14 0.8322539727773185 0.4564601883455796 0.18822720801612317 0.22439654585062782