14 0.6743414220682531 0.55637990841549 0.08537266240654827 0.08287458208037571
14 0.5206243681058758 0.6012701429190941 0.08206294350249456 0.07744903449372977
14 0.4076483856478516 0.5664750454630433 0.09301138563960593 0.08835028506990543
14 0.40715209429014926 0.6629378192563661 0.08416448000969652 0.07208618116068913
14 0.41659717366441096 0.7301866463816327 0.08418966627261663 0.07424135357448224
14 0.552740809339153 0.7560914688920096 0.0875875370968904 0.0872100046094038
14 0.6116790382500703 0.7052940734816652 0.07885396965012154 0.08064417656225648
14 0.6358152252542423 0.6403505075012892 0.141272682963116 0.1438588910533534
14 0.5368447829848688 0.5073195213075581 0.08106884434046392 0.08497959909128482
14 0.5150730718019337 0.40410948360918814 0.0875875370968904 0.0872100046094038
14 0.49737372219969794 0.4641286785542037 0.07663909495977916 0.07630875403322838
14 0.593492199305027 0.399428865207778 0.08113180999776401 0.09036753012576756
14 0.6224103642591085 0.32688577095088156 0.09416919551061721 0.09482834116200568
14 0.6962993764414932 0.3513564049639228 0.08859422939038128 0.08075702621874556
14 0.7029636484330235 0.45851353829652475 0.1389948426154735 0.13413553748984244
14 0.7910615864657025 0.6337020444917918 0.15306410668473758 0.1342985425492154
14 0.755014720102695 0.7445872210485627 0.08317038084766576 0.07961674575824393
14 0.6902941175141074 0.810000993930976 0.14753951309034163 0.12453757243354137
14 0.8428092856453632 0.7548862293125759 0.08237777178899586 0.10438868966614356
14 0.5955597475344141 0.8542078610702858 0.07988584820653241 0.07634637058539133
14 0.5200473587286527 0.8297560353333261 0.07120265328560377 0.07409088736583022
14 0.49108511781446107 0.8985275778660845 0.27345843257526853 0.15831966532407366
14 0.24350664183892462 0.7844620629568353 0.10179532561221506 0.09922645794463895
14 0.3017222821375153 0.857073365937588 0.10317981184950738 0.125101065760877
14 0.1645637620452697 0.6053954248063019 0.09752928694051094 0.10456423357623747
14 0.21490694795547857 0.5600862712362082 0.08664381046069985 0.09905091403454482
14 0.3007070186083552 0.5849577709947668 0.11982990964476814 0.2535093682916608
14 0.3052422931598242 0.41731788271802694 0.09856116549692187 0.10026642759937245
14 0.39051383140303536 0.4432732381088425 0.07986142016692536 0.16685107311398073
14 0.3156547689865704 0.2894859898428546 0.14190158131280536 0.10507832645579848
14 0.48440999991732236 0.23472193556708762 0.07899249409618207 0.09249762483811867