14 0.36122531362690347 0.6490227732331174 0.07999260041600553 0.0759060587121282
14 0.10728617593473327 0.6205573321118992 0.07488620268739764 0.07283719656039732
14 0.07524308300934256 0.44214274405561926 0.07799960666388296 0.0788534641496466
14 0.3586411904924624 0.4740811505019685 0.07387200390443611 0.07281984560122429
14 0.44717435857572024 0.8394402256619665 0.08101860047023375 0.0769174454565895
14 0.2657195095951573 0.6362402445087164 0.12216481408076633 0.12631923730264197
14 0.1767886510187529 0.6646060951187392 0.08336563236036079 0.10379111357771932
14 0.21789981608847758 0.7523899171220548 0.06568760601314359 0.06671682321610926
14 0.2843180351011864 0.7502593935109234 0.07289320893527519 0.07578460199791606
14 0.3079045903501626 0.8144813229732645 0.06463800341638172 0.06371736490107119
14 0.3453253712380582 0.29236346234511995 0.07799960666388303 0.0788534641496466
14 0.41832408106874974 0.28912612171407454 0.07802320920641656 0.08084153572022326
14 0.43849665519692926 0.36484019106433685 0.06463800341638172 0.06371736490107119
14 0.25666594190079073 0.34359213601677324 0.07485079887359722 0.06985508920453273
14 0.2205678302085168 0.3790080230320971 0.060522201928201694 0.05867778213793726
14 0.31218241217914516 0.44852867083420894 0.06674900988117236 0.07071031731643561
14 0.1465379302339487 0.4662760894383477 0.07281060003640746 0.06882635150089816
14 0.21493144109187978 0.4596377028750726 0.06569940728441043 0.06771085900139753
14 0.5509963671154096 0.3992052162387225 0.07285780512147466 0.07280249464205114
14 0.580798994865067 0.602514076325142 0.04723140630830145 0.04950589760109157
14 0.5529686005089386 0.7362180493697925 0.05440160541663251 0.055591569027033334
14 0.44617053997205547 0.669442755418499 0.07489800395866446 0.07383123234568581