14 0.34879432624113477 0.3788640973630832 0.15299898682877405 0.13309330628803245
14 0.4459067882472138 0.45926977687626774 0.1090273556231003 0.09346855983772819
14 0.4635359675785208 0.5375050709939149 0.11755825734549138 0.09136916835699797
14 0.49444782168186424 0.6152738336713995 0.1100709219858156 0.0911764705882353
14 0.5891691995947315 0.0836916835699797 0.11126646403242148 0.0765314401622718
14 0.8280141843971631 0.16996957403651117 0.10080040526849036 0.08948275862068966
14 0.9331408308004052 0.38175456389452334 0.10008105369807498 0.09315415821501014
14 0.9072441742654509 0.48004056795131844 0.13170212765957448 0.09082150101419878
14 0.9075177304964539 0.5726673427991886 0.10525835866261399 0.10452332657200812
14 0.752451874366768 0.5992697768762677 0.11648429584599797 0.11074036511156186
14 0.7055623100303952 0.7157606490872211 0.11346504559270516 0.12026369168356998