14 0.5251004935378252 0.6519519987600928 0.10674281579092097 0.10943144195428643
14 0.6297521618697531 0.7643696632578872 0.11062010149031956 0.09977534207706244
14 0.24836730314599562 0.5884680925788947 0.12802507343375744 0.1176410544939949
14 0.19207277419276764 0.7577602966938336 0.13969115779697713 0.1928624449262444
14 0.14736413397695056 0.6252955572077354 0.11640256181605045 0.10536826070879363
14 0.30947692784939834 0.4840870055419871 0.11171900258922053 0.09980696928166954
14 0.3230723095818288 0.3728953524959758 0.14461909910952 0.14090992231501576
14 0.3186222096317588 0.2595514157913389 0.10391151296442264 0.09741166580594178
14 0.4194308195293123 0.25755400066506084 0.1481368207907153 0.18659372343266628
14 0.6881581065714156 0.5967711483347712 0.07968277056259762 0.07500836407441042
14 0.7410610185848916 0.6472813656456896 0.09228900134671551 0.08513887202074052
14 0.6433763390853061 0.6526345319510063 0.1076066802845974 0.1257357897803734
14 0.6411388185954282 0.4767589680417624 0.22355785985117554 0.18116730489838112
14 0.6681818094363894 0.8803244780879523 0.14663945566834288 0.15833285386744908
14 0.5142975146266247 0.8350725454685292 0.18538894896110672 0.16487458863739252
14 0.37338678277120474 0.7422949843363515 0.19943962664159634 0.18155846291876426
14 0.6635113908983349 0.3037689292796561 0.07731219546605998 0.07168424009997881
14 0.5419341693139065 0.28230771335727073 0.1808875081135004 0.12133307335861307
14 0.8360739089776389 0.46386290878534725 0.14051612228538513 0.12559764939684673
14 0.775642175935252 0.7527835847008046 0.13721474624843782 0.1461233144914618
14 0.879342015995671 0.7481478462816965 0.08672755940547651 0.1251348728928386
14 0.8201702158551603 0.5978490215832731 0.16710142156301536 0.21318671522811883