14 0.6457749259624876 0.43068359375 0.09334649555774926 0.086826171875
14 0.7412240868706812 0.32896484375 0.08525172754195459 0.0909375
14 0.6041855873642645 0.680927734375 0.09999012833168806 0.1058984375
14 0.7608193484698914 0.717861328125 0.16769002961500495 0.109169921875
14 0.6430404738400789 0.76736328125 0.09001974333662388 0.0956640625
14 0.5065449160908193 0.634990234375 0.08458045409674235 0.09216796875
14 0.40489634748272463 0.631650390625 0.12002961500493584 0.11796875
14 0.3027541954590326 0.644462890625 0.08294175715695952 0.084873046875
14 0.2953701875616979 0.554951171875 0.16157946692991115 0.117578125
14 0.5865153010858835 0.29037109375 0.06403751233958539 0.065400390625
14 0.6287166831194472 0.239580078125 0.07204343534057256 0.074912109375
14 0.6396841066140178 0.32626953125 0.10861796643632773 0.0856640625
14 0.4808588351431392 0.341826171875 0.1515893385982231 0.185615234375
14 0.8438203356367225 0.285986328125 0.1360019743336624 0.117919921875
14 0.811954590325765 0.426474609375 0.14054294175715695 0.152236328125
14 0.7360513326752222 0.558046875 0.1541954590325765 0.16435546875
14 0.32296150049358346 0.33564453125 0.061480750246791706 0.06326171875
14 0.31062191510365256 0.44494140625 0.10086870681145114 0.152353515625
14 0.45773938795656466 0.17005859375 0.10708785784797631 0.11544921875
14 0.7227640671273445 0.20109375 0.12576505429417573 0.11154296875
14 0.7124086870681144 0.109326171875 0.10981243830207305 0.067822265625
14 0.5800691016781836 0.1739453125 0.18500493583415598 0.13287109375