14 0.6255034895314058 0.32645792563600784 0.06941176470588235 0.0653228962818004
14 0.8766400797607178 0.32886497064579256 0.06576271186440677 0.06256360078277887
14 0.9282851445663012 0.500215264187867 0.0677666999002991 0.06886497064579256
14 0.6476769690927219 0.49698630136986305 0.06441674975074775 0.0637573385518591
14 0.520259222333001 0.1487573385518591 0.07083748753738783 0.06692759295499022
14 0.720468594217348 0.32947162426614485 0.1059322033898305 0.1101174168297456
14 0.8038983050847457 0.2925636007827789 0.06944167497507478 0.09330724070450097
14 0.7543968095712861 0.21078277886497063 0.05698903290129611 0.05903131115459882
14 0.6896311066799602 0.2197651663405088 0.0630309072781655 0.06695694716242662
14 0.659481555333998 0.15882583170254402 0.05729810568295114 0.055078277886497065
14 0.6803688933200398 0.6735029354207437 0.06758723828514457 0.06836594911937378
14 0.6098903290129611 0.6839138943248533 0.06811565304087736 0.07092954990215264
14 0.5810069790628115 0.6119275929549902 0.057098703888334996 0.05496086105675147
14 0.7618843469591225 0.6142465753424657 0.06572283150548355 0.05958904109589041
14 0.7931904287138585 0.5760861056751467 0.053290129611166505 0.050890410958904106
14 0.6956729810568295 0.5176614481409002 0.05808574277168494 0.06204500978473581
14 0.8555134596211367 0.48340508806262233 0.06371884346959122 0.060097847358121334
14 0.7898105682951146 0.49727005870841484 0.05651046859421735 0.0600293542074364
14 0.46771684945164504 0.5898336594911937 0.06383848454636092 0.06338551859099804
14 0.4158624127617149 0.3940410958904109 0.04058823529411765 0.04270058708414873
14 0.4280358923230309 0.2603033268101761 0.047138584247258225 0.048913894324853234
14 0.5403888334995015 0.3151761252446184 0.06614157527417747 0.0635518590998043