14 0.6573383020161652 0.5545115217817115 0.09325801402168807 0.09199380241891109
14 0.5093794575186813 0.5666380821609858 0.08913338847882434 0.08686437818940335
14 0.4164854463350474 0.5145248609356607 0.10143729940093527 0.09925863890187914
14 0.39291335467479355 0.6021005061892261 0.09001878297604099 0.08190920929668048
14 0.384441707733689 0.6647197131617234 0.09006542678036088 0.08390521728071242
14 0.4999507748041633 0.7130547733954672 0.09638063555653544 0.09708837558106209
14 0.5653379951413933 0.6783717498104196 0.08717602426711205 0.08879068403872109
14 0.6026578611955239 0.6237238978127121 0.15489417814304185 0.1589551259413713
14 0.5463386718741924 0.4845799714501961 0.08927331989178366 0.09285240214149904
14 0.5516302303099083 0.3866710270305601 0.09638063555653544 0.09708837558106209
14 0.5208933560143617 0.43809833511439905 0.08407672463442463 0.08469411486858607
14 0.6224693301509682 0.39717065314441835 0.09039193341059919 0.09787727316893596
14 0.6659294907150743 0.3368246727864808 0.10358123882992676 0.10531636498868913
14 0.726666504925985 0.37260548384063 0.0952387001355602 0.09106550056160931
14 0.7063448863700286 0.4710371942706215 0.15065294308937874 0.14883568175178336
14 0.7427864110612998 0.6467714346254959 0.163748960900067 0.15228275760347276
14 0.6840275696096855 0.7405568871966374 0.09018203629116014 0.08889523724079225
14 0.6103327934313286 0.7879937692207409 0.15650171382235575 0.1420587602118138
14 0.7600162020113553 0.7663338943162794 0.09370113016272566 0.11095587826721448
14 0.514687635577688 0.8107656984639706 0.08708273665847273 0.08479866807065745
14 0.4534729412649292 0.7740043089514839 0.07899673888786464 0.08152584755575304
14 0.41109641136639874 0.8308224242700084 0.2779549336965933 0.19813709587948822
14 0.21685049747125304 0.6815178853225236 0.1106885544946783 0.10955233842825207
14 0.25160453539536787 0.7580901327412374 0.11625830018659555 0.13367868957342063
14 0.1894503307542859 0.5044719813694198 0.10777583007926976 0.11343980119424502
14 0.24526020825996397 0.472615052904304 0.09661385457813408 0.10706841550122177
14 0.3159472968445553 0.5110413652609308 0.15610775484021397 0.25373065411553103
14 0.3605277464971941 0.3599118726968972 0.10768254247063022 0.10944778522618114
14 0.4306905111756175 0.3993536145792184 0.10302318874780694 0.1671229103589651
14 0.40073827174186133 0.24583050657320402 0.14806588751934988 0.12381587981667008
14 0.5643681097765529 0.22717573069779992 0.08943657320690282 0.09983843008561082