14 0.7543924302788845 0.4949411764705882 0.09296812749003984 0.11614705882352941
14 0.5702988047808766 0.22396078431372549 0.07873505976095617 0.08047058823529411
14 0.5089741035856573 0.26802941176470585 0.06670318725099601 0.07060784313725489
14 0.5317330677290837 0.1380686274509804 0.09563745019920318 0.0883235294117647
14 0.5625298804780876 0.42155882352941176 0.0695418326693227 0.07136274509803922
14 0.49409362549800795 0.4108235294117647 0.06632470119521913 0.06344117647058822
14 0.43792828685258967 0.4929901960784314 0.07250000000000001 0.07314705882352941
14 0.5310159362549801 0.49277450980392157 0.08857569721115538 0.06698039215686274
14 0.519711155378486 0.6133137254901961 0.07209163346613545 0.07101960784313725
14 0.4344123505976095 0.5665588235294118 0.06958167330677291 0.06589215686274509
14 0.3870418326693227 0.605843137254902 0.0919820717131474 0.07234313725490196
14 0.264292828685259 0.651656862745098 0.07249003984063745 0.06903921568627451
14 0.23142430278884463 0.5800588235294117 0.09354581673306774 0.0791078431372549
14 0.2919820717131474 0.5163431372549019 0.07411354581673306 0.07102941176470588
14 0.25223107569721115 0.4434019607843137 0.08970119521912351 0.08790196078431373
14 0.26860557768924304 0.33097058823529407 0.07283864541832669 0.0732843137254902
14 0.30001992031872515 0.37335294117647055 0.0696613545816733 0.06167647058823529
14 0.18355577689243027 0.267421568627451 0.08187250996015936 0.0763921568627451
14 0.3301693227091634 0.2116764705882353 0.08159362549800797 0.0747843137254902
14 0.3648605577689243 0.1271078431372549 0.13703187250996018 0.07925490196078432
14 0.511613545816733 0.8071176470588235 0.07796812749003984 0.07835294117647058
14 0.544113545816733 0.7263137254901961 0.07720119521912351 0.08933333333333333
14 0.42547808764940237 0.728235294117647 0.09611553784860558 0.11746078431372549