14 0.3806241711583916 0.3162263400087247 0.1362970496168123 0.19543479372417827
14 0.6483728542674004 0.5008275944246715 0.105050811710693 0.09943614849768702
14 0.6016152717061288 0.27347588126872757 0.19600751680338613 0.14834684509192206
14 0.6470501969295506 0.3910391959097345 0.15028156675501703 0.14725606241406242
14 0.458607663273155 0.7202832755695834 0.12914077096436896 0.11614222148791395
14 0.4581975022331997 0.6214580535084382 0.09571949373453725 0.10107941072541074
14 0.25010558397992305 0.4047931999939693 0.18062062793537612 0.16529212967797582
14 0.3954346940849933 0.6076141524823063 0.07900280727478302 0.09302825482440863
14 0.29897881982557906 0.5844004886414117 0.19394133868676483 0.23863818891141972
14 0.7331451630448726 0.6789867160501777 0.08531238764985011 0.09955575429560043
14 0.7976358341351019 0.7677957307679617 0.07992135141751598 0.08268165996842927
14 0.7020679006578767 0.8023469979279212 0.11237570174590775 0.10393306142890767
14 0.6109493602999548 0.677975644891799 0.17800941551059468 0.11945725286186823
14 0.575732601425822 0.7548602605861069 0.1354140642704056 0.1195512178406024
14 0.8143244661887763 0.4955561099063408 0.15874345161985118 0.24946607305838078
14 0.9355956769461226 0.4866435056504289 0.11768206815050404 0.11353064847957155
14 0.8998001456492631 0.389810408900486 0.09349534337941359 0.08850856717333641
14 0.8151964482545621 0.2865437776580855 0.20104777803509277 0.1350754092735632
14 0.7000000443326412 0.17561188177726653 0.167022444594125 0.15738622039406655
14 0.8246273023658025 0.6827275329651485 0.08727043283208423 0.08925757497865189