14 0.6858488416375742 0.6518882087875025 0.20655908713123905 0.18498855315026008
14 0.595995422763386 0.5436001041169507 0.14696490739227927 0.1302145685443208
14 0.5919417317128733 0.4556138706768864 0.15476000761499642 0.13039600151591205
14 0.5732655245730428 0.36518061981880673 0.1468481862802903 0.1279873970521159
14 0.3690935957969278 0.9156979126877504 0.14380396700416267 0.11234535861479826
14 0.1267467606271131 0.7697061998635238 0.13547888659528778 0.12327386410829011
14 0.07294057551761889 0.5195386574692897 0.09767533178379897 0.12350620399237812
14 0.10220928360729183 0.4185124514458796 0.16718453249010673 0.13402186770957705
14 0.1176165304266786 0.318923818617842 0.1464349272061215 0.14132450700940377
14 0.2907475660765086 0.3249286459618162 0.16026484060730675 0.15054422092952258
14 0.3633317647432918 0.21007240351853473 0.15967649986515464 0.16054057364850302