14 0.7088232029959319 0.6236828412702047 0.08073173273115991 0.08411067495212546
14 0.7524916502264077 0.8758979707225069 0.07658657928563015 0.0789426061511619
14 0.5847665928341106 0.9529107342406914 0.08380618164101404 0.08217864574476749
14 0.5362949387471353 0.6712704162761939 0.07760940044837614 0.07796189607867535
14 0.8726212318648778 0.49151670441986384 0.08176652473713819 0.08515016689984116
14 0.7232747215167444 0.7190291138774977 0.13448704824748806 0.12907334714243116
14 0.7767131526542266 0.7973104239323294 0.10956225877976465 0.08897402524574001
14 0.8519503623322146 0.735329243705593 0.07138867756927367 0.06970474237217937
14 0.8310001417939586 0.6716101118219866 0.08068983477984641 0.07703996788141838
14 0.887856497650601 0.6323322179505096 0.06726746581020895 0.06857707761161985
14 0.35972327322028463 0.7308616396529366 0.0838061816410138 0.08217864574476749
14 0.33565072039924504 0.6609937288958803 0.08586379480973808 0.08223742761999686
14 0.404852755268233 0.622068526275779 0.06726746581020895 0.06857707761161985
14 0.4357565439732284 0.8032238937696345 0.07452896611690588 0.07888382427593252
14 0.4811706765147597 0.8292645697721545 0.06209350578031718 0.06337961787304137
14 0.5237431056558433 0.7229232315762126 0.07448108274397623 0.07080301619512422
14 0.5889503085533327 0.8777904682074321 0.07348818868931144 0.07683423131811581
14 0.562338659090277 0.8134046356618946 0.0724174841536358 0.06973413330979407
14 0.40672747011085003 0.5044652359430479 0.07760341502675999 0.07695179506857457
14 0.6001427650041193 0.42313674081472497 0.051727629455685056 0.04995439536558162
14 0.740506031420965 0.41553244218296487 0.05897117349753353 0.057230838999591256
14 0.7047046409808623 0.5362062356148161 0.0776153858699923 0.07897199708877635