14 0.39628707816481906 0.25739122003056175 0.16982292361908777 0.20422320254652976
14 0.5959655465625775 0.4933420122620511 0.12065681290562037 0.10847783857149677
14 0.6196542640322451 0.2658456574187724 0.2167096101265422 0.16856964813289005
14 0.6280401915732278 0.38794459808864673 0.17213556175152653 0.16009925112891554
14 0.3489899835092131 0.6600344796756631 0.14614466339299073 0.12812838057915882
14 0.37805244517168823 0.5654322858046482 0.11143947430229169 0.1094507744356667
14 0.24435296504784793 0.3131884420403092 0.20593770622565455 0.18185096627670883
14 0.3220645771217468 0.5385564023903855 0.0945593623931929 0.09908826388435744
14 0.23744741224033694 0.494910301470591 0.2324927829251858 0.2528302374118751
14 0.6232525300676501 0.6815372830900055 0.10102564649087904 0.10631096098791577
14 0.6583018369761217 0.780386279462884 0.09208254266516384 0.08880937717016646
14 0.5564823008732507 0.7927816144078317 0.1281099829317383 0.11467981476110327
14 0.507121397488454 0.6539841338070987 0.1938889728329537 0.1386700850671507
14 0.4504680504858224 0.7189794480422889 0.15351399210724753 0.13227696867841646
14 0.7556532763534428 0.5247480796486892 0.20085130274554225 0.25880523461501714
14 0.8741983476767722 0.5435623832851667 0.13573083558157784 0.1249885671314079
14 0.8690473126986983 0.44300012503906677 0.10682120009367743 0.09710655336868126
14 0.819320478831543 0.3257602328213877 0.2182222547681702 0.15523457180806655
14 0.7429171596618175 0.19430491194866797 0.1911571281412105 0.17252709603301955
14 0.7096949939961009 0.7056702240202609 0.10167716717186674 0.09707668771256761