14 0.5501131552256665 0.287109280394419 0.1440044694383162 0.1287448607938792
14 0.7733476455487335 0.5520788210583263 0.104483815330548 0.1045392819295059
14 0.7113037090130764 0.5981366041147509 0.09087375251852679 0.08864774961675573
14 0.8495892124824681 0.6167121135907166 0.11709688244051006 0.12343837457978393
14 0.5708927100178542 0.49693408115035015 0.0929879510865809 0.09281592833070228
14 0.5628258652698155 0.5673760055497042 0.0836303268434556 0.08729741332364559
14 0.46325562790981584 0.5964276635328164 0.09509012893824123 0.0959657771057486
14 0.4896474097406191 0.5059399912715331 0.09319230326527353 0.11012753729200574
14 0.3643893262174635 0.4782832158656762 0.09196691395173497 0.09378682879042972
14 0.387518207305999 0.5766483177912078 0.08676556254635562 0.09049469157786467
14 0.33440552146080016 0.6103801271843493 0.0994387332382863 0.11448543392264374
14 0.2540903791868414 0.7157130754899472 0.09094587681688898 0.09475772925015695
14 0.31753291978581993 0.7700793651131249 0.10775127891377839 0.11893818951162746
14 0.39912682083847184 0.731541886763836 0.09302401323576201 0.09587091814740312
14 0.46145215857145494 0.7929890564801421 0.1149586424396687 0.11723353598803722
14 0.5806020503601252 0.8127237804692103 0.09509012893824147 0.0959657771057486
14 0.5459769431483142 0.7688504857129747 0.08262131042500319 0.08928664372227302
14 0.6207343134867375 0.915435623587245 0.1013966624932225 0.10541532343088762
14 0.718857863917841 0.7900332126801313 0.09933054679074316 0.1053204644725419
14 0.8145539533960378 0.7827096452062686 0.11961978536594942 0.16222977121633742
14 0.1650095228075158 0.425317424273019 0.10136060034404143 0.10236033361418702
14 0.2565613601643602 0.41882246882136503 0.11276029885685886 0.10593704770178902
14 0.22108806868817762 0.534365238982184 0.14715172585760997 0.1329604689869985