14 0.3260527465840438 0.4062357239614969 0.17376345703071375 0.1580716769425852
14 0.432322291642294 0.475578111468141 0.12408374427942065 0.11101329694149673
14 0.45952906631416374 0.5512431188497283 0.13119427883652013 0.11015914062362828
14 0.5000096802221397 0.6251760633319505 0.124048194249017 0.10897248061496612
14 0.5293234221180785 0.082782050615556 0.12278101409729089 0.09466301606562368
14 0.7784080088351831 0.1411637607444224 0.11381156981440917 0.10567375348888901
14 0.9094058703436536 0.34072736697190553 0.11490099981411711 0.1097791364055783
14 0.8954172970642671 0.4419729760532661 0.14548644801152685 0.11253246064095249
14 0.9070469473942022 0.5346286682559418 0.12120650461473845 0.12114612778326522
14 0.7554898032148841 0.5795830169940823 0.1335686640031559 0.12959439625292524
14 0.723324955700707 0.7008211597272569 0.13169197926217197 0.13873056919505686