10 0.17404411764705885 0.4523573200992556 0.13830882352941176 0.1407940446650124
10 0.24370098039215687 0.2490818858560794 0.15237745098039215 0.14950372208436724
10 0.37985294117647056 0.14583126550868486 0.14602941176470588 0.12997518610421838
10 0.5553186274509804 0.25712158808933006 0.14318627450980392 0.1560545905707196
10 0.7117401960784313 0.2800744416873449 0.18269607843137256 0.3097518610421836
10 0.785735294117647 0.5441687344913152 0.15 0.1437468982630273
10 0.45867647058823524 0.7168734491315136 0.12519607843137254 0.12143920595533499
10 0.5393872549019608 0.8260545905707195 0.13914215686274511 0.12424317617866006
10 0.40181372549019606 0.8158064516129032 0.1304656862745098 0.12595533498759304
10 0.28958333333333336 0.7109677419354838 0.19404411764705884 0.19838709677419356
10 0.406421568627451 0.2805210918114144 0.17651960784313725 0.16168734491315134
10 0.7381862745098039 0.7693548387096775 0.10502450980392157 0.10277915632754343