10 0.42480147697306464 0.8273540979776012 0.1444989291459262 0.13978068560601611
10 0.22626040327334607 0.7578182717852893 0.15236541105021656 0.15471233198177986
10 0.1292949687311696 0.620700256741008 0.13258638767035505 0.14963406240736893
10 0.24448328985533616 0.442638486451709 0.15937599174147393 0.1448300825759062
10 0.27324537134423776 0.2836924085777535 0.3127918081173556 0.18790875614483726
10 0.5368424867480428 0.20771325504210397 0.14737786014459947 0.1522020697990953
10 0.6957593428089537 0.5379754407198672 0.12446313540215466 0.12725824729711357
10 0.8064269540668647 0.4554543873410037 0.12742765652213134 0.14216102106835676
10 0.7918299857052522 0.5944699489272166 0.12953627642907498 0.1322498990579621
10 0.6837261734586337 0.7092274123688186 0.20284005095550992 0.19718468085577276
10 0.2625894012419765 0.5926254110591431 0.1654762142240339 0.17959840927471984
10 0.7569872048728243 0.2547938664617282 0.1041705712944736 0.10729164025372001