10 0.8267037812934215 0.3867403314917127 0.1940895955647435 0.19337016574585636
10 0.6871397443561158 0.18922651933701656 0.21080103849631193 0.20441988950276244
10 0.5102093543719588 0.11740331491712708 0.19923607613044284 0.18232044198895028
10 0.35662866376176405 0.287292817679558 0.20276331733914546 0.20994475138121546
10 0.19749347997542915 0.35911602209944754 0.2980152567032574 0.3867403314917127
10 0.2021798778452543 0.664364640883978 0.20790979790484465 0.19889502762430938
10 0.6064029746150679 0.7541436464088398 0.17424841181024453 0.1685082872928177
10 0.5544465495881945 0.8950276243093923 0.190800854587504 0.17403314917127072
10 0.6978242913688139 0.8453038674033149 0.17987189283887012 0.17403314917127072
10 0.7851408419244386 0.6988950276243094 0.27281832996550415 0.27071823204419887
10 0.5227785799269271 0.26933701657458564 0.24141218384513613 0.22375690607734808
10 0.3234927325711493 0.8922651933701657 0.1461310066671156 0.1408839779005525