10 0.5580467771461097 0.22241667710037455 0.24039084574235495 0.2769925615134695
10 0.6181702227621874 0.5573706178410699 0.1480036357767425 0.17659193025651934
10 0.7227226280336893 0.745718420093956 0.1721319836850148 0.15932998543560506
10 0.7307028515835204 0.29541727973722876 0.19859627275813233 0.2566350914823266
10 0.4121705676543278 0.6253650424793717 0.12017182032864383 0.13645129098168352
10 0.4567407872919612 0.4470853742106565 0.3126585873004887 0.302868715037897
10 0.35451771200368637 0.2849064385192177 0.2767839892162994 0.2684820573700329
10 0.5335863562826435 0.7378591388013639 0.16669586090692115 0.21528146346087446
10 0.6091920812443248 0.8333840033394615 0.26251439862723813 0.26168035953806107
10 0.8240883347901569 0.6140491342837275 0.11499461497243527 0.1270107196700898
10 0.8812013904142177 0.556436473411766 0.12100900004260297 0.12116149113357294
10 0.8425393444053507 0.7196644591562343 0.1334508146772774 0.14525035512393392
10 0.6634266924982591 0.6581129952049013 0.13948880228997887 0.14144611636246818
10 0.8864590730313389 0.3093736983487619 0.16730881646681067 0.18056426074977822
10 0.3112813912921961 0.6226714975095343 0.19126085585206573 0.23585182947840622
10 0.24821708122497227 0.4720397666433393 0.1942562471158828 0.23190472032262222
10 0.4122070372871059 0.7602629324355868 0.22149799900064043 0.2209206152211796
10 0.2289202880814852 0.7761829626123328 0.0010260000542282857 0.0010701183522981992