10 0.25234574980339664 0.6185192910581637 0.29512217620847336 0.2770145554621008
10 0.38476466379081226 0.7628340265934128 0.189090843030941 0.22479525385791968
10 0.6393566404003357 0.5935872083724779 0.20753524146451627 0.2420434234907936
10 0.7577235767711413 0.6607847608522983 0.14293264186193497 0.1774994644312669
10 0.5539493881108152 0.3030268124566954 0.21503516562233327 0.18800665545938242
10 0.24072163661081847 0.3526035032293251 0.2652147581093846 0.2322924116010184
10 0.4568938485454373 0.4169908920609375 0.2401430190457518 0.25658528664698615
10 0.5947106393132059 0.1419851372855238 0.2563812902984169 0.16837510865121869
10 0.4268367829175581 0.09000078482273141 0.10873240320566419 0.11177900312451221
10 0.37149320743753517 0.216692399038434 0.25356362864958715 0.27785695822016016
10 0.601508526835887 0.7881077380014744 0.25049742975816913 0.2756781575054259