10 0.7767492566897919 0.2949353233830846 0.25877106045589693 0.2630149253731343
10 0.4635678889990089 0.14561194029850746 0.278810703666997 0.25694527363184083
10 0.49916749256689796 0.29097512437810946 0.14686818632309218 0.12183084577114428
10 0.6427651139742319 0.49645771144278605 0.21118929633300298 0.21349253731343285
10 0.5206144697720515 0.4054925373134328 0.15720515361744303 0.1497313432835821
10 0.6814667988107037 0.8225273631840796 0.2084440039643211 0.13899502487562188
10 0.37614469772051534 0.48857711442786067 0.18882061446977205 0.13487562189054728
10 0.27417244796828544 0.593681592039801 0.2378097125867195 0.23444776119402985
10 0.6802180376610506 0.6744278606965174 0.2159663032705649 0.18222885572139302
10 0.5072745292368681 0.5477412935323384 0.17222993062438058 0.1552636815920398
10 0.42575817641228936 0.6230646766169153 0.11776015857284439 0.10717412935323382
10 0.3691575817641229 0.36673631840796017 0.16743310208126858 0.14286567164179106