10 0.81281481845564 0.48017312056333966 0.2570164345024109 0.22022086574434824
10 0.49573549975823966 0.6273653928132841 0.16498953559324964 0.13478936305988384
10 0.3389054235207752 0.780127618840412 0.14190544916323805 0.16404291872466337
10 0.7910085303075682 0.6703959868341184 0.24196202149383858 0.1789220591039495
10 0.3669394777936712 0.4406554235121111 0.12536356316315514 0.11007360991815794
10 0.5578615774561104 0.4386699401063869 0.2732787986569244 0.29632979896702566
10 0.6897473910723171 0.2945855123318713 0.24170912924001042 0.26221856948326666
10 0.29093200355670495 0.5911982150636267 0.20320124419219385 0.1489443186768535
10 0.21774806948782022 0.6905929433804051 0.23704039758026968 0.2484563920424687
10 0.5001945567084098 0.84638840401043 0.11686800518781428 0.10681085841208968
10 0.5747810874993613 0.8878901064118105 0.10978671104362357 0.11410890443077813
10 0.40055726714616374 0.8921816835469707 0.1331769489109463 0.12387261031297209
10 0.40832242563854915 0.6986285570210943 0.12819209082545607 0.13119520496767093
10 0.8232719946272576 0.8285382842232397 0.16572162719685024 0.15588640947338595
10 0.3394761787548558 0.3406097868271554 0.2218262514551063 0.17235973313779693
10 0.4714701362078865 0.23873786335665215 0.21571996617990585 0.17756034883314023
10 0.23201051874523182 0.476010279190056 0.19896179250617488 0.20794240272662706
10 0.16212767650741405 0.29896005358192446 0.0010848226095301343 0.0010671266386805345