10 0.6083751597240317 0.6990258440003406 0.34377734383566383 0.3718700705210043
10 0.7305529866467734 0.5290674116832108 0.26790324139557814 0.24847515050843103
10 0.5126002805554234 0.2976995859345999 0.2891521912580037 0.27088987628557537
10 0.5588105752705006 0.15913289493862037 0.2098344624264624 0.1890340173565791
10 0.23365785112226467 0.44895707333574536 0.23681407665555643 0.26744635911515613
10 0.34115253960972286 0.7678550809215883 0.2918335243300489 0.3301004026013648
10 0.36697703513875357 0.5268179607275338 0.31109630154651485 0.308655479255702
10 0.08777048328083507 0.43962734609159343 0.17554096656167015 0.30714881658874293
10 0.05419856322911862 0.6259037076736841 0.10839712645823724 0.13650268930268047
10 0.1794225844928978 0.658910539181067 0.33539458270356354 0.3278572946984897
10 0.716609100122968 0.29610176578647596 0.3331134235930698 0.3245167787810432