10 0.73762278978389 0.6095252525252525 0.2825933202357564 0.2597272727272727
10 0.6109037328094302 0.7452626262626262 0.18043222003929274 0.21227272727272728
10 0.36255402750491156 0.5743131313131313 0.1981237721021611 0.22817171717171716
10 0.24863457760314342 0.6359090909090909 0.13668958742632614 0.16728282828282828
10 0.44226915520628685 0.29548484848484846 0.20626719056974457 0.17612121212121212
10 0.7460609037328094 0.35234343434343435 0.25408644400785857 0.21723232323232322
10 0.5371512770137525 0.40875757575757576 0.22959724950884086 0.2419090909090909
10 0.40072691552062867 0.13852525252525252 0.2467288801571709 0.15518181818181817
10 0.562770137524558 0.09281818181818181 0.1043320235756385 0.10525252525252525
10 0.6178781925343811 0.2171919191919192 0.2425638506876228 0.26139393939393935
10 0.4013064833005894 0.7634040404040404 0.23972495088408644 0.259979797979798