10 0.504121756487026 0.1898291457286432 0.19086826347305388 0.22620100502512563
10 0.3819860279441118 0.4982311557788945 0.11561876247504989 0.14542713567839194
10 0.24659680638722556 0.6533366834170855 0.14575848303393216 0.12105527638190955
10 0.325439121756487 0.21700502512562814 0.152125748502994 0.21636180904522614
10 0.5657385229540918 0.6152060301507538 0.09558882235528943 0.1101608040201005
10 0.5572055888223554 0.43236180904522614 0.2610878243512974 0.23393969849246232
10 0.6860878243512974 0.30170854271356784 0.2313872255489022 0.20727638190954775
10 0.42792415169660675 0.6929246231155779 0.1265868263473054 0.18219095477386935
10 0.33778443113772455 0.766462311557789 0.2186427145708583 0.20431155778894472
10 0.1752195608782435 0.5007738693467336 0.09323353293413174 0.10260301507537689
10 0.13191616766467065 0.43112562814070354 0.10042914171656686 0.09434170854271358
10 0.13702594810379243 0.5978090452261307 0.10761477045908184 0.11689447236180905
10 0.3197704590818364 0.5840804020100502 0.1160379241516966 0.11076381909547738
10 0.17437125748502993 0.19122613065326635 0.13540918163672655 0.14472361809045226
10 0.6623253493013972 0.6380603015075377 0.14754491017964072 0.19739698492462313
10 0.7512574850299402 0.5084924623115578 0.15291417165668664 0.1911758793969849
10 0.5397005988023952 0.7454170854271357 0.1837125748502994 0.17137688442211058
10 0.7113572854291417 0.806391959798995 0.0005089820359281438 0.0007738693467336683