10 0.7269912125562491 0.8094532389395223 0.3219550961802562 0.3141803016419132
10 0.876455163235204 0.5002500010874128 0.247089673529592 0.33095884895972827
10 0.7550888351624345 0.5176646944432262 0.15326420438466787 0.17429879842977036
10 0.5259823914047133 0.6377293094388894 0.2617871124845576 0.25692277083014553
10 0.6328003878156085 0.5232432096347638 0.18439100047509088 0.18977873776765125
10 0.17854963317698003 0.628044884061955 0.18333478679157092 0.2413928455998594
10 0.5572048446340467 0.35813294653108346 0.1751514281876512 0.2211787877849978
10 0.45543022261309185 0.23456614930670455 0.2882941224312606 0.2881027351766997
10 0.3345633914479034 0.6501262138166435 0.22919842498725698 0.25721651238181
10 0.4835760160214015 0.48709323727299625 0.1934983163077545 0.2068527905807784
10 0.4112518414336526 0.389505798672668 0.13403983259046084 0.14118099316390065
10 0.6864953446556418 0.3695793802320916 0.18056649720991166 0.1991742008125647