10 0.17763341795598175 0.35259179265658747 0.31404512777331517 0.31317494600431967
10 0.4951852224539005 0.1560475161987041 0.33440015975211856 0.30885529157667385
10 0.475938775867131 0.3169546436285097 0.1746143482743719 0.14794816414686826
10 0.3483568853474235 0.5550755939524838 0.25604236056242946 0.2548596112311015
10 0.4679102974414723 0.4427645788336933 0.19021240943880002 0.17926565874730022
10 0.3497025239429587 0.9109071274298056 0.24280673704671288 0.17386609071274298
10 0.6342403451996645 0.5161987041036717 0.2222640161977136 0.1673866090712743
10 0.7580476313321941 0.6177105831533477 0.2876756095498241 0.28077753779697623
10 0.33134271525810693 0.7516198704103672 0.2576110626992308 0.22138228941684665
10 0.5006642373929546 0.5950323974082073 0.20647282390600177 0.18682505399568033
10 0.5986865619281445 0.6668466522678186 0.1420372126789098 0.12958963282937366
10 0.6260271780451413 0.38390928725701945 0.19979598435854085 0.17386609071274298