10 0.47794329491400855 0.4804285285633598 0.18948024322937349 0.17488794824590778
10 0.5795287498579934 0.4085223915560439 0.15320363211274438 0.16139407290290295
10 0.37104923125961686 0.6787207157730007 0.2008725120355579 0.25842173772294147
10 0.6917851793477453 0.5672404905309499 0.26202278578210203 0.23590300666982883
10 0.30472918464954807 0.38527049643559014 0.16323107025305048 0.19783367400318325
10 0.7375862074528796 0.2558588054267843 0.14848564238623463 0.13618065856396747
10 0.7433427595056618 0.3856999815341278 0.190837394305973 0.1529255171388224
10 0.8901623226809571 0.5482797868508984 0.21967535463808596 0.490270829744174
10 0.7319316504485861 0.783057518423926 0.27343641394934515 0.2513821806710398
10 0.5151523318938519 0.7496690424793419 0.1894482041877852 0.276969871459642
10 0.526483163985804 0.2807498760856648 0.33342212959112516 0.29186721651903585