10 0.6671560742949312 0.3104566097259941 0.22137251281171133 0.18378106267931765
10 0.7400053791473635 0.46488953298763674 0.23581458002036698 0.19922333832396794
10 0.8301858469149132 0.5835572976407071 0.155487594334584 0.134534004805915
10 0.7784098886399258 0.6999526243048281 0.18985081293148431 0.1997558243409068
10 0.7298493104306131 0.8929420366871162 0.13880563419957437 0.14675758139579964
10 0.507380662343285 0.8969458259851201 0.3438530596850196 0.20610834802975989
10 0.39413843993015 0.760370087634093 0.14775842864302 0.1886854076633662
10 0.6305699059266022 0.7279610159497325 0.12857144542883803 0.12932778767205402
10 0.5225195320145027 0.7370320230716122 0.12643011780571142 0.1292531706432256
10 0.5912459692083033 0.6110654057313396 0.20112846569523882 0.1553317316420833
10 0.4012660252167272 0.587330473071584 0.15154143472583206 0.14400015536364258
10 0.4646765317568787 0.4601089370908642 0.14615072726384953 0.14274523672319525
10 0.3307501069937319 0.2896418853615126 0.1460385620513492 0.13954010851806706
10 0.26842211312725817 0.7688255042681372 0.13625303413061374 0.13493082761483424
10 0.21539878299082782 0.6145486004889704 0.18395026772043988 0.2144892382116863
10 0.3595730418193163 0.40028834205969455 0.13621564572644698 0.1338624515464583
10 0.3132081908702206 0.4692715134815304 0.13274193546259014 0.1262718935245831
10 0.2566601394638278 0.5229243348019587 0.13167127165102707 0.12623458501016876