10 0.645504854368932 0.23735562310030398 0.12656310679611651 0.14453900709219858
10 0.3783883495145631 0.15113475177304964 0.14588349514563106 0.13997973657548124
10 0.5028446601941747 0.24861195542046605 0.16307766990291261 0.1294630192502533
10 0.4329029126213592 0.31858156028368795 0.19644660194174757 0.15024316109422492
10 0.3649126213592233 0.45903748733535965 0.11559223300970874 0.11681864235055724
10 0.6295631067961166 0.44856129685916923 0.17016504854368933 0.2458561296859169
10 0.4976407766990292 0.42626139817629183 0.1152621359223301 0.10057750759878419
10 0.4639126213592233 0.6350557244174265 0.14428155339805826 0.13398176291793315
10 0.48135922330097086 0.5304154002026342 0.17719417475728155 0.12193515704154001
10 0.7700388349514563 0.5339412360688957 0.1255242718446602 0.12680851063829787
10 0.8745436893203883 0.514579533941236 0.10150485436893203 0.13545086119554203
10 0.6884854368932039 0.671225937183384 0.1878640776699029 0.22275582573454916
10 0.32749514563106796 0.7698682877406282 0.12539805825242717 0.13653495440729482