10 0.7986495442822333 0.6029194386343145 0.1886442997261351 0.18242008003137666
10 0.8255177344903247 0.27870321587742347 0.18920990070701332 0.20269035030164692
10 0.7533726371044711 0.44496040690987315 0.1842816668231879 0.21954948414280143
10 0.6637853179863733 0.38472211116772703 0.21463338072498464 0.2625191704095759
10 0.5018024318894281 0.3448814666841074 0.15568129053791346 0.16195326145668223
10 0.5756589406536053 0.6398613710372973 0.30741168408922265 0.25970423050388
10 0.5675447860841417 0.48550674824132206 0.13935689732737983 0.15735048279996552
10 0.34132437467384413 0.5027185428015815 0.18266757451211368 0.20039878838850975
10 0.45495097047491206 0.49496051592112006 0.18037050199284313 0.23416291734185118
10 0.5198440145775782 0.8208597516666724 0.16901732114143614 0.17554539429196536
10 0.5642965413019246 0.9289012174444471 0.1714400827675686 0.14219756511110584
10 0.3572368378860958 0.7646837267440765 0.28835030648540216 0.2730998150347392
10 0.16858208466404384 0.38397045016736325 0.17991072404069708 0.17898928877181855