10 0.4764224476994288 0.45586033921017854 0.2119196660110401 0.1861825192432073
10 0.5955459026565297 0.3971884902299807 0.17242144679649127 0.17207481548442974
10 0.3294647756058647 0.6441372194555863 0.23010608705977428 0.2735262888809154
10 0.6856800055360281 0.5763943976699812 0.29184553845920425 0.25220083006594163
10 0.31163175394152487 0.33323118382554806 0.18587456238863637 0.20897397156442976
10 0.7883645898573891 0.2635575362532363 0.16580698717167366 0.14575319755654603
10 0.771259759520479 0.39776723082234233 0.2107660356494639 0.16412369571379556
10 0.8815684110413985 0.5875136402174234 0.23686317791720307 0.5155751691102811
10 0.689739217385525 0.8044272447298743 0.3041999584688956 0.2680915827845972
10 0.4681116392481673 0.7381670547315229 0.21851629673178138 0.2922871789632378
10 0.5620615936890214 0.25831338659208897 0.37039358420328206 0.3119043971350322