10 0.49732581967213113 0.3486725663716814 0.16684426229508198 0.15542772861356932
10 0.6315061475409837 0.5187610619469027 0.15313524590163935 0.16363815142576205
10 0.10261270491803279 0.3381219272369715 0.12885245901639344 0.15418879056047197
10 0.3193032786885246 0.7205506391347098 0.11234631147540984 0.20735496558505406
10 0.33746926229508195 0.42470009832841693 0.13389344262295083 0.12872173058013767
10 0.17001024590163935 0.43711897738446415 0.1241905737704918 0.1223598820058997
10 0.45198770491803275 0.48273352999016717 0.14417008196721312 0.13412979351032447
10 0.3205942622950819 0.5748574237954769 0.09424180327868853 0.09140609636184857
10 0.3015266393442623 0.5049360865290069 0.10636270491803279 0.09342182890855458
10 0.5346106557377049 0.7346214355948869 0.2975922131147541 0.2785349065880039
10 0.1491598360655738 0.6496951819075713 0.20427254098360656 0.2980137659783677