10 0.5364659427443238 0.5387029702970297 0.17312931885488647 0.15301980198019804
10 0.4288450148075025 0.6065841584158416 0.1369792694965449 0.14420792079207922
10 0.6620434353405725 0.3466039603960396 0.1753010858835143 0.23556435643564355
10 0.3332773938795657 0.4472178217821782 0.2384995064165844 0.20661386138613863
10 0.6990029615004936 0.6372772277227723 0.1439091806515301 0.1793069306930693
10 0.25786771964461996 0.7520594059405941 0.13571569595261598 0.11974257425742574
10 0.26472852912142153 0.6242673267326733 0.17563672260612043 0.13137623762376238
10 0.12245804540967423 0.45917821782178214 0.19625863770977295 0.46273267326732676
10 0.3141757156959526 0.23308910891089107 0.24833168805528136 0.22084158415841584
10 0.5262981243830207 0.2720990099009901 0.1615202369200395 0.25504950495049505
10 0.4693385982230997 0.7337623762376237 0.3053208292201382 0.2541881188118812