10 0.6730029732408325 0.34002970297029705 0.14284440039643212 0.18300000000000002
10 0.5241030723488603 0.28561386138613865 0.1548761149653122 0.19391089108910892
10 0.4075619425173439 0.21186138613861386 0.10497522299306244 0.12776237623762376
10 0.3040436075322101 0.2686435643564356 0.1625668979187314 0.15095049504950495
10 0.12975222993062438 0.32928712871287125 0.11927651139742318 0.10954455445544554
10 0.1270366699702676 0.5354455445544554 0.18169474727452925 0.2914158415841584
10 0.27954410307234884 0.6276138613861386 0.1578394449950446 0.112
10 0.2905252725470763 0.40740594059405943 0.10384539147670961 0.10312871287128712
10 0.2904459861248761 0.5075148514851485 0.10369672943508423 0.10107920792079209
10 0.40114965312190287 0.43413861386138614 0.11816650148662042 0.1678811881188119
10 0.4384836471754212 0.6069306930693069 0.11481665014866203 0.12259405940594059
10 0.5511199207135778 0.5388118811881188 0.11348860257680872 0.11794059405940595
10 0.7192368681863232 0.647990099009901 0.11138751238850347 0.1183069306930693
10 0.28141724479682856 0.743950495049505 0.10825569871159564 0.1097029702970297
10 0.42823587710604555 0.7805247524752476 0.17705649157581765 0.14248514851485147
10 0.6144301288404361 0.6309207920792079 0.10711595639246779 0.10956435643564356
10 0.554350842418236 0.6788217821782179 0.10002973240832508 0.10823762376237624
10 0.5097125867195242 0.7352079207920792 0.10121902874132804 0.10577227722772277
10 0.6196134786917741 0.7615049504950495 0.00010901883052527254 0.00020792079207920792