10 0.4964579256360078 0.31134050880626224 0.15279843444227006 0.13312133072407045
10 0.757788649706458 0.35244618395303323 0.11134050880626224 0.12937377690802349
10 0.8636497064579256 0.345440313111546 0.10000978473581212 0.12676125244618397
10 0.9060078277886497 0.42717221135029354 0.11363013698630137 0.11873776908023483
10 0.5854109589041095 0.13775929549902152 0.15282778864970645 0.18784735812133072
10 0.3452641878669276 0.23640900195694717 0.12542074363992173 0.12628180039138945
10 0.31269080234833657 0.33873776908023484 0.1422211350293542 0.1566242661448141
10 0.4352054794520548 0.41358121330724074 0.12499021526418787 0.12376712328767123
10 0.45645792563600784 0.6596183953033268 0.11256360078277887 0.12854207436399218
10 0.31415851272015655 0.6358708414872799 0.17702544031311154 0.1858317025440313
10 0.640508806262231 0.7327690802348337 0.12862035225048923 0.12576320939334637
10 0.8240900195694717 0.7187866927592955 0.13111545988258316 0.12803326810176124