10 0.6936283434384888 0.45892765782037265 0.16263293569240028 0.17863401935090292
10 0.6874583893239848 0.7391621331685027 0.1523049466477889 0.1347757557036685
10 0.7097442867250318 0.8495602735247124 0.14861313235051396 0.12221894832973146
10 0.6297394767415619 0.9053447145771958 0.14197981775624102 0.13545085145582866
10 0.8886661743672803 0.5305636723730413 0.2209657974587269 0.18584933376121193
10 0.7512264682912754 0.290151715415829 0.1519440135354121 0.14926235241581404
10 0.6390468979184332 0.26861283817061843 0.1860570210275355 0.17013109165205464
10 0.5774784319519424 0.40791502738401 0.1487836652485367 0.14811633342361974
10 0.3217758979141345 0.46152271537021256 0.15235326173964353 0.13581310010200875
10 0.32608436779326416 0.308634615303398 0.22217367475508967 0.21178294371971818
10 0.2704643784310052 0.6648866832283736 0.1520889588109755 0.15237438561083455
10 0.31158450431856466 0.8561910983173319 0.15430859288321944 0.1555588685350914