10 0.7021575253329679 0.6184492202007029 0.20375451386609342 0.17039838959200398
10 0.7463808005081543 0.4585181912217606 0.21528622467523326 0.18325811650647575
10 0.8132221725819666 0.3286738793217078 0.14217199394300706 0.1245264208148345
10 0.7452474258460364 0.2280831495726422 0.17083299513832362 0.18661336884607324
10 0.6671006710393972 0.061313958420653014 0.12471819750576985 0.12262791684130603
10 0.4524961108760845 0.09270074052131809 0.3190708967004091 0.18540148104263618
10 0.36895945278882575 0.2439008045258067 0.13036395949882829 0.17670724464668064
10 0.5992365105107607 0.22988615549886313 0.1162559399467263 0.1203749002165801
10 0.4952835626580522 0.24134799557657313 0.1141855465719851 0.12029071245301734
10 0.5809349495053167 0.3479380053684125 0.18584298447665634 0.14282328946948866
10 0.4039949750195193 0.40629346973028896 0.1381396176295719 0.1336555659488659
10 0.48501206798162666 0.5151390176926242 0.13295158858871356 0.1324120386887191
10 0.3851772661845541 0.702136504717515 0.1329154517766978 0.12931286513500007
10 0.24796189640651817 0.259156367206629 0.12355049917434145 0.12480178879400873
10 0.22182444925030415 0.41576810862629754 0.1637673023868085 0.2018145794421984
10 0.39424637623169956 0.5916949047426762 0.12353845357033613 0.12376873094276919
10 0.339211950716443 0.5350205360155392 0.1213837409675581 0.11645313822052845
10 0.2766062797099912 0.4951907970215978 0.11932539319682212 0.11740200830820531