10 0.5076477367370158 0.6826662080289825 0.1699111870331994 0.14454464577492854
10 0.2301004512954142 0.6362307241907796 0.1262821800675603 0.13912693001866838
10 0.11877078057510301 0.6420451101614234 0.11378925496725498 0.13698869245902826
10 0.07960511644492646 0.5554725959192462 0.11340433142553807 0.1287242296491109
10 0.418984558916902 0.8645328154693026 0.1736387096764576 0.2024018955991136
10 0.6695307656724971 0.7638747535237386 0.14060064365677194 0.13611189863163659
10 0.7012003133491854 0.6562233765007128 0.1607353791459536 0.16927793265704694
10 0.5687834908953918 0.5753600705208202 0.14045629732862797 0.13301272507791756
10 0.5391204735815913 0.31564819356502083 0.12726712247608524 0.13809988232219192
10 0.6901889212432808 0.34215275418218144 0.1993689250720201 0.20048603376571877
10 0.3426781220722957 0.2356740461060778 0.14369981721049083 0.13612992909592672
10 0.1490165736304559 0.24868412049085015 0.14689522164963903 0.1382140752626962