10 0.3975654849198897 0.3628420224804457 0.22665485250926565 0.20746227816172316
10 0.2724339466152716 0.5728593676597409 0.21319388794093433 0.2126612835579052
10 0.8351060801088738 0.28771692339368643 0.18374285453419184 0.19770326433005397
10 0.6487699982175482 0.7461198156855854 0.17992725446932362 0.2537168639444445
10 0.5861042635041667 0.42163824290487084 0.18344722758144752 0.17129717981282436
10 0.7739924796378003 0.40819536527486605 0.1702916427035263 0.16110331655080776
10 0.467340957432566 0.5044401281401375 0.19527572147559688 0.1781614447726873
10 0.6260079979598924 0.584621941671513 0.12919729376441344 0.12168552053308875
10 0.6372760803998717 0.5043792671672547 0.14319916431158336 0.12639840941003433
10 0.4106431715503539 0.79648167916258 0.40394743048637677 0.3709220391510037
10 0.8256516242821172 0.6398070552174995 0.3009768239693264 0.3730203064946159