10 0.717104693875813 0.5442673795698931 0.18692028671997998 0.18247109196578545
10 0.5202578859170324 0.39645874139980725 0.19562113295923414 0.16735488373508187
10 0.7318915644160502 0.9432373385270788 0.18267352438815843 0.10092405706693972
10 0.2889851992891415 0.7215074291367888 0.24450496536568417 0.1266070428140381
10 0.62992517578637 0.7117274857609133 0.15430341197425057 0.14624738599063922
10 0.6172198097001519 0.8887116805413087 0.14610301221965244 0.1352892855838095
10 0.5623305424927191 0.5887239476655463 0.1602362380327036 0.15718019062905825
10 0.457378935409726 0.7244725964630487 0.11019033365694134 0.10337546204300353
10 0.5378386918350221 0.747103402734321 0.11277457753479474 0.11644423607228403
10 0.27152551461358065 0.4925702785265439 0.33431542087855914 0.32429476456423534
10 0.372387823471001 0.8886971288572627 0.3515568823267828 0.1940876438712389