10 0.27142570563724433 0.29626422978016026 0.16791401684103385 0.16152181652458072
10 0.14437045146197525 0.5890888926065887 0.16537936334498596 0.1833272587838076
10 0.2622099701391509 0.45775737930160443 0.15748161958378704 0.2006290070695358
10 0.32428112662057285 0.5420774795326037 0.1826886353244439 0.24060201685309998
10 0.4584963269495512 0.6312050274369799 0.13708869357547912 0.14546603699251173
10 0.4856755095438862 0.33260660878227527 0.27860619352145144 0.22434525948845144
10 0.44335904753579125 0.47905031439494244 0.1202867050762773 0.14396450074121087
10 0.6533910878069057 0.5351754761150492 0.15902905510968515 0.18098628334602498
10 0.5483903176861485 0.506565849303136 0.15060159382233806 0.21686212872326782
10 0.593551348430763 0.1829301858312905 0.14895459222393165 0.15778116592239255
10 0.5890294664518505 0.06485151689773865 0.1545423997192294 0.1297030337954773
10 0.7226530672428644 0.28639552220678277 0.25711211540830126 0.2424100511454901
10 0.7718749517119243 0.7001264139085088 0.15946727254703283 0.15912991054335063