11 0.6967837791359119 0.6689021468059522 0.05256535391976852 0.05460027180213361
11 0.7230310386660395 0.7374909592111099 0.04246247907725747 0.04513221127655847
11 0.5399940124727853 0.6671240352179213 0.05157786998955034 0.057678233551433374
11 0.5578307874785218 0.5348193253147011 0.13518790856619511 0.09322908018615189
11 0.6670832493825889 0.5888983780259248 0.05055530366851224 0.054564244836337324
11 0.47164094483873537 0.5792028051378564 0.04247417320753062 0.047196194764690565
11 0.3890801194151804 0.5152811922827707 0.04245663201212078 0.04410021953249242
11 0.5417130496229572 0.3637184624625033 0.11814341088647322 0.10014679318534722
11 0.5843801759799969 0.28397967270707003 0.06671171752533891 0.06826835323556492
11 0.5600201783332561 0.2370987138930955 0.055627205817746016 0.062910246203356
11 0.7402775951319124 0.6206571187274313 0.07070842976730471 0.06421244019089294
11 0.7530889094705712 0.57702263814085 0.06064063731561357 0.060936330129714084
11 0.8374704256063155 0.49699941618162014 0.03841314324906156 0.039900198624636014
11 0.4198792273363178 0.5787911066406395 0.08297922561976145 0.10158030477204717
11 0.4559516261149662 0.6872917360213205 0.07881879555396956 0.07674044898286994
11 0.2776451188383262 0.4916098690556994 0.04450176465419686 0.05032819696268475
11 0.40795374336585966 0.4660788380012146 0.08578380665172693 0.06448264243436377
11 0.4726082990799122 0.4971684682260546 0.06766996612987375 0.06003043276593456
11 0.7092105273313001 0.3383379344032135 0.052536118594085184 0.04944031308180313
11 0.6802519047724565 0.3047918075890564 0.03739642399316027 0.037818201653605894
11 0.6289985468979896 0.30335712408922244 0.03954095674255919 0.061590038732921036
11 0.8073580127997961 0.40099076862712 0.06459642010162286 0.0496564748765799
11 0.8091725214079118 0.3468382222879996 0.03841899031419814 0.040932190368701944
11 0.819430343476544 0.3103826502026355 0.03740227105829684 0.03885019339767194
11 0.5066030713192962 0.7062612724288283 0.04863295939430553 0.07000809403153176
11 0.544680008323001 0.7270696237882422 0.0414633010167659 0.046146189537726374
11 0.6364994777546966 0.7534856593309998 0.06871007364632181 0.06624039671322898
11 0.5774427250132385 0.7101112023333064 0.041580242319498584 0.06678602441904732
11 0.6311794103760925 0.7167508782607157 0.0424390908167107 0.04100424430029428
11 0.6345492383105541 0.38808852800002663 0.09410466678331084 0.1141623540127186
11 0.6845296111799181 0.1706959280506134 0.06669417632992872 0.06517237800336671
11 0.35807962278576577 0.3986146963640516 0.08181632973544413 0.07369851419936599