11 0.7243216080402011 0.38191950464396285 0.04530653266331658 0.04640866873065015
11 0.7615879396984925 0.3194736842105263 0.03641206030150754 0.03776057791537668
11 0.5695979899497488 0.35273477812177506 0.042733668341708546 0.049226006191950465
11 0.5637085427135679 0.4864912280701755 0.12474371859296483 0.07043343653250773
11 0.6807839195979899 0.4547574819401445 0.04312562814070352 0.04636738906088751
11 0.48721608040201003 0.4259133126934984 0.03617085427135679 0.040598555211558314
11 0.3948944723618091 0.4727863777089783 0.036391959798994976 0.037657378740970075
11 0.518502512562814 0.6517750257997936 0.1057286432160804 0.08046439628482972
11 0.5463618090452261 0.7381630546955624 0.05680402010050251 0.058039215686274515
11 0.5141407035175879 0.7797007223942208 0.046422110552763816 0.05515995872033024
11 0.7584723618090452 0.43737874097007223 0.061989949748743715 0.05257997936016512
11 0.7634070351758794 0.48361197110423115 0.05230150753768844 0.051104231166150677
11 0.8323216080402009 0.5783797729618163 0.033065326633165824 0.033808049535603714
11 0.43618090452261304 0.4157997936016512 0.06828140703517588 0.08963880288957689
11 0.49092462311557794 0.31625386996904026 0.06834170854271357 0.0643343653250774
11 0.28147738693467333 0.47429308565531475 0.037005025125628144 0.042858617131062954
11 0.40503517587939697 0.524829721362229 0.0788140703517588 0.049246646026831785
11 0.4741105527638191 0.5064809081527347 0.06076381909547739 0.04819401444788442
11 0.6782211055276383 0.7093292053663571 0.0461105527638191 0.041083591331269355
11 0.644 0.7367389060887513 0.03255276381909548 0.03171310629514964
11 0.5934974874371859 0.7279256965944273 0.030653266331658293 0.05636738906088751
11 0.7851959798994975 0.6670175438596492 0.05855276381909547 0.039422084623323014
11 0.7781005025125628 0.7209907120743034 0.033125628140703516 0.035448916408668735
11 0.7821407035175879 0.7586687306501547 0.03214070351758794 0.03331269349845201
11 0.5439597989949749 0.3073065015479876 0.03819095477386935 0.06286893704850362
11 0.5850452261306532 0.2946439628482972 0.03564824120603015 0.040660474716202266
11 0.6796180904522613 0.2869659442724458 0.05981909547738694 0.05481940144478844
11 0.6143015075376884 0.317843137254902 0.0307035175879397 0.06215686274509804
11 0.6675979899497487 0.32187822497420016 0.03763819095477387 0.03386996904024768
11 0.613467336683417 0.6458410732714139 0.07722613065326633 0.10049535603715169
11 0.6244723618090452 0.8694117647058824 0.05851256281407035 0.055149638802889575
11 0.3442914572864322 0.5815995872033024 0.07251256281407036 0.060206398348813216