11 0.5588220561370151 0.7997512958073406 0.06259511025844733 0.06490864283614481
11 0.6131954249162779 0.8598892578461096 0.051194656439420054 0.05196028242056575
11 0.6331926900881013 0.638469426320259 0.06479319736151626 0.06268180115779283
11 0.4952126424397165 0.5919005828551491 0.11005743165007366 0.1603134343014879
11 0.4950970548291458 0.7301553925529437 0.061437492663529686 0.06258169670284372
11 0.5808262625328139 0.526185933350571 0.05343179290474444 0.05202701872386489
11 0.5581702295270216 0.41077293493170935 0.05007608820675786 0.05192691426891592
11 0.33519031901306995 0.4924687931986518 0.11533787791534039 0.1421316512065254
11 0.23662940411146655 0.4969865242938475 0.07740984281884454 0.08139747467915028
11 0.20274453848461288 0.44950715746426717 0.07158270548200044 0.06746916603099379
11 0.49019890032206614 0.8206516183732242 0.072994143931579 0.0847043690450288
11 0.44109904617169626 0.8123026857556843 0.06946271710344265 0.0742831636726485
11 0.32167172753988243 0.8592243772771492 0.045523716551598065 0.0472062856990145
11 0.6057931395480557 0.47300426604223167 0.11467403875699662 0.103140825518452
11 0.6943540065116524 0.5628463655527828 0.0877112530863374 0.09545925593390558
11 0.5894007185002921 0.28549371788377514 0.056826546964986714 0.05442070116046537
11 0.5006127772477381 0.4061875026446869 0.0744055823811577 0.10193957205906369
11 0.499795571344562 0.4870528105737228 0.06848082163867479 0.08227731845677863
11 0.22841049333647184 0.6510628028016542 0.056982744414008635 0.06359501308707087
11 0.2101660582857611 0.6051973790859949 0.04326705540514596 0.04599276040488941
11 0.23345508295200967 0.5519656595501812 0.06905269879975968 0.05020059486530906
11 0.24242344374263672 0.7811337969638772 0.05831608413907618 0.07624306013780315
11 0.1879943316241806 0.7571363722119422 0.04664228478426026 0.0472396538506642
11 0.1472642145376494 0.7501844897226007 0.044385623637808146 0.046026128556539106
11 0.6882856413649011 0.6234760253841206 0.07707792323967252 0.06190206183511385
11 0.690242500658063 0.6728713723687494 0.052293699990954644 0.050846861581389506
11 0.6710888977069174 0.7790055421649684 0.07521175571577579 0.08362431635750225
11 0.6573647165854848 0.6977064482644869 0.07470411400645394 0.053807802596034626
11 0.6373532978927118 0.7556254282185524 0.04672038350877128 0.05182680981396695
11 0.3137995795965999 0.5985362266915716 0.12831162904134827 0.11615592223733046
11 0.07691410442268602 0.5438537513467497 0.07405413812085795 0.0812973702242013
11 0.4589536773314424 0.3223340214667249 0.08441412243173413 0.09879951845143367