11 0.5212263210368893 0.5973689727463313 0.04383848454636092 0.05320754716981132
11 0.5825523429710867 0.6532599580712789 0.03922233300099701 0.044486373165618445
11 0.6286540378863409 0.7177568134171908 0.04480558325024925 0.04966457023060797
11 0.5212263210368893 0.6900733752620546 0.03607178464606182 0.03618448637316562
11 0.5051345962113659 0.7503459119496856 0.036809571286141575 0.04016771488469602
11 0.5884247258225325 0.7585324947589098 0.06482552342971086 0.05655136268343816
11 0.6172981056829511 0.8018867924528302 0.040259222333001 0.048542976939203356
11 0.7170588235294117 0.5786687631027253 0.03629112662013958 0.04647798742138365
11 0.6447856430707877 0.6374737945492662 0.08573280159521435 0.11489517819706499
11 0.7191326021934197 0.7052935010482181 0.0894715852442672 0.09757861635220126
11 0.7161316051844466 0.4164360587002096 0.0586839481555334 0.0479769392033543
11 0.8301595214356929 0.41647798742138364 0.06501495513459621 0.07172955974842768
11 0.7113359920239283 0.36527253668763104 0.040438683948155536 0.049454926624737945
11 0.6712163509471586 0.35931865828092246 0.04506480558325025 0.04665618448637316
11 0.54740777666999 0.48709643605870023 0.06772681954137588 0.08549266247379456
11 0.38561316051844463 0.3726939203354298 0.05411764705882353 0.0770440251572327
11 0.4361914257228315 0.3292138364779874 0.07386839481555334 0.05927672955974842
11 0.59901296111665 0.33337526205450735 0.044426719840478565 0.05850104821802935
11 0.5146859421734796 0.31834381551362684 0.05763708873379861 0.0430083857442348
11 0.5606281156530408 0.320146750524109 0.04100697906281157 0.04843815513626835
11 0.33924227318045863 0.4242138364779874 0.04279162512462612 0.048962264150943395
11 0.4828614157527418 0.4421593291404612 0.06501495513459621 0.06846960167714884
11 0.3749551345962113 0.8185429769392033 0.040348953140578264 0.04335429769392034
11 0.3108574277168495 0.7427358490566038 0.08237288135593221 0.05939203354297694
11 0.28087736789631107 0.47731656184486376 0.03742771684945165 0.041666666666666664
11 0.3645064805583251 0.6334905660377359 0.03818544366899302 0.04164570230607966
11 0.38379860418743766 0.6724004192872117 0.039980059820538386 0.03720125786163522
11 0.5991226321036889 0.5479140461215933 0.05049850448654038 0.06445492662473795
11 0.4081754735792622 0.599559748427673 0.03614157527417747 0.03657232704402516
11 0.24560319042871387 0.719769392033543 0.04889332003988036 0.06607966457023061
11 0.5314955134596212 0.8032494758909853 0.05753738783649053 0.038553459119496855
11 0.46779661016949153 0.8462054507337526 0.0822333000997009 0.05792452830188679
11 0.4097706879361914 0.7290251572327044 0.063419740777667 0.11335429769392033
11 0.45045862412761717 0.6480398322851153 0.11249252243270189 0.05140461215932914
11 0.5189930209371884 0.6400209643605871 0.03818544366899302 0.03722222222222222
11 0.20885343968095713 0.46346960167714885 0.04856430707876371 0.036645702306079664
11 0.20671984047856432 0.554392033542977 0.049411764705882356 0.04045073375262055
11 0.30058823529411766 0.22878406708595386 0.03720837487537388 0.039224318658280924
11 0.33352941176470585 0.21398322851153037 0.034017946161515454 0.0390041928721174
11 0.5266600199401795 0.1978616352201258 0.051136590229312065 0.05083857442348008
11 0.7453040877367896 0.2680607966457023 0.043668993020937186 0.048616352201257866
11 0.7824526420737786 0.2913417190775681 0.04808574277168494 0.056939203354297696
11 0.7647756729810569 0.39047169811320753 0.03410767696909272 0.03758909853249476
11 0.7580458624127617 0.5981236897274633 0.052522432701894314 0.04665618448637316
11 0.4435892323030907 0.5042976939203354 0.13888334995014956 0.05580712788259958
11 0.3264307078763709 0.5132180293501049 0.05466600199401794 0.04435010482180294
11 0.2946360917248255 0.42758909853249477 0.03485543369890329 0.038490566037735846
11 0.25336989032901297 0.44840670859538784 0.044506480558325026 0.03729559748427673