11 0.5909090909090909 0.5618718279307726 0.06385281385281386 0.061894364417820494
11 0.6331168831168831 0.6430484846931561 0.05303030303030303 0.05385543697122639
11 0.6877705627705628 0.7082036095161024 0.05952380952380952 0.061867859498408416
11 0.6845238095238095 0.5823692740826546 0.045454545454545456 0.048114292542209634
11 0.7489177489177489 0.5774192047503632 0.048701298701298704 0.05041207555978698
11 0.7380952380952381 0.6720184966616497 0.07142857142857142 0.08585874347098305
11 0.7754329004329005 0.7139311218000575 0.05735930735930736 0.05615984621865669
11 0.5275974025974026 0.7763824692108876 0.05519480519480519 0.050451832938905226
11 0.6033549783549783 0.7087204554446382 0.13528138528138528 0.12269616028060308
11 0.6553030303030303 0.8074912346804858 0.11904761904761904 0.12259676683280772
11 0.36417748917748916 0.7403670845883981 0.06168831168831169 0.07668749009023278
11 0.33874458874458874 0.8675159672769601 0.08658008658008658 0.08936836718095277
11 0.3133116883116883 0.7235942349313536 0.05844155844155844 0.05730542461251876
11 0.31655844155844154 0.6768773175174209 0.05735930735930736 0.06071565487469314
11 0.47294372294372294 0.5665804195587842 0.10173160173160173 0.09629484738294959
11 0.3944805194805195 0.36091047953747923 0.09090909090909091 0.07800535046027361
11 0.33874458874458874 0.40794876909928357 0.07683982683982683 0.09614244409633008
11 0.30627705627705626 0.5909493783183367 0.06926406926406926 0.06420539989510375
11 0.31006493506493504 0.49297630040906754 0.05627705627705628 0.07437645461294952
11 0.30194805194805197 0.5454177966773843 0.05844155844155844 0.057305424612518883
11 0.45670995670995673 0.32066614558061146 0.05952380952380952 0.059589955170390195
11 0.44264069264069267 0.4853308742680174 0.08333333333333333 0.08820953632738454
11 0.8474025974025974 0.4469756711366993 0.05194805194805195 0.05498776290538255
11 0.7846320346320347 0.358521723675464 0.07900432900432901 0.10640626603211811
11 0.5238095238095238 0.2661550915392911 0.050865800865800864 0.05156428018350219
11 0.6628787878787878 0.3945746916182117 0.050865800865800864 0.05156428018350213
11 0.6975108225108225 0.42454488460915635 0.046536796536796536 0.05267672742809929
11 0.5227272727272727 0.6380295993181191 0.07575757575757576 0.07221782242228578
11 0.6185064935064936 0.4358486449465137 0.045454545454545456 0.04811429254220976
11 0.7765151515151515 0.28055319716473753 0.07792207792207792 0.0699531705539736
11 0.7965367965367965 0.6186994046231628 0.05194805194805195 0.07321099752952834
11 0.8544372294372294 0.5568414844695339 0.07683982683982683 0.10525406140840297
11 0.7489177489177489 0.46580189267747024 0.12878787878787878 0.09759945529328438
11 0.6574675324675324 0.49369666103626947 0.07683982683982683 0.13828367416466722
11 0.6341991341991342 0.5684404917207063 0.046536796536796536 0.05153777526409005
11 0.525974025974026 0.18299833110691993 0.047619047619047616 0.06293392313403424
11 0.6185064935064936 0.20065502307863214 0.05303030303030303 0.06524495861131757
11 0.2683982683982684 0.23411979294633606 0.047619047619047616 0.05040544932993402
11 0.24567099567099568 0.26728855652951383 0.046536796536796536 0.04698196660805361
11 0.18614718614718614 0.4800675777591295 0.06277056277056277 0.06872145117202208
11 0.20725108225108224 0.7401889357530775 0.05844155844155844 0.060722281104546354
11 0.2224025974025974 0.7873626833415133 0.06818181818181818 0.06647667799326902
11 0.3268398268398268 0.7890011564887147 0.045454545454545456 0.04697534037820078
11 0.5378787878787878 0.8270028913256892 0.05952380952380952 0.06984052464647195
11 0.5140692640692641 0.45471131075147625 0.08766233766233766 0.16796269272743444
11 0.5492424242424242 0.3252248876662189 0.05735930735930736 0.07210517651478425
11 0.47023809523809523 0.2710388985730523 0.046536796536796536 0.04812091877206272
11 0.5010822510822511 0.22927829703590852 0.048701298701298704 0.05952369287185987