11 0.5620135052955205 0.427558124327516 0.061204701849455166 0.06672564230044534
11 0.6363157327230669 0.38671543333050906 0.05328461996226523 0.055618645830670214
11 0.6962717566228274 0.332682069532111 0.06098403751563183 0.0623008635393834
11 0.5793744852762137 0.33229023226332344 0.04763529948333766 0.047843104736583035
11 0.5739592571109691 0.2659314221522857 0.04990606089159978 0.05117456011227098
11 0.6620448372485264 0.27977779397274005 0.08375129367499659 0.07571034852392988
11 0.7002243564944839 0.2430288144010406 0.05561054745398331 0.060056295896623646
11 0.7608624586148867 0.4982669656660865 0.05123452288782621 0.05671196921604422
11 0.6974168163955403 0.4189845623301562 0.12285073236655702 0.14230084212301444
11 0.78809223737687 0.3686362460267607 0.12196807503126365 0.1246017270787668
11 0.7291097880915336 0.6638876266537151 0.074833746292315 0.06570311109197445
11 0.8474689606497269 0.6935936232145381 0.08873414515916776 0.0912228167974298
11 0.7143065899195982 0.7154318680164152 0.05677351119984259 0.06227512092960043
11 0.6714267635966785 0.7107146358342732 0.06092887143217611 0.06119466884911791
11 0.5674727095610048 0.5475834660475442 0.09582225980123368 0.10674815637582094
11 0.37798335937397554 0.6223263551739936 0.07837332762006147 0.0944770443437687
11 0.42193221033435413 0.6801505859675475 0.09455343988174945 0.08130567849971475
11 0.5918129261808693 0.7189471082520084 0.06358579542462921 0.07226948705666414
11 0.5009280308489328 0.712310308875617 0.07245265271714121 0.06015926633575565
11 0.5493192624421405 0.7219732389017249 0.05671834511638663 0.06116892623933494
11 0.3394929855970725 0.5578295601503952 0.05887877435773709 0.06228799223449179
11 0.4920373394259706 0.5762612332778537 0.08751601532985301 0.08789779707418766
11 0.4519039569612349 0.16211038134367514 0.05428208545775688 0.054518886792850475
11 0.3712538810249899 0.2234627236777138 0.10308482468024008 0.08356955309981172
11 0.28912025099274125 0.4873194865072398 0.05212165621640631 0.053399820797693565
11 0.40596386717053373 0.34939515575194413 0.052121656216406194 0.05339982079769344
11 0.4331735039627277 0.31437304256632326 0.05190099188258297 0.04897504203663162
11 0.6329677217727814 0.49904889743824477 0.07134037906145176 0.0800578994556428
11 0.44459663214936296 0.3956333027337163 0.04763529948333766 0.047843104736583035
11 0.29892571553662856 0.2299908544929305 0.07034291356595998 0.08115765849346261
11 0.6116146985640961 0.21867359302306413 0.0711793568043705 0.0557280519222479
11 0.5538437218687621 0.1581675389856412 0.10192186093438116 0.081350728066835
11 0.47116217991323306 0.2632403141949496 0.09925150896206836 0.1333097002470841
11 0.4979565601648736 0.35713171416615525 0.131505877311819 0.08374331571584688
11 0.5671752830099188 0.38326528714977626 0.05084836030363548 0.04896860638418581
11 0.21153116560628638 0.4833677282009402 0.06148500826002096 0.051245352289174206
11 0.22684204851254058 0.38921890213190463 0.06381093575173903 0.05568300235512764
11 0.262084280604862 0.7475197935125675 0.049850894808144065 0.0500683654220055
11 0.2932979344408903 0.7716726606037044 0.04663783398784613 0.04894286377440272
11 0.4903748590997398 0.8385194740050143 0.06746532523968367 0.06565806152485419
11 0.7307930807189451 0.8243244706568853 0.05987623985322874 0.06118823319667198
11 0.7742864479498087 0.8096736422807125 0.06668852407801536 0.07118259932373594
11 0.7747799776222593 0.7034435559267742 0.04658266790439029 0.04783666908413723
11 0.8077895509998715 0.489127803783904 0.06835245856826365 0.062345913106503656
11 0.4631056369814209 0.5028537420338967 0.1604785907779562 0.09497902523453698
11 0.3431697550514498 0.46264533156799725 0.07034738955924646 0.06014639503086404
11 0.29395623528169973 0.5420632523704898 0.047690465566793495 0.048949299426848523
11 0.25496041476712106 0.509658974669482 0.05727448194423148 0.05121960967939124