11 0.32436378446445646 0.5463124000753874 0.06355266290685516 0.07250697692242951
11 0.23564771161140116 0.47043899434806347 0.060263189222644696 0.07237369154269008
11 0.27348469896528826 0.32268463683091103 0.07572890236910225 0.08062927776773393
11 0.6191066173989342 0.5121187275454456 0.053550266575169404 0.06320126836590828
11 0.6330220451734778 0.6069165764349056 0.0502416535653796 0.061795718355125456
11 0.4978625142444254 0.704576034294948 0.052415496695940804 0.06061231064390868
11 0.4680698778234718 0.6453874611979618 0.046894761904431495 0.05784563908225626
11 0.4530033156791489 0.590688162416321 0.0758437383225774 0.08826286555399349
11 0.4753418609054766 0.5262085758958515 0.0757097630435231 0.07935701313669068
11 0.45849381180496573 0.444244444466607 0.05366510252864456 0.07083485615216782
11 0.2422158441593279 0.5801566714839564 0.06355266290685523 0.07250697692242951
11 0.7584103813551182 0.6488810948934922 0.055838945659205635 0.0696514484409509
11 0.6162054798963641 0.5592813758138725 0.05687801891053823 0.06587908300773437
11 0.3769160312744798 0.5130315647689524 0.07580545967141909 0.08571833629190696
11 0.5213833931443108 0.37939326956039354 0.07686367224833085 0.08321823548973355
11 0.552198738326046 0.4798638004764158 0.054646757803239576 0.06324569682582137
11 0.5128562545595458 0.4363200448612107 0.08021056390927896 0.08716831476260288
11 0.35281638357524814 0.43962593843092457 0.0502033749142213 0.05925118909303895
11 0.3720883321965543 0.39688592178797333 0.046894761904431495 0.057845639082256116
11 0.6008261782346317 0.8167453301136987 0.05814676406882114 0.07737389314703677
11 0.7475164767066765 0.5717616654588984 0.03912362668004439 0.05117331670764789
11 0.9112693768533362 0.3216364334667925 0.04577913135078229 0.05652894599129984
11 0.5682902150269414 0.10221526700291499 0.06464915413492534 0.0725514053823427
11 0.5312233897281924 0.6358353692822168 0.08532382319356875 0.13569208458189932
11 0.5253337426002409 0.8452339722386155 0.04904946570941355 0.05538996673999608
11 0.5509685563385406 0.7437476402681088 0.08168984164893277 0.11265803584338112
11 0.5574669264119118 0.8216809158578768 0.05591550296152236 0.07474050696512378
11 0.8130216353422275 0.6244172550845334 0.07567148439236467 0.07681248387460417
11 0.8532704622387108 0.5712911129704077 0.06011007461801118 0.062195574494343875
11 0.8158829645163158 0.4342136927435666 0.06561167008394134 0.06368998142495304
11 0.7062119275486908 0.4036914756111501 0.05895616541320343 0.05833435214130101
11 0.2808471135247512 0.37960333177850886 0.055724109705730475 0.06201786065469121
11 0.31996672021206257 0.4015408028959352 0.06260928628341857 0.08264066551086247
11 0.3444352802477365 0.2683144978392165 0.08070818637433774 0.12024719516972757
11 0.4033164180359468 0.36065464755671517 0.11086848997402897 0.1583424378876374
11 0.6022082296690661 0.65203148885351 0.0748429437224031 0.09457976024929667