11 0.7279068190058232 0.26697113952115553 0.06450728263360113 0.07596412595667046
11 0.7551121418464994 0.5121401415921413 0.06029053296750898 0.06886724307653388
11 0.7481605167542474 0.567816199932423 0.05619134705187556 0.06646519587714848
11 0.7101982922818325 0.3688789554812069 0.06841931379234381 0.11121636558156155
11 0.6092022183941543 0.1450202657617369 0.10131178306145731 0.09406142399057546
11 0.26806474124251617 0.61357266783812 0.06043748765558229 0.07473578767747285
11 0.7833370381357104 0.35343035906075393 0.09200432827604327 0.1256149914381214
11 0.7309509676233216 0.4278648629651504 0.0757065665575563 0.07963548345451074
11 0.5407612863394056 0.1746216559232056 0.053906626593141604 0.05587450091595357
11 0.40771257147901274 0.1816285326471673 0.05408297221882972 0.06291675443708034
11 0.23499070331734126 0.1992530078625676 0.060202360154665034 0.06534611631597056
11 0.33997161736141446 0.16310102841106025 0.07535387530618018 0.06555097641225723
11 0.18782911537153693 0.3676866554301309 0.06073139703172897 0.08647287687935078
11 0.44593154171474997 0.4510156269891558 0.04989561349035224 0.05699358047713155
11 0.4217340537603598 0.28748768156998405 0.04597277320040695 0.061633786798872915
11 0.18749178793535262 0.603090409296422 0.062222562174867053 0.06537343099547555
11 0.33647931881564314 0.7060779773954392 0.05916286820694933 0.06415875005603046
11 0.19847841250240744 0.5275091000020813 0.07757981388968484 0.07379425353307682
11 0.7021406206914258 0.5090757134147622 0.046894701397664135 0.05812631737806206
11 0.8369960283335083 0.5913253439840827 0.0674092127822428 0.11120270824180917
11 0.7636517274515553 0.23164419567688732 0.05108206012614114 0.0640494913380107
11 0.7052314053601823 0.18389005582398119 0.10541096897709074 0.09646347118996086
11 0.7917543237710908 0.2795754697973139 0.05809398532161907 0.06179767487590235
11 0.6545236547478218 0.31235614207627355 0.048885512480251234 0.056979923137379034
11 0.5173161222149543 0.4854428310068079 0.048885512480251234 0.056979923137379034
11 0.15594437900291608 0.45061709724076704 0.07743285920161151 0.06792570893213785