11 0.5805511846443503 0.5972125790008405 0.0581406196766784 0.05530514814293721
11 0.5264404196464557 0.5041744606345397 0.07314696477342703 0.06680042782898848
11 0.5836377788529353 0.48880707182770206 0.05388109281698235 0.053206318973597164
11 0.6554236583603972 0.546478919159796 0.052877461781941554 0.055274972677113066
11 0.5435353771899175 0.716184653138658 0.06027038310652642 0.05635456272760758
11 0.42312327314191767 0.5115086383539108 0.057014487281871404 0.052187079854751635
11 0.42515591559899374 0.4700088273271359 0.04837293220271357 0.0428026995243703
11 0.4585592531128885 0.4371453908913064 0.04313427457992978 0.04380986845688617
11 0.5276173128152511 0.409782155478742 0.04844643301857308 0.045914732719391047
11 0.5178268852994149 0.33412240042471764 0.054933724395929834 0.053212354066762224
11 0.22174296829424528 0.370566281401868 0.05698998700991817 0.05114973545641138
11 0.23120088190863108 0.5494297339044174 0.04523953773782463 0.043821938643215826
11 0.21776255421688848 0.4945349720966927 0.048495433562479595 0.047989421516071544
11 0.36826304956184747 0.5616089592256521 0.06237564626442116 0.05636663291393724
11 0.312253953545099 0.5266651447129879 0.06675767448388319 0.06365218407497854
11 0.35847262204601127 0.4859492041716278 0.04634116986067846 0.04590266253306127
11 0.49514190523293516 0.5593257139017723 0.06883843736982463 0.06262690986296794
11 0.47736570923291166 0.7549405716534705 0.04859343465029246 0.05213879910943254
11 0.554096683157239 0.8037678336804303 0.07909525016781309 0.05127647241287419
11 0.6269614547456835 0.7711967534500875 0.05380759200112296 0.05009428577857665
11 0.3239510016980812 0.744410906873802 0.05405259472065501 0.060467729761979144
11 0.40576226159253737 0.7563883023870234 0.07275496042217547 0.0502029174555445
11 0.28551681881548474 0.7897496340089563 0.05162882802736847 0.04697018239722578
11 0.20316787311061926 0.7336941542060217 0.04962156595728659 0.05110748980425712
11 0.20407614340297026 0.6061128633965007 0.046292169316772 0.04382797373638089
11 0.2392172399954615 0.5887975227494452 0.04734480089571931 0.04383400882954572
11 0.317650542763017 0.5878292361094907 0.059193251255625766 0.055311183236102034
11 0.0771981678469235 0.5637963346849149 0.07187383074690065 0.05745829315076141
11 0.11490827253433866 0.6159589283539963 0.044186906158877236 0.043815903550051
11 0.16227713364449073 0.5933874621438433 0.10622130884603526 0.17485926295815626
11 0.10491832238271283 0.7269970246285573 0.06428490724669012 0.048079947913544904
11 0.1924560450514145 0.8307341361961541 0.048421932746619906 0.044877388321050794
11 0.1942436847889584 0.7996077691527816 0.04614516768505268 0.037603907346339394
11 0.22216336196053732 0.7761106077678389 0.04954806514142691 0.04799545660923637
11 0.26728039833859585 0.7374753911163242 0.050600696720374275 0.0480014917024012
11 0.38044049336304037 0.6253271835124339 0.05172682911518127 0.05111955999058701
11 0.48868520345822153 0.8772657368998938 0.05390559308893564 0.054243663371937645