11 0.34327918781725886 0.5149587750294464 0.04900507614213198 0.05372202591283863
11 0.2748934010152284 0.42303886925795053 0.04568527918781726 0.054793875147232045
11 0.33166497461928934 0.2988457008244994 0.060274111675126904 0.058657243816254416
11 0.6139187817258883 0.560906949352179 0.04169543147208122 0.04669022379269729
11 0.6117969543147208 0.6506478209658422 0.038345177664974625 0.04767962308598351
11 0.47530964467005077 0.7045936395759718 0.04061928934010152 0.04594817432273263
11 0.45718781725888324 0.6424617196702003 0.03588832487309645 0.04424028268551237
11 0.45223350253807104 0.5886572438162544 0.05934010152284264 0.0656419316843345
11 0.48222335025380714 0.5360188457008245 0.059685279187817256 0.05792697290930506
11 0.4793299492385787 0.4568197879858657 0.03941116751269035 0.05568904593639576
11 0.26397969543147204 0.5242873969375736 0.04844670050761421 0.05415783274440518
11 0.7179390862944162 0.7212485276796231 0.042152284263959394 0.053451118963486456
11 0.6036954314720812 0.602226148409894 0.043492385786802035 0.04977620730270907
11 0.39552284263959386 0.4983981154299175 0.05843654822335025 0.06392226148409895
11 0.5456345177664975 0.4144758539458186 0.059868020304568524 0.061378091872791515
11 0.5583147208121828 0.5140047114252061 0.04228426395939086 0.04760895170789164
11 0.5296852791878173 0.4639693757361602 0.06309644670050761 0.06301531213191991
11 0.38512690355329954 0.4251354534746761 0.03841624365482234 0.04534746760895171
11 0.4093604060913706 0.39144876325088335 0.03516751269035533 0.04478209658421673
11 0.5507005076142133 0.8326972909305065 0.04217258883248731 0.059870435806831566
11 0.7198883248730965 0.6486808009422851 0.02953299492385787 0.03962308598351001
11 0.9056142131979695 0.4632273262661955 0.03443654822335025 0.0434982332155477
11 0.6305380710659899 0.1750765606595995 0.05118781725888325 0.05462897526501767
11 0.5156243654822334 0.6499293286219081 0.058984771573604065 0.11058892815076561
11 0.4788934010152284 0.8394935217903416 0.03833502538071066 0.04103651354534747
11 0.5169340101522842 0.7531448763250883 0.058984771573604065 0.08924617196702002
11 0.5106700507614214 0.8260070671378091 0.04051776649746192 0.05925795053003534
11 0.7711370558375635 0.7133922261484098 0.06089340101522842 0.05488810365135453
11 0.8150558375634518 0.675547703180212 0.047898477157360404 0.044664310954063605
11 0.8024365482233502 0.5411896348645465 0.05265989847715736 0.04477031802120141
11 0.7083756345177665 0.48484098939929327 0.04820304568527919 0.04070671378091873
11 0.3291979695431472 0.3522497055359246 0.04395939086294416 0.045371024734982335
11 0.3616243654822335 0.38220259128386336 0.04624365482233502 0.06429917550058893
11 0.4036040609137056 0.26757361601884566 0.056903553299492385 0.09643109540636043
11 0.4425888324873096 0.36672555948174324 0.0788020304568528 0.12587750294464076
11 0.5771370558375635 0.6838515901060072 0.05577664974619289 0.07360424028268552