11 0.4984037178578862 0.29501205423367965 0.054267803744597075 0.06761305738957754
11 0.5884689559849693 0.22389807241522 0.05528704286344272 0.06404769218182381
11 0.6886719236490134 0.302871027687813 0.060558256159452505 0.08116062517919972
11 0.4180054720009029 0.6101888767576498 0.04695811221089612 0.05763085480770909
11 0.34028008078994537 0.5988105825616628 0.04694000693140152 0.05401639697638365
11 0.3136323497304311 0.4320392479296831 0.045914732719391047 0.05637694290702895
11 0.3702279703716236 0.4173155071739477 0.04484721285522642 0.050303753897915214
11 0.41742110540294 0.41628661207854933 0.06678232254949376 0.08145518092062927
11 0.45921930772836644 0.45706944516124975 0.059520911761112134 0.08111153255562815
11 0.5286821543115914 0.4616115646831588 0.054213487906113036 0.056769683895601636
11 0.5019895058663509 0.20028646310995288 0.054267803744597075 0.06761305738957754
11 0.2629432614621022 0.7169012680312609 0.052156904388927255 0.0602859564797838
11 0.3833449610539779 0.5937611904906711 0.05008221559224676 0.060187771232640665
11 0.5048265965093586 0.35854837386721145 0.0647076337528135 0.08135699567348599
11 0.5557493243460655 0.5446479595561023 0.06263898004929783 0.0824636297034513
11 0.4670533607413918 0.5494477885100265 0.046964147304061184 0.05883567408481739
11 0.5149069926612533 0.5200810940907941 0.06473177412547282 0.08617627278191974
11 0.5701883462445416 0.35364830966653926 0.04486531813472114 0.053918211729240516
11 0.5959559911410133 0.3855535241977317 0.04484721285522642 0.050303753897915214
11 0.19035398557696545 0.5083386515337586 0.05838700587213358 0.06178533149832165
11 0.32615790128262606 0.726557220403033 0.03961824521137091 0.04162455584029819
11 0.4598147070736275 0.9593318058447519 0.041680863821721516 0.03931310253322474
11 0.7516561924902397 0.6690798471483244 0.0553172183292671 0.07007178856736584
11 0.3548485113784561 0.4854972297338079 0.10520027584707241 0.09050052365542832
11 0.19545052698420384 0.4225755660529877 0.04175328493970028 0.053770933858525806
11 0.26466895229425064 0.4759128662977883 0.08650997139745327 0.08600239859981451
11 0.20199712504555647 0.4614130905057965 0.05733759128746356 0.05932660032053321
11 0.26210472932519285 0.7807812360297935 0.057452258057596524 0.08221816658559358
11 0.2882703445575368 0.8367582897913688 0.04595697837154531 0.06481067784678812
11 0.4070251553414182 0.8353540518623027 0.047024498235709936 0.07088386685590173
11 0.47029747436001906 0.7299743095820052 0.04283891008335962 0.06345858069896484
11 0.6420397064690213 0.2954416415316666 0.04697018239722578 0.060040493361925885
11 0.6112720816559495 0.3300224040475101 0.06359786823649437 0.06685007172461323
11 0.7048228371282554 0.3912421722166918 0.09272800269432988 0.08509213506413563
11 0.6123392557071037 0.42753912655793586 0.1219245231769792 0.11658721045185066
11 0.316647475621803 0.5547589900122428 0.07195697435486535 0.07929100548427025