11 0.414943512669543 0.42449072947255295 0.0611132796730974 0.057735480110353836
11 0.47564735747862924 0.5252629350302397 0.07716716679263069 0.06996666070345917
11 0.41498907259210455 0.539813628490839 0.05656373476673296 0.05550228880876023
11 0.336896549487177 0.47646306289796375 0.05550789850717812 0.05770337288181664
11 0.4493414261009434 0.29888124405707006 0.06342067211309399 0.059955828520532536
11 0.5853497283965748 0.5203734729126609 0.05989434347947003 0.05441780038650075
11 0.5849729135193782 0.5645139511193757 0.05063215373266888 0.04443265398640405
11 0.5506702317653356 0.5985280111204296 0.04618046878674796 0.04551072096295614
11 0.47805523816215495 0.6257012254111387 0.051851089926296126 0.04775033371025714
11 0.49166356952485785 0.7068912676827829 0.05768481099991682 0.05550871025446762
11 0.8051794733153097 0.6766836531816492 0.059861723492655776 0.05331404762711885
11 0.7889023013745652 0.48622529845405094 0.048455241239930176 0.04662731661375282
11 0.804644613590531 0.5448044627726347 0.05082787365355591 0.05105517054269544
11 0.6421125531418549 0.4688310083984994 0.06563020459264707 0.05886491865256566
11 0.7032318311556979 0.5078059023222147 0.07034284943308404 0.06661687375106863
11 0.6551440363945583 0.5494659635675988 0.04964155744674305 0.048841243578224135
11 0.5070065570497928 0.46750534781106 0.07255238191263724 0.06552596388310176
11 0.5182506811430204 0.26009936145572865 0.05095835360081368 0.05547018158022304
11 0.4348137367666894 0.20554671070937136 0.08452540062270036 0.05345531943268291
11 0.3584217662880304 0.23766433735732284 0.056465874806289444 0.05219103053061454
11 0.6823518710164517 0.27538567840098194 0.05679207467443424 0.06322855812443358
11 0.5950444031161146 0.2605392304866894 0.07664524700359886 0.05230661655334879
11 0.7218848040880472 0.22871056889557342 0.055246938612662326 0.04887335080676145
11 0.8111391595445915 0.2904697198064503 0.05204680984718303 0.05437285026654853
11 0.8151514179227725 0.42623130921042385 0.049576317473114036 0.04663373805946046
11 0.7786941320101441 0.44423132203187915 0.05069739370629789 0.04664015950516785
11 0.6951413326511323 0.4426491715672918 0.062234355906281257 0.05774190155606135
11 0.9522206115644489 0.47502154917413864 0.0757525106781163 0.06002646442331469
11 0.9101982478422918 0.4184989864001934 0.04733416500674632 0.046620895168045434
11 0.8604185270787149 0.4408369529106868 0.11079608373048631 0.18382657395389596
11 0.9167975953517971 0.3004552341576974 0.06873247339768311 0.05005416091463277
11 0.8193162631026834 0.18788492764100836 0.05181846993948175 0.04664658095087524
11 0.8180527102407501 0.2209846675310504 0.048259521319043146 0.040004800057461494
11 0.7896223678878884 0.24510027064905832 0.05191632989992526 0.04995783922902093
11 0.7431509475028957 0.2845624585442398 0.054158482366292976 0.04997068212043596
11 0.6266371991611508 0.4003212799683322 0.054256342326736234 0.053281940398581536
11 0.5020533741404821 0.12923402356619165 0.05659635475354747 0.05660604156814216