11 0.5880122324159022 0.6173668341708543 0.05097859327217125 0.049537688442211056
11 0.5423853211009175 0.5227437185929649 0.06417940876656474 0.05951758793969849
11 0.5984199796126402 0.5130251256281407 0.04647298674821611 0.047226130653266335
11 0.6634454638124363 0.5747839195979899 0.04602446483180428 0.04879396984924623
11 0.545474006116208 0.7290251256281407 0.05323139653414883 0.05
11 0.44194699286442407 0.5206633165829145 0.04981651376146789 0.04623115577889447
11 0.4465749235474006 0.4809145728643216 0.04264016309887869 0.03690452261306532
11 0.4805708460754332 0.4515175879396985 0.03762487257900102 0.03930653266331658
11 0.5487359836901121 0.43148743718592963 0.042548419979612645 0.04063316582914573
11 0.544230377166157 0.3574170854271357 0.04813455657492355 0.04723618090452261
11 0.2569928644240571 0.36652261306532663 0.05039755351681957 0.04564824120603015
11 0.2545158002038736 0.5404020100502513 0.0399796126401631 0.038924623115577886
11 0.245361875637105 0.4859899497487437 0.042222222222222223 0.04346733668341708
11 0.38599388379204896 0.5645628140703518 0.05470948012232416 0.0494572864321608
11 0.3338735983690112 0.5255175879396985 0.058144750254842 0.05593969849246231
11 0.3810499490316004 0.49025125628140703 0.041182466870540266 0.04117587939698492
11 0.5082670744138634 0.57356783919598 0.06017329255861366 0.0548643216080402
11 0.479072375127421 0.7607437185929649 0.041926605504587156 0.047728643216080405
11 0.5498674821610601 0.8150653266331659 0.07218144750254843 0.04301507537688442
11 0.6222629969418961 0.7897989949748744 0.047237512742099905 0.044673366834170856
11 0.3315902140672783 0.7370150753768845 0.04627930682976555 0.054251256281407034
11 0.4097247706422018 0.7558291457286431 0.06566768603465852 0.0432964824120603
11 0.2913251783893986 0.777427135678392 0.04606523955147808 0.041517587939698494
11 0.21585117227319062 0.7161105527638191 0.04293577981651376 0.04663316582914573
11 0.22486238532110092 0.5927638190954774 0.040897043832823644 0.039276381909547735
11 0.26019367991845055 0.5788643216080402 0.041753312945973495 0.03891457286432161
11 0.33528032619775744 0.5850150753768845 0.05184505606523955 0.04896482412060301
11 0.10496432212028542 0.5407638190954773 0.06391437308868501 0.05044221105527638
11 0.1379001019367992 0.5946331658291457 0.038532110091743114 0.039427135678391956
11 0.18513761467889908 0.5768241206030151 0.08416921508664628 0.1621608040201005
11 0.12148827726809379 0.7008542713567839 0.05817533129459735 0.0414572864321608
11 0.19933741080530074 0.8088442211055276 0.042782874617737 0.039577889447236184
11 0.20313965341488277 0.7787437185929649 0.041243628950050966 0.033346733668341705
11 0.23129459734964322 0.7589447236180904 0.04281345565749235 0.04233165829145728
11 0.27706422018348625 0.725537688442211 0.04492354740061162 0.042110552763819094
11 0.39367991845056066 0.6270050251256282 0.0445361875637105 0.044773869346733663
11 0.4822731906218145 0.8805326633165829 0.04651376146788991 0.04798994974874372