11 0.3401548672566372 0.7754008526751769 0.06858407079646017 0.08375975283867416
11 0.24502212389380532 0.5311890097141103 0.06305309734513274 0.0758232440373131
11 0.2372787610619469 0.47044922229308495 0.0586283185840708 0.07307300871858946
11 0.3313053097345133 0.6620067217702077 0.06969026548672566 0.12236504945755809
11 0.497787610619469 0.855765621759272 0.10730088495575221 0.10332559722454951
11 0.7311946902654868 0.23704032309248682 0.06305309734513274 0.08224997925582217
11 0.25829646017699115 0.7067429310072968 0.09513274336283185 0.1375362290183679
11 0.29314159292035397 0.6089280155330166 0.08075221238938053 0.08810953235590946
11 0.5625 0.7985125818938899 0.05752212389380531 0.06146000001744332
11 0.7007743362831859 0.7395600161015139 0.05641592920353982 0.06912719697182389
11 0.8777654867256637 0.6546148707047534 0.06305309734513274 0.0719672029062077
11 0.7771017699115044 0.7326068887301379 0.07964601769911504 0.07264048252365793
11 0.8821902654867256 0.46227594644001435 0.06305309734513274 0.09510344969284008
11 0.5873893805309734 0.4748805544985629 0.051991150442477874 0.0638062675656968
11 0.6570796460176991 0.6352918546554008 0.04756637168141593 0.0674827674654823
11 0.8191371681415929 0.21740510307372854 0.06526548672566372 0.07205697352186771
11 0.6338495575221239 0.1677254486905251 0.061946902654867256 0.07063697055467597
11 0.8279867256637168 0.29995090492985454 0.08185840707964602 0.08172768244523054
11 0.3014380530973451 0.5134756944903583 0.048672566371681415 0.06367161164220683
11 0.13716814159292035 0.480295404348359 0.06858407079646017 0.1236055111934298
11 0.31194690265486724 0.8253886156855105 0.05420353982300885 0.07032277339986581
11 0.3860619469026549 0.8519442820660412 0.11172566371681415 0.10736117958697494
11 0.26935840707964603 0.7859855946385084 0.06084070796460177 0.06802139115944242
11 0.40542035398230086 0.6988451645003527 0.05088495575221239 0.06376138225786701
11 0.5033185840707964 0.46672371450032746 0.05088495575221239 0.0637613822578667
11 0.8932522123893806 0.3628553709966757 0.08185840707964602 0.0753009472267214