11 0.3023359840954274 0.767459584295612 0.05483101391650099 0.06562355658198614
11 0.24122266401590456 0.5340877598152425 0.050556660039761434 0.05842956120092379
11 0.23931411530815108 0.478729792147806 0.04672962226640159 0.057332563510392606
11 0.3050596421471173 0.6651847575057737 0.052236580516898605 0.10098152424942264
11 0.4347117296222664 0.8649076212471132 0.08912524850894632 0.07712471131639724
11 0.7004174950298211 0.3518360277136259 0.050725646123260436 0.06495381062355658
11 0.2362624254473161 0.6927598152424942 0.07406560636182903 0.11118937644341802
11 0.27623260437375746 0.6116166281755195 0.06527833001988072 0.0669515011547344
11 0.49754473161033796 0.824295612009238 0.047057654075546726 0.04739030023094688
11 0.6257753479125249 0.7947113163972287 0.04547713717693837 0.05460739030023094
11 0.7913220675944335 0.7475750577367205 0.05169980119284294 0.05591224018475751
11 0.694145129224652 0.8007274826789837 0.0670675944333996 0.053521939953810625
11 0.8130715705765408 0.5765011547344111 0.048389662027833 0.07730946882217091
11 0.5501192842942345 0.5400577367205542 0.041958250497017895 0.04941108545034642
11 0.5970079522862823 0.6943071593533487 0.03733598409542744 0.054318706697459584
11 0.7803180914512923 0.34832563510392606 0.05388667992047714 0.05572748267898383
11 0.620427435387674 0.2734064665127021 0.050288270377733604 0.053937644341801386
11 0.7801888667992047 0.4231062355658199 0.06736580516898608 0.06100461893764434
11 0.2929423459244533 0.5274480369515011 0.038996023856858845 0.050404157043879905
11 0.15003976143141154 0.47135103926097 0.05160039761431411 0.10112009237875288
11 0.27222664015904574 0.8075404157043881 0.042743538767395624 0.05588914549653579
11 0.33600397614314115 0.8436489607390301 0.09265407554671967 0.07937644341801385
11 0.2385487077534791 0.7658198614318708 0.04958250497017893 0.051905311778291
11 0.36727634194831016 0.7099076212471132 0.04087475149105368 0.049919168591224014
11 0.47617296222664013 0.5193071593533488 0.04087475149105368 0.049122401847575055
11 0.8325149105367793 0.49030023094688224 0.06903578528827038 0.05580831408775981