11 0.3607004831092944 0.4681772116321192 0.0643136976077588 0.07214542598871493
11 0.3055529883002486 0.4017366853563642 0.056423005013127414 0.06648746279388901
11 0.44743166016598673 0.4136670689767728 0.056304189328056614 0.0637992907508781
11 0.5365670964349333 0.38474149724816276 0.06674590233085127 0.06955112698197233
11 0.42627914045855886 0.36726409647357905 0.06662708664578047 0.06686295493896141
11 0.4160715420050472 0.30918677844004344 0.08424659813278174 0.06214372210681705
11 0.4739691926189835 0.23617091410617763 0.061406230144383143 0.06398703682341454
11 0.2757585749703812 0.6784135867095529 0.06152504582945394 0.06667520886642514
11 0.45246022585634327 0.18170342547395152 0.06383843486747562 0.06139273781667193
11 0.5273588808419472 0.1764081639148294 0.06152504582945394 0.06667520886642529
11 0.5837189611916807 0.18384971479874995 0.053871984604964146 0.06639358975762087
11 0.6313566391512871 0.16681609818676935 0.0536343532348227 0.06101724567159932
11 0.6450343211618315 0.21696970964567489 0.061168598774241696 0.058610692737393034
11 0.22263427457236645 0.2255803340122606 0.15152365422559302 0.0860897973938747
11 0.14329761550090128 0.41857827340079473 0.05410961597510578 0.07176993384364237
11 0.2855047889110135 0.4667520430837144 0.05363435323482263 0.061017245671599364
11 0.2569962471917728 0.4267878815792431 0.04586247632526203 0.05804745451978404