11 0.5054272536876696 0.1808711783760522 0.09560111584719967 0.09541368317707183
11 0.5764936542116983 0.13301753409247702 0.14884875750578147 0.11406312680036884
11 0.5869443489746164 0.3735452674265294 0.1522759974790425 0.131049258326224
11 0.7714327484726968 0.468448521237653 0.08106597523884376 0.08146992814681002
11 0.7994998709425705 0.5651611476819979 0.08175193305623306 0.11219026712986063
11 0.7498349178323401 0.6614604710644943 0.08312214928188809 0.08255390283636306
11 0.6565767946082436 0.7392274509380543 0.07281762534882558 0.07607470735469886
11 0.6770565967308045 0.7918980918447415 0.07170675031486008 0.07182509289127839
11 0.41845634603419174 0.289955953052663 0.09267060394859997 0.10067331436308102
11 0.6505645017538167 0.24246704867888644 0.07600832814367647 0.08246761854157114
11 0.8275145877493906 0.3865240032797482 0.0676180559466125 0.07071646554607038
11 0.2950381711635729 0.20002956704677777 0.0923631056166667 0.08690212792240311