11 0.4047392224381264 0.3264584518214258 0.12886810713394822 0.13178838903401616
11 0.2770209060156651 0.36536106624472375 0.1283368831534626 0.1443628669455303
11 0.5631960589083026 0.2719635959917024 0.12674674863336138 0.13067684065536378
11 0.3108752992745366 0.4656110226200328 0.14787562079605923 0.13969148410575277
11 0.4214259764664715 0.5048521160551591 0.13406914975280865 0.08053174953577
11 0.5308312615649439 0.5467498240157461 0.09136489429009678 0.07717778088264049
11 0.65394860011344 0.5447036077906787 0.0747752340796649 0.07773917536602687
11 0.758691141416248 0.6507380742139517 0.11760655880713071 0.08424440452335795
11 0.415236632783083 0.5810992705559107 0.09174610208435846 0.08663156239524554
11 0.35425199766790944 0.6773181114730519 0.08344950326846479 0.1126169896492932
11 0.4171859356899847 0.7001232929471394 0.06711751900889594 0.06807144511637399
11 0.5929004303658896 0.6424980789599207 0.15992606905422543 0.12955405168859124
11 0.5801925963764928 0.7902807792577676 0.06919652108789802 0.06813257332695916
11 0.4062553026964645 0.7780836161738084 0.08792694929903125 0.09491266731861325
11 0.8731606488014299 0.45117668199289296 0.059586873202880725 0.06155497537092267
11 0.7894481634500687 0.44157254258881706 0.06266301989979935 0.06059624751873307
11 0.571511206027642 0.4133577032593285 0.16525064351648458 0.13285813271925573
11 0.6844586047778036 0.7536414874556531 0.11830367105259934 0.12728106730882166