11 0.41263263263263267 0.637085020242915 0.11551551551551552 0.11972672064777329
11 0.2925425425425425 0.59917004048583 0.11453453453453454 0.1312753036437247
11 0.5615315315315316 0.6910121457489878 0.11344344344344344 0.11865384615384615
11 0.33215215215215216 0.5028137651821862 0.13347347347347346 0.1256072874493927
11 0.44144144144144143 0.4655263157894737 0.12366366366366367 0.06975708502024291
11 0.55001001001001 0.42605263157894735 0.0830930930930931 0.06882591093117409
11 0.6687387387387388 0.42870445344129554 0.06747747747747747 0.07101214574898786
11 0.7770670670670671 0.32695344129554654 0.1082082082082082 0.07347165991902835
11 0.44085085085085085 0.3922975708502024 0.08236236236236236 0.07776315789473684
11 0.3895095095095095 0.299251012145749 0.07226226226226226 0.10387651821862348
11 0.45128128128128125 0.2780668016194332 0.060360360360360354 0.061508097165991905
11 0.6170270270270269 0.33384615384615385 0.1455055055055055 0.115334008097166
11 0.6151651651651652 0.19182186234817813 0.06217217217217217 0.06222672064777328
11 0.44628628628628625 0.20218623481781375 0.07778778778778778 0.08606275303643725
11 0.8734834834834835 0.5198684210526315 0.052592592592592594 0.05517206477732793
11 0.7919019019019019 0.5290688259109312 0.05608608608608609 0.05484817813765182
11 0.5795995995995996 0.554504048582996 0.15 0.11819838056680163
11 0.7130730730730731 0.22788461538461538 0.10465465465465465 0.11531376518218624