11 0.20407183358316017 0.64453125 0.09648550676083875 0.06510416666666667
11 0.26331171911052503 0.7213541666666666 0.05244613736743385 0.052083333333333336
11 0.43359476101700156 0.7109375 0.05240115008669096 0.049479166666666664
11 0.3363314258982471 0.671875 0.06026807069180609 0.057291666666666664
11 0.45560140112841635 0.5559895833333334 0.06564764627077799 0.0703125
11 0.3271178136332871 0.5338541666666666 0.05520340607803407 0.0625
11 0.41238777413611 0.4466145833333333 0.04986881777980513 0.052083333333333336
11 0.5788433016492421 0.359375 0.06289037756017785 0.059895833333333336
11 0.6297308555384047 0.3229166666666667 0.06804501673543543 0.059895833333333336
11 0.6195441632125939 0.6888020833333334 0.0686748386658352 0.09635416666666667
11 0.4763519929092358 0.7721354166666666 0.08404878163012275 0.09114583333333333
11 0.553395134561001 0.7135416666666666 0.06026807069180609 0.057291666666666664
11 0.5459171281348437 0.7734375 0.0498238304990621 0.049479166666666664
11 0.5671495354185467 0.8125 0.047246510911433226 0.049479166666666664
11 0.4465393908211763 0.8567708333333334 0.08111156379655134 0.0703125
11 0.37538665618428174 0.7981770833333334 0.06031305797254898 0.059895833333333336
11 0.25438759740795347 0.7903645833333334 0.05253611192891949 0.057291666666666664
11 0.3477073544013028 0.4609375 0.04982383049906224 0.049479166666666664
11 0.46619005221847254 0.390625 0.0628004029986922 0.0546875
11 0.4564721308102578 0.4309895833333333 0.054888495112834335 0.044270833333333336
11 0.5708769574275577 0.5221354166666666 0.11714905074261242 0.06770833333333333
11 0.565796321466058 0.5924479166666666 0.07089226000752136 0.07552083333333333
11 0.42788363435733845 0.2955729166666667 0.06551268442854961 0.0625
11 0.14231558709663683 0.4895833333333333 0.05506844423580561 0.0546875
11 0.2896051954777963 0.4674479166666667 0.06062796893774879 0.078125
11 0.20393979850337166 0.4283854166666667 0.04968886865683371 0.041666666666666664
11 0.3500053012493909 0.6263020833333334 0.0679100548932072 0.052083333333333336
11 0.4740090587804049 0.609375 0.0497338559375766 0.044270833333333336
11 0.7273126971525629 0.6419270833333334 0.057645763823434476 0.0546875