11 0.4043242087139306 0.1687125023095833 0.09876391587977558 0.1010435961959104
11 0.4694313498238326 0.10336542246696188 0.15417560686594792 0.12123241375077617
11 0.5188889102239083 0.3489041016602607 0.1575579602157414 0.13904818512002964
11 0.7233961299346664 0.40547965642271433 0.08374133764718723 0.08626992256289734
11 0.7679643321832202 0.4981023996681934 0.08409956010005712 0.11842069861611242
11 0.733099987512492 0.6092901588523275 0.08587683239609291 0.08743017812466133
11 0.6503352409718852 0.7099983023224926 0.07518700615319011 0.08052025286573056
11 0.6800966618419255 0.7602864734923621 0.07407602503442541 0.07605985900946047
11 0.3330641814414805 0.30130047924678466 0.09564096499585349 0.106509421278985
11 0.5628812338280936 0.19923576894486278 0.07844583451923516 0.0872495497338754
11 0.7679628447132812 0.30736343013747164 0.06981738803498895 0.07484799533604344
11 0.1921709380072095 0.23597047270901683 0.09548038251698077 0.09209700442754382