11 0.17509756097560977 0.407103274559194 0.06778048780487805 0.07241813602015114
11 0.2138780487804878 0.5123425692695214 0.06370731707317073 0.07153652392947103
11 0.15609756097560976 0.4668765743073048 0.07053658536585367 0.06755667506297229
11 0.3181951219512195 0.6114105793450881 0.06463414634146342 0.08413098236775818
11 0.4035609756097561 0.4701007556675063 0.05402439024390244 0.05977329974811083
11 0.4098292682926829 0.4202267002518892 0.04463414634146342 0.052141057934508815
11 0.36853658536585365 0.42775818639798485 0.054146341463414634 0.053576826196473554
11 0.37141463414634146 0.38685138539042824 0.04824390243902439 0.04881612090680101
11 0.47526829268292686 0.24397984886649873 0.05917073170731708 0.06027707808564232
11 0.5523658536585366 0.21622166246851388 0.04902439024390244 0.05768261964735516
11 0.5942439024390244 0.22060453400503777 0.048634146341463416 0.06251889168765744
11 0.660609756097561 0.26534005037783376 0.05782926829268293 0.062292191435768265
11 0.7415121951219512 0.3656171284634761 0.0526829268292683 0.059168765743073046
11 0.7905365853658537 0.34088161209068013 0.05307317073170732 0.057178841309823675
11 0.38551219512195123 0.32994962216624685 0.06904878048780487 0.08007556675062973
11 0.5964878048780488 0.40357682619647356 0.045756097560975616 0.05332493702770781
11 0.6435121951219511 0.4239798488664987 0.048902439024390246 0.057153652392947105
11 0.38592682926829264 0.645566750629723 0.05297560975609756 0.05085642317380353
11 0.3777073170731708 0.7122166246851386 0.04473170731707317 0.053299748110831234
11 0.43758536585365854 0.7222166246851386 0.043463414634146345 0.04329974811083124
11 0.42234146341463413 0.6845340050377834 0.0491219512195122 0.049168765743073044
11 0.4908780487804878 0.7260201511335013 0.04385365853658537 0.04821158690176323
11 0.4103414634146342 0.5979093198992443 0.050804878048780484 0.07219143576826197
11 0.4672926829268293 0.6357430730478589 0.04353658536585366 0.042619647355163735
11 0.4869512195121951 0.6032493702770781 0.042512195121951216 0.04161209068010076
11 0.4981219512195122 0.5501007556675063 0.06802439024390244 0.047657430730478595
11 0.4569756097560976 0.5815869017632241 0.05041463414634147 0.05521410579345089
11 0.4901219512195122 0.6628715365239295 0.0698780487804878 0.06811083123425693
11 0.7104146341463414 0.4720151133501259 0.04085365853658537 0.045113350125944585
11 0.7513414634146341 0.4656926952141058 0.042560975609756094 0.04289672544080605
11 0.6530975609756097 0.5903022670025189 0.041902439024390246 0.048413098236775816
11 0.7044390243902439 0.6327204030226701 0.04819512195121951 0.046523929471032746
11 0.8554634146341463 0.5441057934508816 0.05051219512195122 0.06556675062972292
11 0.7039756097560975 0.5571536523929471 0.0706829268292683 0.050403022670025194
11 0.6944878048780488 0.5140554156171285 0.0544390243902439 0.0452896725440806
11 0.6735853658536586 0.4585642317380353 0.03195121951219512 0.03670025188916877
11 0.8285365853658536 0.4861964735516373 0.06087804878048781 0.04506297229219144
11 0.809780487804878 0.5198992443324937 0.057804878048780484 0.0427455919395466
11 0.8124634146341464 0.5632997481108313 0.03973170731707317 0.03853904282115869
11 0.26690243902439026 0.3697229219143577 0.05504878048780488 0.057002518891687656
11 0.3005853658536585 0.2934760705289673 0.04195121951219512 0.04347607052896726
11 0.23636585365853657 0.7361964735516372 0.0585609756097561 0.05982367758186398
11 0.3153658536585366 0.7102015113350125 0.08070731707317073 0.10727959697732999
11 0.5372926829268293 0.6294962216624685 0.036560975609756095 0.03987405541561713