11 0.31995283018867926 0.4857960199004975 0.05768867924528302 0.06497512437810946
11 0.27132075471698114 0.426044776119403 0.049316037735849055 0.05937810945273632
11 0.4021933962264151 0.43278606965174127 0.04974056603773585 0.057313432835820896
11 0.4855896226415094 0.4033333333333333 0.05867924528301886 0.06305970149253731
11 0.38452830188679243 0.3906218905472637 0.05818396226415095 0.05915422885572139
11 0.3778537735849057 0.3367910447761194 0.07603773584905661 0.055422885572139306
11 0.43403301886792456 0.2680099502487562 0.05377358490566038 0.0563681592039801
11 0.23285377358490567 0.6845771144278606 0.05525943396226415 0.0600497512437811
11 0.4159905660377358 0.21825870646766168 0.05709905660377359 0.05559701492537314
11 0.48629716981132076 0.21034825870646767 0.05485849056603774 0.06052238805970149
11 0.5377594339622641 0.21487562189054726 0.047783018867924534 0.059203980099502486
11 0.5825707547169812 0.19835820895522388 0.04712264150943396 0.05385572139303482
11 0.592877358490566 0.24350746268656717 0.05377358490566038 0.05323383084577114
11 0.20108490566037737 0.2665671641791045 0.1378301886792453 0.07427860696517413
11 0.12002358490566038 0.4475870646766169 0.046344339622641506 0.06577114427860697
11 0.24950471698113208 0.4874378109452736 0.046061320754716986 0.05368159203980099
11 0.22497641509433963 0.45166666666666666 0.039504716981132074 0.05139303482587065