11 0.7956174334140436 0.34433823529411767 0.09014527845036319 0.05963235294117647
11 0.7394430992736077 0.2703186274509804 0.048983050847457625 0.04838235294117647
11 0.5803389830508475 0.2780392156862745 0.049322033898305084 0.04549019607843137
11 0.6706295399515739 0.31575980392156866 0.056174334140435836 0.053799019607843133
11 0.5595641646489103 0.4222549019607843 0.059685230024213075 0.06524509803921569
11 0.6793704600484262 0.44629901960784313 0.05164648910411622 0.058235294117647066
11 0.5989588377723971 0.5268627450980392 0.046755447941888614 0.04848039215686275
11 0.442953995157385 0.6063235294117647 0.059225181598062955 0.0575
11 0.3962469733656174 0.6398039215686275 0.06358353510895884 0.05561274509803922
11 0.4052058111380145 0.29536764705882357 0.06050847457627118 0.09105392156862745
11 0.540048426150121 0.21924019607843137 0.07389830508474576 0.08433823529411764
11 0.4670217917675545 0.2731617647058824 0.05532687651331719 0.05352941176470588
11 0.4751573849878935 0.21656862745098038 0.04581113801452785 0.0474264705882353
11 0.4540193704600484 0.18026960784313725 0.044213075060532694 0.046200980392156865
11 0.5682808716707022 0.1412254901960784 0.07476997578692493 0.0628186274509804
11 0.6344794188861986 0.19676470588235295 0.055302663438256655 0.05723039215686275
11 0.7482566585956416 0.20551470588235293 0.04961259079903147 0.05411764705882353
11 0.6592493946731235 0.5144852941176471 0.045133171912832934 0.046151960784313724
11 0.5498789346246973 0.5781127450980392 0.05828087167070218 0.052573529411764706
11 0.5579661016949152 0.5399019607843137 0.05142857142857143 0.04208333333333334
11 0.45084745762711864 0.4531372549019608 0.1083777239709443 0.062058823529411763
11 0.4553995157384988 0.3871568627450981 0.06326876513317191 0.07012254901960784
11 0.5847699757869249 0.6693627450980393 0.06029055690072639 0.05941176470588235
11 0.8531961259079903 0.4908823529411765 0.052009685230024215 0.05245098039215686
11 0.7156658595641646 0.5092156862745097 0.05358353510895884 0.07264705882352941
11 0.7955205811138015 0.5474264705882352 0.045133171912832934 0.03926470588235294
11 0.6584503631961259 0.3593137254901961 0.06256658595641647 0.05012254901960784
11 0.541501210653753 0.3725735294117647 0.045254237288135594 0.04274509803921569
11 0.3038983050847458 0.3387254901960784 0.0539951573849879 0.05144607843137255