11 0.16170939225372685 0.3907059899009021 0.10573503480965878 0.07969013015879889
11 0.20018349737252222 0.30372641288079816 0.05980697914148293 0.05901482164707132
11 0.3639228257389252 0.2785196071343248 0.059719238514619244 0.05646380123890813
11 0.2804698541649663 0.33642217400568314 0.07012045227835541 0.06672724848187701
11 0.41787514603109543 0.4223628528452593 0.07809684385488476 0.07952687473043021
11 0.3026641767738023 0.4702468556162018 0.06527080790394209 0.07179960649304563
11 0.4016791014139668 0.5360019922291565 0.057294416327412584 0.05899998024449244
11 0.5780131592156982 0.5847154127091018 0.0727207557192893 0.06929311029261924
11 0.6341669473938828 0.6098991059339972 0.07783362197429385 0.07187381350594042
11 0.5442131639639447 0.2595938832914962 0.08399937575166236 0.10506676161722085
11 0.3904921714888466 0.21074689018834009 0.09638670856828674 0.10003892781378917
11 0.47727928688362564 0.24978309882718577 0.07012045227835541 0.06672724848187701
11 0.45650477198709694 0.19377196036693622 0.057206675700548895 0.05644895983632917
11 0.4689200174346648 0.15287400612213964 0.05469411288647854 0.056434118433750145
11 0.3439339737501366 0.13575151269265567 0.09065965792523667 0.07960108174332507
11 0.289858047985737 0.2075140156792539 0.0702081929052191 0.06927826889004028
11 0.17663319778133205 0.24007705459863773 0.062495023209280666 0.06413170386597689
11 0.3376087496551728 0.53638044799492 0.057206675700548895 0.05644895983632917
11 0.46347219960833785 0.5790131455060367 0.07254527446556193 0.06419106947629272
11 0.44712458363439234 0.5421123980031431 0.06214406070182591 0.05392762223332382
11 0.5350164090793897 0.43060129905390876 0.12601101857594882 0.08491090219575707
11 0.5151472130824414 0.3643786582597167 0.08078488792268264 0.08464375694933571
11 0.44930614435752925 0.6786068312424569 0.07532105916022348 0.0718589721033616
11 0.1358738868836916 0.5528813033515065 0.06500758602335098 0.06414654526855584
11 0.2800391564987139 0.5430993512746445 0.07082237729326492 0.08713541174718314
11 0.20780497696120784 0.5983841114262343 0.05694345381995783 0.048795898611839375
11 0.3032304881143833 0.37711234861437415 0.07505783727963242 0.06420591087887181
11 0.4247388220893406 0.36618845895664115 0.05703119444682152 0.05134691902000264
11 0.6568557451452806 0.28316813475428315 0.06752014883742122 0.0641613866711348