11 0.42657728441401993 0.11702127659574468 0.08079660207235187 0.0797872340425532
11 0.5315285344550318 0.1675531914893617 0.07815930282766598 0.07446808510638298
11 0.4895416753397557 0.10106382978723404 0.07567195272562272 0.08244680851063829
11 0.6231292470486206 0.2912234042553192 0.09107589059433875 0.07712765957446809
11 0.47195209132011023 0.3696808510638298 0.06773006516303619 0.06382978723404255
11 0.42172434918987584 0.3723404255319149 0.0573008274984064 0.05319148936170213
11 0.4328274551634844 0.32845744680851063 0.05999810640014959 0.06382978723404255
11 0.39030168196760817 0.32845744680851063 0.054783487567834695 0.05851063829787234
11 0.2367871252796975 0.42819148936170215 0.06779004482009335 0.06914893617021277
11 0.20290800061682918 0.5093085106382979 0.06509276591835016 0.05851063829787234
11 0.20341782770181485 0.5545212765957447 0.0702474050936079 0.05851063829787234
11 0.24423598633739074 0.6316489361702128 0.07036736440772215 0.06914893617021277
11 0.33938778511287276 0.7273936170212766 0.06515274557540732 0.06382978723404255
11 0.3103184165971837 0.7779255319148937 0.06515274557540732 0.06382978723404255
11 0.3311282958519942 0.3377659574468085 0.08855855066376704 0.08244680851063829
11 0.3891947668107932 0.5731382978723404 0.05990813691456385 0.05585106382978723
11 0.4065621356152164 0.6276595744680851 0.06509276591835016 0.05851063829787234
11 0.6536231324194166 0.3670212765957447 0.057420786812520726 0.06382978723404255
11 0.7231807714568675 0.36436170212765956 0.0573008274984064 0.05319148936170213
11 0.7265078367577107 0.4308510638297872 0.049538878906991365 0.05053191489361702
11 0.6901854439026779 0.4095744680851064 0.05736080715546356 0.05851063829787234
11 0.7258789531915246 0.48936170212765956 0.052146188323148664 0.05319148936170213
11 0.6036053190888824 0.3882978723404255 0.08058667327265194 0.061170212765957445
11 0.6365715596474574 0.45478723404255317 0.04953887890699122 0.05053191489361702
11 0.6019726790999034 0.4720744680851064 0.04693156949083377 0.047872340425531915
11 0.5466502774514684 0.4800531914893617 0.05502340619606335 0.0797872340425532
11 0.5822679093360799 0.43882978723404253 0.06254543615924987 0.061170212765957445
11 0.6626596487232961 0.48271276595744683 0.07567195272562272 0.08244680851063829
11 0.4499576138384212 0.7047872340425532 0.04953887890699122 0.05053191489361702
11 0.4414168325381774 0.7473404255319149 0.04693156949083377 0.047872340425531915
11 0.5756614719759285 0.6529255319148937 0.05211619849462023 0.05053191489361702
11 0.6137073771384399 0.7127659574468085 0.052176178151677396 0.05585106382978723
11 0.5123540036879423 0.8670212765957447 0.07285471450976534 0.061170212765957445
11 0.5375864798178026 0.7047872340425532 0.057630715612220655 0.08244680851063829
11 0.49489576256501927 0.6901595744680851 0.05223615780873441 0.061170212765957445
11 0.43916849823144866 0.6622340425531915 0.04165697100146186 0.03723404255319149
11 0.4552631049892359 0.8324468085106383 0.05232612729432016 0.06914893617021277
11 0.4911656402448685 0.8164893617021277 0.04971881787816256 0.06648936170212766
11 0.5350550478058808 0.8231382978723404 0.0417469404870476 0.04521276595744681
11 0.3812651656637288 0.2127659574468085 0.06518273540393577 0.06648936170212766
11 0.3004094867672338 0.24202127659574468 0.046931569490833845 0.047872340425531915
11 0.7588424852513577 0.2127659574468085 0.06779004482009335 0.06914893617021277
11 0.7249933504170178 0.29654255319148937 0.11966632468648493 0.09840425531914894
11 0.6245396718223772 0.5305851063829787 0.04429427024614774 0.0425531914893617