11 0.29560408520290854 0.5499124655722952 0.07028529904573386 0.07409231612560327
11 0.2529492993918559 0.6170280219257736 0.06051192866819555 0.06889176270923932
11 0.3829557028722248 0.590501824704979 0.06038714824133102 0.06637919989516897
11 0.4702398681928445 0.6084561900375018 0.0726662514266861 0.07413617307265902
11 0.3699953694743802 0.6355305990964941 0.07016051861886932 0.07157975331153292
11 0.36844067627384 0.6908289094795699 0.0867024048586716 0.06937418912685306
11 0.43217500290919364 0.7511021301277861 0.06514905300323592 0.06646691378928074
11 0.1880463896973419 0.3643463897394242 0.06527383343010024 0.0689794766033508
11 0.4188403282307559 0.8036685929615123 0.06740522495732391 0.06399820792226583
11 0.4904560702996238 0.8012154571520813 0.06527383343010018 0.06897947660335109
11 0.5411423626473779 0.7883173575628667 0.06051192866819555 0.06889176270923902
11 0.5882622885589681 0.7992447477602647 0.05788141543351439 0.06382278013404287
11 0.5942045452408199 0.7515718397135117 0.06489949214950713 0.06144178816114003
11 0.19922613512698256 0.7870490112884968 0.15248548426675856 0.10070908046620489
11 0.09919070018013074 0.6179680930617786 0.06076148952192426 0.07391688833738001
11 0.22486686825735575 0.5586689368904298 0.05788141543351439 0.06382278013404273
11 0.20382276237990657 0.5985190863391088 0.05048899743692846 0.05866608366473465