11 0.2027398615232443 0.534891640866873 0.08155291790306628 0.08821465428276574
11 0.15156280909990108 0.4657481940144479 0.0944213649851632 0.14071207430340557
11 0.3742037586547972 0.44077399380804955 0.10855588526211672 0.14234262125902994
11 0.44571711177052425 0.24813209494324046 0.06922848664688427 0.07386996904024767
11 0.5328783382789317 0.21377708978328175 0.09746785361028686 0.0726625386996904
11 0.6273689416419387 0.25800825593395255 0.07038575667655786 0.07620227038183695
11 0.7087339268051434 0.3474922600619195 0.06521266073194858 0.06575851393188854
11 0.756053412462908 0.3227760577915377 0.061355093966369935 0.06638802889576884
11 0.3130860534124629 0.6161919504643963 0.0856973293768546 0.08496388028895768
11 0.24640949554896144 0.38437564499484 0.07062314540059347 0.06949432404540765
11 0.3634322453016815 0.19638802889576884 0.05986152324431256 0.06183694530443757
11 0.24099901088031653 0.7462848297213622 0.07298714144411475 0.08604747162022704