11 0.5814032320233639 0.3966604942243249 0.12320208935441915 0.12959644894637043
11 0.7024161843593338 0.44321607475268854 0.12253661321828622 0.14194502771853185
11 0.4317252003947724 0.33220469795876006 0.12112734801675193 0.12846716020970164
11 0.6571711238598043 0.5388432508221808 0.14178550670557583 0.13666087402267174
11 0.5441666289841929 0.5697316346383187 0.12992422188643626 0.07936153777734348
11 0.4311026309833492 0.602686134156936 0.08794242837265602 0.07532268892356483
11 0.31007086884334234 0.5923356938646753 0.0716420132974792 0.07661895754261047
11 0.1946659022978477 0.6887991935131749 0.11368330993649152 0.08272392209886824
11 0.5409871458070022 0.64458021341048 0.08718769754867506 0.08457209414200735
11 0.5893449948599859 0.7430603657115001 0.07875878418896294 0.11099855928980729
11 0.5248440331373169 0.7607143075666299 0.06421678502125566 0.06698462878245123
11 0.35838409055240195 0.6923654329425549 0.15378768129233775 0.12794073867408992
11 0.3536927485610814 0.837486003320371 0.0662617747963068 0.06708085966788023
11 0.5262062738287592 0.8378455215334866 0.08333573049950131 0.09264409518106623
11 0.10579742522401851 0.4860014076240564 0.05688081143288023 0.06044947357601075
11 0.18935389527697236 0.48217488232100014 0.05991854453284088 0.05956076205291494
11 0.40728859325370786 0.4696721411705834 0.15898941041781384 0.13128048944138204
11 0.2551151806254417 0.7940550782342084 0.11285813422869927 0.12498306311426567