11 0.5717789830323111 0.1355942717229931 0.08468513874773592 0.0887963286333079
11 0.46621727860780154 0.18288690440961905 0.08202293964346762 0.08321913358090836
11 0.506073714779575 0.11708830845648215 0.0794372909314488 0.09122889505024792
11 0.37470823123644653 0.30569106640618177 0.09518083438030972 0.0839311957994279
11 0.5308431863298211 0.39296895463265175 0.06878849451437616 0.06892011484064954
11 0.5821513207642802 0.397104692937052 0.06083251735847141 0.05762331229214646
11 0.5692460423218613 0.35155567419679334 0.06089375767227089 0.06849287750953792
11 0.6139905394663493 0.352617990087586 0.05559997962063431 0.06277327001343443
11 0.772642247918718 0.4604187255403686 0.0688191146712759 0.07435489744934519
11 0.8090250508283795 0.5439342388826581 0.06612629541010799 0.06334291978825012
11 0.8100805689684157 0.5902010972784232 0.07140476338329456 0.06634513598000578
11 0.7701552374436179 0.6682279541011253 0.07145069361864431 0.07449730989304912
11 0.674851922435709 0.763644584388654 0.06615691556700773 0.06877770239694561
11 0.704831843879123 0.8155540666216837 0.06615691556700773 0.06877770239694561
11 0.6731551355467891 0.36397444398396755 0.0925798755898412 0.08922356596441963
11 0.6204767490910654 0.6030452274186977 0.060847827436921124 0.06034070359649444
11 0.6030576293249481 0.6578260682737528 0.06612629541010799 0.06334291978824996
11 0.3453168705403474 0.38292887735152564 0.05826217872490247 0.06835046506583399
11 0.2755876834743091 0.377796251941198 0.06083251735847133 0.057623312292146615
11 0.27257335256569365 0.4455886221061897 0.05030620156899765 0.05705366251733092
11 0.30822214898276634 0.4257720596614099 0.058231558568002724 0.06291568245713819
11 0.2735523203134804 0.5054424370236938 0.05556935946373449 0.05733848740473877
11 0.3978259688601167 0.40751625666038666 0.08194638925121826 0.06963217705916916
11 0.36455613509598933 0.4723121880706093 0.05030620156899772 0.05705366251733107
11 0.39997528033631374 0.49325649519104703 0.050290891490547704 0.054336271212983095
11 0.45652360754783505 0.5017531453393769 0.0583540391956017 0.08465481289192095
11 0.4199111534614254 0.45899850156230465 0.06351002654118929 0.06591789864889386
11 0.33939537927226554 0.4994918785510744 0.07943729093144895 0.09122889505024784
11 0.5605007188527819 0.7357105126527508 0.05292247043791612 0.05447868365668717
11 0.5707820733870574 0.7797584232971317 0.050290891490547704 0.05433627121298294
11 0.43183658688305204 0.6784605637808242 0.05555404938528454 0.05462109610039079
11 0.39333421538108754 0.7375368876949434 0.052968400673265886 0.06263085756973065
11 0.5016644121860088 0.8996970041086562 0.07405165240911299 0.06920493972805769
11 0.47233516907671474 0.7322983914408437 0.061000928221420135 0.08751461663997255
11 0.515848082178993 0.7183438489358714 0.052999020830165625 0.0680656401784263
11 0.5712719958974536 0.6928019015580014 0.042319604256193084 0.04032207736013219
11 0.5584500456135032 0.8660740890395947 0.05567653001288366 0.0763602265351734
11 0.5216998008210446 0.8477759670016528 0.05039806203969695 0.07335801034341773
11 0.47691702848043177 0.8535071293717297 0.044997113438911114 0.04861666371687975
11 0.6199196857736561 0.23469629323586338 0.0661722256454576 0.07149509370129359
11 0.7026536667920376 0.2677148939081889 0.050290891490547704 0.054336271212983095
11 0.23566322922251695 0.22205625036813506 0.0688191146712759 0.07435489744934534
11 0.2707149325800443 0.3082179487929206 0.12161910448159305 0.10709445067124976
11 0.3785858270314691 0.5518998043370679 0.044997113438911114 0.048616663716879595