11 0.4128491685428803 0.5214446952595937 0.14295982956270992 0.14446952595936793
11 0.5989528854560047 0.6422121896162528 0.1293197840352653 0.13544018058690746
11 0.5156989496615044 0.6484198645598194 0.11337371019907387 0.12302483069977427
11 0.44450625857790793 0.7364559819413092 0.11093039486280173 0.11173814898419865
11 0.4967619798685117 0.8329571106094809 0.11645031022837347 0.10609480812641084
11 0.5297470284608732 0.9068848758465011 0.11290301181898707 0.09593679458239278
11 0.2937777551488182 0.7460496613995485 0.10182395622283619 0.10496613995485328
11 0.3472016921102711 0.6783295711060948 0.11542477688527365 0.11173814898419865
11 0.26176920881829757 0.6805869074492099 0.09500393345911387 0.10045146726862303
11 0.18435722603610674 0.5445823927765236 0.12466850255276445 0.12641083521444696
11 0.20857179921483213 0.41196388261851014 0.11654837239089162 0.11173814898419865
11 0.040015412813399764 0.494920993227991 0.08003082562679953 0.11399548532731377
11 0.2169579731523877 0.2849887133182844 0.1153463271552592 0.1072234762979684
11 0.14196145454728562 0.2686230248306998 0.11668565941841694 0.11963882618510158
11 0.11612630381324412 0.6884875846501128 0.13958904304585598 0.14446952595936793
11 0.1060642512808253 0.5886004514672686 0.10298677659346145 0.1072234762979684
11 0.0836192079434533 0.781038374717833 0.09640210301978247 0.1162528216704289
11 0.27919915628765596 0.8414221218961625 0.09482742156658142 0.09029345372460497
11 0.20483876580203741 0.8854401805869074 0.10089648504225439 0.1162528216704289
11 0.3094242471972315 0.912528216704289 0.0777185273597647 0.07562076749435666
11 0.3777029245644693 0.8628668171557562 0.09943947818407492 0.09706546275395034
11 0.3781527345751685 0.9339729119638827 0.13673386662700793 0.10948081264108352