11 0.6265836558196258 0.7582464672494876 0.1356954502077744 0.14395917364427868
11 0.7386494552689981 0.6877834041777424 0.12958606397457406 0.1426751772356265
11 0.6980338125475203 0.6011187651227298 0.15186101074867636 0.13605973873118737
11 0.7279887688438108 0.4609037504154643 0.19168436121158816 0.15449064107744875
11 0.8513110062463235 0.488265307625123 0.17374643601247491 0.18567049898524987
11 0.6005771282855262 0.3402351468241445 0.11720173790190616 0.12524518866460635
11 0.7434614838303901 0.2527178550162015 0.1275062426190089 0.13835475097343605
11 0.7318920325461925 0.17242769374195874 0.11407018061096758 0.1177029781460552
11 0.574117820299836 0.20101599486294258 0.10610565291642199 0.1322684068552548
11 0.6479382291844482 0.16540111569850777 0.142832921861167 0.14634181205876107
11 0.41341828078019116 0.14952981778751823 0.10475828554128541 0.1025073444672593
11 0.2943391748821272 0.22927573158797068 0.11391645226229052 0.10390255351760508
11 0.25384285272183116 0.29022508526569446 0.11593714732990335 0.10291512415346867