11 0.6772758287311796 0.5131858899356835 0.03654554494126999 0.03707566688106597
11 0.5350103095328801 0.4251231073681451 0.05736933782006797 0.055643961194554614
11 0.6657039740080501 0.3403196382068687 0.04953814961836734 0.04769917543432631
11 0.7351763480850911 0.42358758432448845 0.04431735748390015 0.04240265159417401
11 0.841518700296429 0.44579411892911414 0.03666429625941036 0.04231126897530681
11 0.8441269634318029 0.3359073966959679 0.04419860616575979 0.037167049499933165
11 0.7950033769609979 0.2502653365148736 0.03120600148866216 0.026543540946672828
11 0.8059772092297054 0.1718836094660396 0.04176633707573689 0.0423721907212182
11 0.7012984419382656 0.2792429962573968 0.03126537714773263 0.02916134199379325
11 0.6409338327329367 0.2602025584130945 0.036486169282199526 0.03445786583394555
11 0.5920169946029479 0.12745530982031036 0.03654554494126985 0.037075666881065936
11 0.6245568154888322 0.10036439017397032 0.028892483716780198 0.03698428426219877
11 0.6937895539977325 0.0606261479498861 0.025985209354194974 0.021247017106520525
11 0.5005969559884922 0.20095081780035856 0.04431735748390015 0.04240265159417393
11 0.5218639333784582 0.1266176358140281 0.04164758575759638 0.03713658862697736
11 0.4082237074311225 0.0637590327966466 0.054699566093764196 0.05037789822735806
11 0.9067160269204084 0.34058038965406373 0.03393514887403626 0.03442740496098982
11 0.8944942393452952 0.3077208026367578 0.04182571273480736 0.044989991768338615
11 0.9160029852352612 0.4689287931453536 0.03636741796405916 0.029222263739704712
11 0.6789086593556127 0.585175418731495 0.03660492060034018 0.039693467928186385