11 0.2094529336645318 0.693012024225838 0.03283910050567315 0.033019272190763685
11 0.21423106252858692 0.6639495829513015 0.03283910050567315 0.033019272190763685
11 0.24880091632886492 0.5867383915686187 0.03526628497169257 0.03303396368018528
11 0.2830555392976467 0.6105152639619045 0.03283910050567315 0.033019272190763685
11 0.29914333930469644 0.44757771012543013 0.03789126981423828 0.03809916022011192
11 0.26097802904594825 0.4616943171003539 0.03274020031741004 0.03049401966551116
11 0.23316430787498804 0.45933801670344976 0.03769346943771199 0.03304865516960687
11 0.18863020603282923 0.41921311459841987 0.03516738478342946 0.030508711154932755
11 0.15016819520929164 0.4409054791491013 0.03516738478342943 0.0305087111549329
11 0.12032702017893726 0.49031685551987386 0.04021955409199452 0.03558859918428099
11 0.30656085342443135 0.25818377073149074 0.03759456924944888 0.03052340264435435
11 0.2994997605231788 0.22161902932830474 0.030313015851390623 0.03047932817608957
11 0.3495764027616457 0.18218378539845848 0.043240139687592744 0.05075480582521781
11 0.39802119189377094 0.18441520813527895 0.042547838369750825 0.03307803814845006
11 0.42033769290898193 0.20321503292516763 0.030313015851390623 0.03047932817608957
11 0.4203232924958478 0.3584813345046439 0.03769346943771199 0.03304865516960687
11 0.4776011182108166 0.22811496243157436 0.05042279289738775 0.04827362776823006
11 0.3290668951090232 0.14822509971234385 0.03506848459516635 0.02798345862968023