11 0.2571128871128871 0.328871473354232 0.11062937062937063 0.11854754440961338
11 0.3398101898101898 0.2271055381400209 0.11218781218781218 0.11146290491118077
11 0.4137462537462538 0.2836990595611285 0.09958041958041959 0.13687565308254965
11 0.5477922077922078 0.27845350052246604 0.10858141858141858 0.17656217345872519
11 0.5413886113886114 0.14843260188087776 0.1437062937062937 0.15057471264367817
11 0.6400799200799201 0.4291849529780564 0.09735264735264736 0.10183908045977011
11 0.7433166833166832 0.2993730407523511 0.10801198801198801 0.109717868338558
11 0.8156643356643357 0.32565308254963427 0.09095904095904096 0.09958202716823406
11 0.7647752247752247 0.48067920585161966 0.10696303696303695 0.08775339602925811
11 0.8092407592407592 0.41183908045977013 0.111998001998002 0.12566353187042842
11 0.7878021978021978 0.652675026123302 0.07711288711288711 0.09322884012539184
11 0.6957042957042957 0.7599059561128527 0.07672327672327672 0.1028735632183908
11 0.633016983016983 0.7902298850574713 0.07522477522477522 0.10502612330198538