11 0.7677711844289489 0.3181944359088036 0.132199353484046 0.13856699813107426
11 0.687300817786091 0.20018242445113704 0.1321040747453549 0.13285923557399665
11 0.6012237755928393 0.2545116343020633 0.12162532637564838 0.15898211167594775
11 0.45574819798257193 0.236756596473156 0.13544988147092393 0.2025205051024649
11 0.4744866565536407 0.09540333254853985 0.17105685589404537 0.1778446943313231
11 0.34178384875204165 0.39179440759890183 0.11551891566870601 0.12010291045751686
11 0.24111421284112075 0.24099576941074147 0.12768009527506596 0.12938144537550772
11 0.15994707168548283 0.26284386535056764 0.10781982702811133 0.11658527076084611
11 0.2012740997022678 0.43632703905547393 0.12509651845902595 0.10538227630366041
11 0.15891129615159413 0.35759936538108655 0.13344350252272036 0.14771270138845902
11 0.16051378523629037 0.6213710529314062 0.0924025939991839 0.10840843885608897
11 0.2506856170297666 0.746922704207819 0.09366579878559651 0.11869569462488937
11 0.3166506638172871 0.7854042102142279 0.0915395599152741 0.12209378582701487