11 0.48039119804400976 0.32482500000000003 0.033300733496332516 0.03535
11 0.5558435207823961 0.465225 0.049290953545232274 0.053224999999999995
11 0.6400733496332519 0.3387 0.0406601466992665 0.045875000000000006
11 0.5658924205378972 0.268375 0.03777506112469437 0.038849999999999996
11 0.5503178484107579 0.16449999999999998 0.040317848410757945 0.031575
11 0.652640586797066 0.16335 0.032078239608801955 0.042175000000000004
11 0.7305867970660147 0.2125 0.02567237163814181 0.030575
11 0.8046454767726162 0.20302499999999998 0.03677261613691931 0.037475
11 0.6995354523227384 0.3034 0.027970660146699265 0.029775
11 0.7149144254278728 0.36424999999999996 0.03227383863080684 0.034475
11 0.8362347188264059 0.412425 0.03322738386308068 0.036175
11 0.8629828850855745 0.38087499999999996 0.03540342298288509 0.0268
11 0.9032029339853301 0.31434999999999996 0.018875305623471884 0.0252
11 0.7641320293398532 0.50115 0.0358679706601467 0.041025
11 0.8342298288508557 0.48115 0.03271393643031785 0.0398
11 0.8872127139364303 0.59435 0.04288508557457212 0.049675000000000004
11 0.6514914425427872 0.102925 0.031882640586797066 0.031275
11 0.6822004889975549 0.11470000000000001 0.03948655256723716 0.037575
11 0.5315403422982885 0.091375 0.028092909535452324 0.034025
11 0.41337408312958435 0.32232500000000003 0.03682151589242054 0.033125