11 0.5606893004115227 0.4592140641158221 0.10555555555555556 0.11117890382626681
11 0.41760288065843626 0.31230610134436404 0.09505144032921811 0.1053464322647363
11 0.4929526748971193 0.3240330920372285 0.08200617283950616 0.09608066184074457
11 0.5729012345679012 0.25991726990692865 0.08222222222222222 0.08565667011375387
11 0.5449691358024692 0.1627817993795243 0.08931069958847737 0.07901758014477767
11 0.5291975308641975 0.08923474663908998 0.0881687242798354 0.06937952430196484
11 0.7094341563786009 0.28216132368148916 0.07529835390946502 0.08216132368148915
11 0.6491255144032922 0.3323474663908997 0.08708847736625515 0.08435367114788003
11 0.7259156378600823 0.34821096173733196 0.06973251028806585 0.07897621509824199
11 0.7691460905349794 0.4861013443640124 0.09270576131687243 0.09731127197518097
11 0.7223662551440329 0.5999172699069286 0.08878600823045267 0.0848086866597725
11 0.9051131687242798 0.5639917269906929 0.08681069958847736 0.08793174767321614
11 0.6908230452674897 0.712068252326784 0.08800411522633746 0.0801654601861427
11 0.7544341563786008 0.742171664943123 0.08648148148148148 0.09236814891416752
11 0.8567798353909465 0.3708686659772492 0.10301440329218106 0.11119958634953464
11 0.8473662551440329 0.4627817993795243 0.07644032921810699 0.08243019648397104
11 0.9039814814814814 0.29448810754912097 0.06718106995884773 0.09370217166494313
11 0.7405452674897118 0.19986556359875907 0.0724074074074074 0.06808686659772492
11 0.815380658436214 0.17632885211995863 0.0723045267489712 0.09302998965873836
11 0.727037037037037 0.1303722854188211 0.058405349794238684 0.057838676318510855
11 0.6570164609053498 0.16017580144777663 0.07463991769547325 0.07380558428128232
11 0.6699588477366255 0.09682523267838676 0.10920781893004115 0.07801447776628749