11 0.4352804937948946 0.4489250578147041 0.14080166804532143 0.1387044432208091
11 0.2507625491689167 0.5644547413824815 0.13178028257374058 0.12520248270656165
11 0.2801176337980499 0.4885628806982455 0.11942383102539438 0.10939666889792621
11 0.23126573626634353 0.389403428933376 0.10839645725632137 0.10686800412708167
11 0.1239502466132073 0.3962059010600258 0.10191813900310083 0.1132978251321247
11 0.04456874311518949 0.3955170676589092 0.08913748623037898 0.10966540760189826
11 0.28478149250915163 0.2518239717734323 0.10166878093269778 0.09894903926016002
11 0.3236158201819797 0.32639576154242333 0.10849236420647643 0.11238676792399116
11 0.35627719880283165 0.2500483722541205 0.0982569892958084 0.09223017492824433
11 0.509880804340031 0.23686849967053664 0.12181344712350667 0.1204984283421614
11 0.6174060413891933 0.31289565838534134 0.1085115455965074 0.11349052068337305
11 0.6208874636798213 0.1125645325575268 0.11069016640427874 0.11245099977440735
11 0.7274263921816383 0.37187888118014284 0.10409675981087216 0.11225830422315901
11 0.7724470032844033 0.3119052400427705 0.11508577079988315 0.11257946347523963
11 0.4091475975460342 0.11797162092848228 0.1396452227763273 0.13536106901745532
11 0.5025953346662564 0.149966980657393 0.10388576452053096 0.100117023869958
11 0.33991126644813136 0.053002294430397286 0.11358406051033074 0.08936853960301172
11 0.20597432539021737 0.19982669302366146 0.0872679783067974 0.09190901567616365
11 0.1980818609968992 0.1162203743260595 0.11373751163057877 0.09819856167806691
11 0.1306900094204766 0.1981786285265993 0.0738126256595501 0.07607108594232018
11 0.14634191637121102 0.27814662404282114 0.09393811046032802 0.09651672226493965
11 0.0830660059956915 0.2497938341555872 0.10556010732036228 0.13326172257662305