11 0.838519989243516 0.5920545574668513 0.04327854774199315 0.045996478644077694
11 0.8261612230364962 0.5633244004188315 0.04327854774199284 0.045996478644077694
11 0.7718763637044208 0.49304222094615074 0.045952344533436995 0.04609348078155477
11 0.741501049911985 0.5274910788604704 0.04327854774199315 0.045996478644077694
11 0.6874485972693415 0.35854928720794016 0.048688366209741984 0.051746038474587405
11 0.7302915708173046 0.36255280856386246 0.040573638508118424 0.04312169872882284
11 0.759578885753464 0.3503746739405035 0.04862614132488085 0.046190482919031856
11 0.7990635887765076 0.2933640863227918 0.04324743529956227 0.04321870086629992
11 0.844658140221991 0.3042150499856815 0.04324743529956227 0.04321870086629992
11 0.8879366879639841 0.3471074602304927 0.05133105055875527 0.04906526283428671
11 0.6370490467259105 0.15751754790474976 0.045921232091006126 0.043315703003777
11 0.6352610179149433 0.11728827119571052 0.037868729274243854 0.04024691881356798
11 0.5747894656831496 0.09169304151116697 0.056865318796227145 0.0659259337759075
11 0.5228215466833633 0.10886236096974776 0.05129993811632439 0.04628748505650889
11 0.5030636389506262 0.13597876588971475 0.037868729274243854 0.04024691881356798
11 0.5383684016107322 0.3028217947268068 0.048626141324880696 0.046190482919031856
11 0.44741170540919667 0.1824602552211778 0.06488670917055869 0.06621694018833876
11 0.5876762067826928 0.04815247526822604 0.0432163228571314 0.040440923088522124