11 0.7309782608695652 0.5635935749813338 0.04619565217391304 0.04887125855933255
11 0.5991847826086957 0.44222230464702883 0.06793478260869565 0.06909172010359346
11 0.7540760869565217 0.3838625375943333 0.057065217391304345 0.0575926004425742
11 0.811141304347826 0.484510693592463 0.051630434782608696 0.05184304061206433
11 0.9171195652173914 0.5299604436207357 0.043478260869565216 0.05155203419963325
11 0.9429347826086957 0.4169930750378791 0.051630434782608696 0.04628748505650893
11 0.9089673913043478 0.3171694372083045 0.03804347826086957 0.03469136325801243
11 0.936141304347826 0.2389727919164086 0.04891304347826087 0.051746038474587405
11 0.8043478260869565 0.3273237438043259 0.03804347826086957 0.03746914103579021
11 0.7445652173913043 0.29463414122427467 0.043478260869565216 0.045996478644077694
11 0.720108695652174 0.14792778865364764 0.04619565217391304 0.04887125855933255
11 0.7595108695652174 0.12572320853595415 0.03804347826086957 0.04580247436912354
11 0.8396739130434783 0.10080699381375015 0.029891304347826088 0.023289245734470082
11 0.6086956521739131 0.2036729232393097 0.051630434782608696 0.05184304061206449
11 0.6467391304347826 0.13141984205287768 0.04891304347826087 0.046190482919031856
11 0.5394021739130435 0.04564381317808868 0.0625 0.05500882693975054
11 0.9932065217391305 0.4368431701367605 0.01358695652173913 0.04215167735405206
11 0.9877717391304348 0.3949824991951398 0.024456521739130436 0.053650797015071326
11 0.9836956521739131 0.5684481071000351 0.024456521739130436 0.036984130348404656
11 0.71875 0.6381570653626869 0.043478260869565216 0.048774256421855476