11 0.3160963855421687 0.22521303258145364 0.03154216867469879 0.03333333333333333
11 0.3436385542168675 0.23090225563909772 0.03091566265060241 0.03273182957393484
11 0.41614457831325297 0.26451127819548875 0.03166265060240964 0.03486215538847118
11 0.39248192771084334 0.2999248120300752 0.03113253012048193 0.03300751879699248
11 0.5476626506024096 0.3127067669172932 0.03691566265060241 0.03739348370927318
11 0.5351566265060241 0.2741102756892231 0.02836144578313253 0.03370927318295739
11 0.5379759036144578 0.24531328320802004 0.03236144578313253 0.03764411027568922
11 0.5768192771084337 0.1981203007518797 0.02949397590361446 0.03385964912280702
11 0.5573012048192771 0.15864661654135337 0.028289156626506023 0.03523809523809524
11 0.5112530120481927 0.12964912280701754 0.03481927710843373 0.04050125313283208
11 0.7288915662650602 0.3156892230576441 0.029638554216867473 0.03822055137844611
11 0.7633253012048192 0.3080701754385965 0.02780722891566265 0.02979949874686717
11 0.7994939759036145 0.35829573934837095 0.04756626506024096 0.041403508771929824
11 0.7964819277108435 0.40799498746867163 0.031710843373493974 0.04338345864661654
11 0.7786987951807229 0.4318295739348371 0.028987951807228914 0.02952380952380952
11 0.6303855421686747 0.43649122807017543 0.03149397590361446 0.03882205513784461
11 0.7532048192771084 0.49305764411027564 0.045397590361445785 0.05107769423558897
11 0.8322168674698796 0.3375689223057644 0.025927710843373492 0.03586466165413534