11 0.7125490397604778 0.23858695652173914 0.1690402696357489 0.14565217391304347
11 0.6414321319652306 0.4994565217391304 0.1403653846819599 0.12717391304347825
11 0.8265114617861359 0.4282608695652174 0.1204826418791828 0.10543478260869565
11 0.7881111935892066 0.5641304347826087 0.13082098250920154 0.1391304347826087
11 0.6598235979615936 0.6722826086956522 0.2304905138507876 0.17391304347826086
11 0.49224709456685406 0.6016304347826087 0.1095739469308304 0.08478260869565217
11 0.48976955399088873 0.6891304347826087 0.11904823546963936 0.09782608695652174
11 0.35670123666318776 0.7630434782608696 0.11039252259618682 0.10434782608695652
11 0.4088174693364243 0.4081521739130435 0.10854503036362598 0.14021739130434782
11 0.5457569798471507 0.3467391304347826 0.10542799619751671 0.09239130434782608
11 0.5058370493744804 0.39293478260869563 0.09668133047235779 0.0967391304347826
11 0.30966239627844033 0.3456521739130435 0.09422180548594916 0.09130434782608696
11 0.32488565469733205 0.5494565217391304 0.14585478897311077 0.125
11 0.1807486000268704 0.13206521739130433 0.12392180901660341 0.10760869565217392
11 0.38934878671880363 0.16956521739130434 0.09497406550769558 0.08260869565217391