11 0.3522356495468278 0.6073131313131314 0.14804632426988923 0.14086868686868687
11 0.5575830815709969 0.5317474747474747 0.10816717019133937 0.17174747474747476
11 0.7152567975830816 0.4085151515151515 0.1029607250755287 0.10726262626262625
11 0.46540785498489423 0.3719191919191919 0.187190332326284 0.275
11 0.8285699899295065 0.39890909090909094 0.10401812688821753 0.11587878787878787
11 0.8990936555891238 0.4825959595959596 0.0906243705941591 0.09996969696969697
11 0.8327291037260826 0.5915151515151515 0.1675730110775428 0.10896969696969697
11 0.6904128902316214 0.535030303030303 0.1595568982880161 0.14516161616161616
11 0.7063141993957704 0.24223232323232324 0.10172205438066466 0.12858585858585858
11 0.7493554884189325 0.3311313131313131 0.10114803625377643 0.08898989898989898
11 0.8751359516616314 0.29390909090909095 0.07904330312185297 0.09838383838383839
11 0.8061430010070494 0.2501919191919192 0.08254783484390735 0.135969696969697
11 0.3757099697885196 0.18716161616161614 0.13880161127895269 0.12435353535353535
11 0.3766465256797583 0.7646363636363637 0.1392648539778449 0.1738989898989899
11 0.700110775427996 0.6682727272727274 0.12118831822759316 0.11329292929292929
11 0.8463141993957704 0.6946363636363637 0.120392749244713 0.10849494949494949
11 0.7303625377643505 0.800959595959596 0.08601208459214502 0.10163636363636364
11 0.5546324269889225 0.7720808080808081 0.08265861027190333 0.08861616161616162
11 0.48861027190332323 0.8017575757575758 0.07637462235649548 0.06512121212121212
11 0.48592145015105737 0.7263737373737373 0.09861027190332326 0.08885858585858586
11 0.6543101711983887 0.8237878787878787 0.07878147029204431 0.07008080808080808