11 0.4957429463936319 0.6887286695868361 0.08663166369123924 0.10257784036049156
11 0.8152018575764807 0.5381567294764283 0.0866730264043392 0.10576255373628773
11 0.6552666264550232 0.17320239562885317 0.07956402166500272 0.10570696937503671
11 0.6486893401861158 0.04380674453566152 0.08650757555193907 0.08761348907132303
11 0.45277808272336173 0.07642279529093109 0.0897044980603855 0.15284559058186217
11 0.34630846248571456 0.06257225456272307 0.08671438911743931 0.10894726711208405
11 0.2492881461204924 0.2352879016723989 0.07956402166500284 0.10570696937503671
11 0.561091649536897 0.3092753107964559 0.07723571613165732 0.10887315463041575
11 0.5341033255380525 0.19803268008859432 0.07224820336016612 0.0897278181348047
11 0.5026978789943105 0.2444518896030606 0.06742614144107506 0.08332133514237816
11 0.643442272422282 0.5363153048308688 0.055701888348147606 0.09278283466768131
11 0.5893888957982645 0.41095453731672044 0.060358499414838666 0.08645046415692322
11 0.5207719234340952 0.40353006936932456 0.09382339385677593 0.10900285147333523
11 0.39022136271434943 0.2389625485712784 0.12263167723202213 0.1378876093005055
11 0.3504426577247842 0.656428658546625 0.11344254323794044 0.16010649044941058
11 0.32809026343608066 0.5531107550374198 0.12949250569275844 0.11883491340697956
11 0.30203859728185867 0.46096714052412674 0.07698753985305712 0.08976487437563868
11 0.7735405342548626 0.46205711462482707 0.07461787160661162 0.08974634625522164
11 0.7421144063545704 0.5100686808271915 0.06996126053992055 0.09607871676597991
11 0.6942186920685885 0.4579007365951041 0.09374066843057573 0.10263342472174287
11 0.6943694583643102 0.5375093069298 0.0675502295803751 0.0928754752697667
11 0.727018477257989 0.12169113800360265 0.08197505262454845 0.10891021087124993
11 0.24210241275482738 0.332467979935225 0.072165477933966 0.08335839138321224
11 0.3038585566582605 0.3208397519890949 0.06983717240062066 0.08652457663859138
11 0.28295116637112294 0.37991443846486916 0.07445242075421142 0.07700749275203701