11 0.2813672654690619 0.302332361516035 0.12860279441117767 0.13819241982507288
11 0.518632734530938 0.3817201166180758 0.11292415169660679 0.113488824101069
11 0.4587425149700599 0.21621963070942662 0.09420159680638722 0.0982312925170068
11 0.5818463073852296 0.25852283770651113 0.12354291417165669 0.1049271137026239
11 0.6773852295409182 0.37768707482993197 0.1528043912175649 0.1894946550048591
11 0.6071756487025948 0.5185325558794946 0.075249500998004 0.0898153547133139
11 0.6869960079840319 0.526550048590865 0.08726546906187624 0.09713313896987366
11 0.7509081836327345 0.647667638483965 0.0931936127744511 0.08975704567541302
11 0.42733532934131735 0.578114674441205 0.1261576846307385 0.08597667638483965
11 0.375499001996008 0.45463556851311954 0.08142714570858284 0.08504373177842565
11 0.4160978043912176 0.4928862973760933 0.08583832335329342 0.07747327502429543
11 0.3668562874251497 0.6603790087463557 0.08098802395209581 0.07620991253644314
11 0.554500998003992 0.660932944606414 0.11096806387225548 0.11833819241982507
11 0.16723552894211577 0.7580563654033041 0.09445109780439122 0.10138969873663752
11 0.20823353293413174 0.5791350826044703 0.0732634730538922 0.07774538386783285