11 0.4112017250782369 0.7829194994095939 0.1936647411054511 0.17838830297338543
11 0.421346842668497 0.5146197410219323 0.16102410850806242 0.15380208255109842
11 0.2613270164493723 0.6291717229012231 0.13825189696330534 0.1295516387585397
11 0.2672950423060904 0.48937556083400363 0.15478977399646784 0.1631936160799976
11 0.3656172183839668 0.3533899280004307 0.25758148285018206 0.2200448028249129
11 0.5400115419418093 0.3795464647742596 0.12209692310439442 0.10659342212084273
11 0.5232613213556317 0.29507692376854044 0.1346943910571186 0.1219610807366645
11 0.6331488736229297 0.19078814209931402 0.12826860495839823 0.1260107339236832
11 0.6623086274291362 0.5449293690839548 0.1348997706215041 0.15824855854703662
11 0.5459691799157755 0.637671210830323 0.12013368255280517 0.1129290615022705
11 0.5736790723611247 0.5837792655565225 0.11363131581923444 0.1148419625525372
11 0.7706141187519967 0.5802875154242909 0.10901560900240263 0.10828247208462374
11 0.7104846015779264 0.38818672196312615 0.16650656464841318 0.1539886251231698
11 0.9345238593239746 0.7537001924867647 0.13095228135205061 0.13180031643853468
11 0.7340226659513406 0.7692612017436541 0.10874757678042644 0.10080383960599126