11 0.6760956847070257 0.46150891806527883 0.1787757998822622 0.173536674203048
11 0.4444904752120832 0.5213251876672075 0.13802659274544118 0.20354558603316628
11 0.2629567488088197 0.6390280342049687 0.12514585671993037 0.1312431054770792
11 0.5384689281263085 0.7092955939136566 0.23723113606836088 0.3271446716245037
11 0.1357537363508974 0.6362600484327066 0.1276228492369707 0.14143393866694842
11 0.063950796064699 0.5349509611197982 0.10587881404409576 0.1215873154980234
11 0.14144622616305466 0.42314965215200034 0.19705129567747895 0.14049583496862064
11 0.2967427838113606 0.5021206020625278 0.19238527471425018 0.18074908907259965
11 0.26389892103826673 0.824303582172974 0.12681489307135035 0.15487784791471057
11 0.22060514468136583 0.7206242472443798 0.12131294791903349 0.1109006759169946
11 0.07895907655799762 0.7471018453056698 0.0979530003949179 0.11794187124359386
11 0.15309455865468427 0.8041466206056289 0.10567100467463887 0.16087392137499879
11 0.6291368076900357 0.9232557872339188 0.16712145078804191 0.1534884255321624
11 0.6574250394583461 0.28459434502775893 0.1728843293299953 0.2092563094649013
11 0.2927379249515698 0.353786376911128 0.14662895852316904 0.13985377358982445
11 0.13147161673410587 0.3071642757456 0.14537741559516706 0.13419655924208085
11 0.26627240141965636 0.20298202210822822 0.10593100072202308 0.12383450650925935
11 0.45959375563871474 0.2552167546563571 0.1011074823827605 0.10907081765761105
11 0.5352006993600898 0.23091856625797377 0.09148653904319881 0.08066703545993242
11 0.5337683777438468 0.31394692321474316 0.11907079545266566 0.11082220227768742
11 0.35215168461243157 0.18690213362605354 0.09498023443756864 0.08640272344698319