11 0.4559601930761335 0.8090448972809854 0.09239423988357325 0.14124523415905343
11 0.6271351144990996 0.7354747595384862 0.070408261092878 0.08627662652443005
11 0.375942404764574 0.6014503612721421 0.07856610808612803 0.10461712711468646
11 0.3147756990039628 0.7893897119220634 0.10419824977602096 0.18994165918848632
11 0.2626834327914578 0.8246161243585582 0.06358623425404517 0.16788323179802747
11 0.37853572336452945 0.9607097351424149 0.09753972503045137 0.07858052971517034
11 0.3091258058731393 0.6091131286871061 0.07301168335294704 0.0893598236908791
11 0.24845989440557606 0.42009711688117685 0.08544949429822067 0.08962429437160953
11 0.47329462233749303 0.41730827862664255 0.07335926356598997 0.09845073278178819
11 0.42944538350262235 0.4405986084184368 0.06306143459672812 0.08914824714629468
11 0.38666270631800487 0.3942713097174804 0.06306143459672812 0.08914824714629452
11 0.3442855393819374 0.3585500716225846 0.08886393705538988 0.11391961275017996
11 0.4393001638611987 0.2757909051518713 0.09268046072335623 0.08372237071944186
11 0.5110646367818658 0.3000256607593083 0.06248213424165658 0.07399673199477945
11 0.5784877863772491 0.27572267374575066 0.070408261092878 0.08627662652442988
11 0.5058543629239749 0.22876064541104096 0.09100391903140166 0.10488159779541706
11 0.6424726722043389 0.3240147241191005 0.06757311869078035 0.07713282329737478
11 0.655322852073668 0.46508249743662977 0.07006068087983507 0.07718571743352096
11 0.6120563429316216 0.568622963395308 0.04790434132037115 0.08277027626881184
11 0.563375090138533 0.5630460731950043 0.05536702788753533 0.08292895867725024
11 0.7018164808684958 0.673478114122652 0.10141760807167753 0.11721438646121358
11 0.5864344892549869 0.6785942943676153 0.08070609006213983 0.09557911215992355
11 0.7499525423308957 0.76230899645207 0.10523413173964417 0.0870171444304755
11 0.704927740450263 0.9748993734723747 0.07457236497388728 0.050201253055250604
11 0.7412836130313395 0.9256279952715569 0.057622869934561435 0.07692124675279019
11 0.6853134637776082 0.9244378772082694 0.0724323829978755 0.07420830853936394
11 0.7476523032462287 0.47461533804979356 0.09118113847567579 0.17452567335624075
11 0.7920705544229126 0.2711806603634074 0.06022629219463076 0.08000444391923942
11 0.7545288307828159 0.32942526327597865 0.057622869934561435 0.07692124675279027
11 0.6996866025525976 0.3252312892504611 0.05773873000557575 0.07995154978309323
11 0.6956621797537271 0.25247756945511535 0.06508555650172562 0.07707992916122859
11 0.7420296604642824 0.2625470200647275 0.05513530774550671 0.07686835261664418