11 0.40009282768065857 0.35713938456113875 0.1773553382742855 0.18480097433012693
11 0.5209203292404097 0.5521460143579741 0.20205919535761402 0.14895817106073456
11 0.6808685469235174 0.6885300360323134 0.13366740230453114 0.12991066268461599
11 0.6658926219645206 0.42329321333249287 0.3261375466932253 0.25410971723223424
11 0.7148501750572661 0.8042529754276639 0.14332884759590891 0.13353267723644824
11 0.6438345422675361 0.8946204310917424 0.12351361294816682 0.11569542779380065
11 0.518296567844105 0.8489912729411203 0.1495033937496221 0.1982993374542908
11 0.5463975206354996 0.690029103898377 0.18534572831928847 0.19785820975367996
11 0.849384851944 0.6445695534939792 0.15495675457265312 0.13407540311994973
11 0.7675753825134229 0.7078386847268393 0.11444298053477321 0.12478527764874806
11 0.8325570426131698 0.8295460555757016 0.11869447026045747 0.10278620852029323
11 0.863244259033035 0.7490230557581149 0.1593559475178333 0.11525430009318981
11 0.8356325007110188 0.29169196941413883 0.1588433581114682 0.17230967377365258
11 0.2438937113279017 0.415387649690548 0.2099279566736607 0.18209318641167377
11 0.4115109164668236 0.7281734593672963 0.14305951564745653 0.1504324910621393
11 0.41562636127133396 0.8851011365342911 0.1377248689788013 0.1491264754448314
11 0.2813334062148799 0.7878612310227436 0.1243737577746035 0.11150747837488927
11 0.2737006159202947 0.6008415533230109 0.11038551386050333 0.10556946488853262
11 0.22949571868230442 0.538676780222759 0.08346610848473426 0.09374277663250129
11 0.3064773800417734 0.5196902150551113 0.11328742926934468 0.1226172948642695
11 0.24189695997081 0.71432688298315 0.08889922396638676 0.09716743631760566