11 0.5549521564840046 0.6184486935713792 0.15500315378486584 0.13265165317108413
11 0.6856539094191609 0.396658124472677 0.11138637315789697 0.10808448016807846
11 0.8166330469661662 0.3101253808137061 0.13219269107382461 0.12597946497044643
11 0.7019965413906059 0.18262566607918884 0.12701068503882368 0.12483563680264126
11 0.6472127671320035 0.2858482340320805 0.1166045147817859 0.11537584931949
11 0.48339538500911766 0.1579443950884331 0.1198606697975972 0.14106214622017316
11 0.22216515409693025 0.27873193644494515 0.11038731205941425 0.11420817355091081
11 0.17139569202670252 0.3603427205521173 0.1031047996589321 0.10789369936188528
11 0.27239662892403793 0.369800366361885 0.11559340848700711 0.11945036237445363
11 0.836877287246382 0.4956473149534829 0.1176397114691565 0.11539969692026422
11 0.7143905141335211 0.6178499335439658 0.11661053737993382 0.11640043948342443
11 0.5279098778571782 0.42129898195138843 0.08959303933978234 0.0983623690764117
11 0.5462118302346681 0.2763905882223128 0.10197926399934176 0.0925009993020948
11 0.5403800737937677 0.34108285415482653 0.08846750368019195 0.08296966901662123
11 0.3710441103336767 0.3311499696682829 0.09683941615137653 0.09852930228183068
11 0.45862629208611466 0.2594507924549404 0.14360394502749316 0.13034014923469958
11 0.3820073709194034 0.43490739529988587 0.11644792722993812 0.08873650505719492
11 0.30694692228485443 0.5232261390088567 0.10504871847256556 0.08642500112081063
11 0.1968222834389608 0.6348966847507056 0.11146466693382073 0.121404152299226
11 0.3073685041552135 0.5949474504842666 0.09154298075156389 0.07791826099927159
11 0.24557624571186237 0.738808263117987 0.0833818592155588 0.09821928347176694
11 0.8400223692934973 0.5903622861154819 0.10096213510641494 0.09555092219312376
11 0.810456371519923 0.6684104239149812 0.09469072900071163 0.08516193494913496
11 0.7823769201977766 0.7351522985100403 0.10515712523922913 0.10486762407163042
11 0.644557241020083 0.7147584556425085 0.10442305845925799 0.15607328466757753
11 0.49681319943719054 0.7673489904220624 0.0917296812941514 0.1096805560812388
11 0.56237955633708 0.7371461431827409 0.0948352713562632 0.10975209888356095
11 0.38749721965403483 0.6643202016181008 0.18749243276520472 0.3772195402107014