11 0.4666465256797583 0.3787824351297405 0.14423967774420945 0.11884231536926147
11 0.32741188318227593 0.5849301397205589 0.10274924471299093 0.09749500998003992
11 0.19473313192346425 0.659870259481038 0.12200402819738168 0.11364271457085828
11 0.2989828801611279 0.7917664670658683 0.11704934541792548 0.11238522954091816
11 0.35802618328298086 0.6957185628742515 0.10754279959718027 0.10507984031936128
11 0.5097583081570997 0.8318463073852296 0.10920443101711984 0.12932135728542915
11 0.7699093655589123 0.7337524950099801 0.10195367573011077 0.10337325349301398
11 0.8238872104733131 0.6578742514970061 0.09459214501510575 0.09750499001996009
11 0.726404833836858 0.6414570858283434 0.10573011077542799 0.10844311377245508
11 0.18565961732124875 0.4774550898203593 0.10878147029204431 0.10382235528942116
11 0.3115609264853978 0.3676447105788423 0.10783484390735146 0.10548902195608782
11 0.481178247734139 0.5724251497005989 0.08148036253776435 0.08951097804391217
11 0.45545820745216514 0.7121457085828344 0.0948539778449144 0.08324351297405189
11 0.46478348439073514 0.6494810379241517 0.08162134944612286 0.07481037924151696
11 0.6285196374622356 0.6714271457085829 0.08819738167170191 0.08981037924151695
11 0.5393856998992951 0.7350998003992016 0.1325780463242699 0.11725548902195608
11 0.6236455186304128 0.569810379241517 0.10910372608257805 0.07816367265469061
11 0.7016717019133938 0.4893013972055888 0.09807653575025177 0.07653692614770459
11 0.814491440080564 0.38892215568862276 0.10205438066465257 0.11126746506986028
11 0.705337361530715 0.4196107784431138 0.0843705941591138 0.06998003992015968
11 0.7735850956696878 0.2844211576846307 0.07602215508559919 0.09022954091816367
11 0.18818731117824775 0.3850499001996008 0.09382678751258812 0.08614770459081836
11 0.22136958710976837 0.3117365269461078 0.08730110775427996 0.07693612774451099
11 0.25292044310171197 0.24876247504990018 0.09621349446122861 0.09473053892215569
11 0.38497482376636455 0.27835329341317366 0.09414904330312185 0.14445109780439122
11 0.5313393756294058 0.23860279441117765 0.08404833836858006 0.10127744510978044
11 0.4664249748237664 0.26289421157684634 0.0865055387713998 0.10088822355289422
11 0.6315105740181269 0.3460678642714571 0.16245720040281972 0.355688622754491