11 0.5417064375738799 0.3887281670457691 0.16176734068053228 0.1407841442835687
11 0.6767020449012143 0.6184492497324406 0.11706292240266106 0.11400146839012563
11 0.8111086853443517 0.7112972774127696 0.13848695537749794 0.13255869500605091
11 0.695992516535995 0.8367305860315235 0.13321040573636808 0.13130480501873645
11 0.6394387734007708 0.7298571858288495 0.12248616484855278 0.12150535837744059
11 0.4749773054940483 0.8543372619001791 0.1262486453725959 0.1476743590364959
11 0.20847355801671394 0.7223294845369843 0.11615919503935582 0.12020902372599616
11 0.15610971028639176 0.6374796406587637 0.10863511225732965 0.11262024441042229
11 0.2582811886650099 0.6312013287447326 0.12048311971559299 0.12558713571584784
11 0.8297804716977828 0.5231685600236207 0.12351213621582628 0.12050613637490339
11 0.7039841291398696 0.3947650343204581 0.12251061364934651 0.12254702504410701
11 0.5170010670207754 0.5880605497834739 0.09370919069724555 0.10265101911260785
11 0.5367420849381193 0.7361142754108159 0.10721796007735764 0.09695279974629283
11 0.5304749197318166 0.6702982744222328 0.09229203851727366 0.08698357444847839
11 0.35898793466115836 0.6742960718370441 0.10108658067450986 0.10398979842818173
11 0.4489224204339642 0.7502572569572633 0.15013937242941186 0.13719225297814314
11 0.3685862133133758 0.5690550188078677 0.12077562705905705 0.09333791371331088
11 0.2913907988287119 0.47695772532260167 0.10919655640952383 0.09182935574121866
11 0.17844398629554184 0.3594802022556609 0.11633033664491141 0.12750069039266285
11 0.29072980294122347 0.4040835033200646 0.09534550381830069 0.0829442417742006
11 0.2269078111662467 0.25580960179927964 0.08740666968884225 0.10239635112783046
11 0.8317206382966389 0.42698417201347233 0.10624088631167135 0.10003535508216312
11 0.8004629891308359 0.3471498880845104 0.09866790592805796 0.09036324243325602
11 0.771037682625467 0.27831677115174275 0.10961218602301606 0.109537689074552
11 0.6318330006887957 0.29402579748917346 0.11188504623076564 0.1616634670720149
11 0.48145089678356695 0.23591532184943767 0.0971538368109712 0.11527835310499684
11 0.5477989481103878 0.26825561335753734 0.10030509731517288 0.1154056870973856
11 0.3715130432801356 0.3360612427875711 0.20327599218291353 0.389102262863975