11 0.5522877358490565 0.2287931034482759 0.07860849056603773 0.1271264367816092
11 0.3890094339622642 0.31212643678160923 0.061886792452830186 0.07623563218390805
11 0.628938679245283 0.4191379310344828 0.06683962264150943 0.09597701149425288
11 0.6854952830188679 0.2349425287356322 0.08558962264150943 0.1729597701149425
11 0.7345283018867924 0.19798850574712645 0.048254716981132074 0.1565229885057471
11 0.6253301886792453 0.06568965517241379 0.08714622641509434 0.09307471264367816
11 0.6904481132075472 0.40660919540229884 0.06436320754716982 0.07974137931034483
11 0.7496698113207547 0.5823563218390805 0.07603773584905661 0.07787356321839081
11 0.5366509433962264 0.6026436781609196 0.06132075471698113 0.08910919540229885
11 0.5772877358490567 0.5760919540229885 0.05433962264150943 0.08189655172413793
11 0.6194811320754717 0.616264367816092 0.053867924528301886 0.08089080459770115
11 0.6595518867924528 0.6477586206896552 0.07476415094339622 0.10005747126436781
11 0.5699764150943396 0.7335057471264368 0.08346698113207547 0.07129310344827586
11 0.5013443396226415 0.7169827586206896 0.054033018867924526 0.0653448275862069
11 0.4379716981132075 0.7453735632183908 0.06089622641509434 0.07626436781609196
11 0.5066037735849057 0.7845689655172413 0.07825471698113208 0.09155172413793103
11 0.3779009433962264 0.7043103448275861 0.05886792452830189 0.06919540229885057
11 0.3640330188679245 0.5711781609195402 0.0619811320754717 0.06999999999999999
11 0.4041509433962264 0.46956896551724137 0.04117924528301887 0.07330459770114943
11 0.45035377358490564 0.47172413793103446 0.046202830188679246 0.07347701149425287
11 0.31995283018867926 0.37724137931034485 0.08683962264150943 0.1035919540229885
11 0.4285377358490566 0.3639080459770115 0.07101415094339622 0.08313218390804597
11 0.2736792452830189 0.2976149425287356 0.0953066037735849 0.0757183908045977
11 0.3141745283018868 0.07669540229885058 0.06669811320754718 0.07201149425287356
11 0.2811084905660377 0.14120689655172414 0.050212264150943396 0.0696264367816092
11 0.33419811320754716 0.13833333333333334 0.06278301886792453 0.06548850574712643
11 0.2772169811320755 0.5709770114942528 0.07327830188679245 0.15933908045977013
11 0.23575471698113207 0.7675862068965518 0.0519811320754717 0.07060344827586207
11 0.27158018867924527 0.7087068965517241 0.049999999999999996 0.0696264367816092
11 0.3230424528301887 0.7083620689655172 0.049127358490566035 0.0710919540229885
11 0.32610849056603775 0.7766666666666666 0.05632075471698113 0.06979885057471265
11 0.28275943396226416 0.7708620689655172 0.04669811320754717 0.0689080459770115