11 0.45082423852079545 0.21186109872620074 0.08440605206010679 0.13817309730164612
11 0.6255229261743037 0.30632403954883464 0.06638853148450709 0.08520110097914964
11 0.36735498551970774 0.41477330274917734 0.07155327000954709 0.10386329393196161
11 0.3073863081285939 0.21551834534012376 0.09225652230623678 0.1877713250024692
11 0.2542787745944376 0.17388630698991794 0.05155878885733904 0.16810341100960227
11 0.3741882894473821 0.04763302656618693 0.09426301501386533 0.0767320511085049
11 0.300162549565772 0.39898072760589887 0.06894136861600696 0.08835935794938288
11 0.2358100429199134 0.585456402115501 0.08161695788044616 0.08563212428203035
11 0.46540211193342435 0.6135626085388894 0.06644759574654734 0.09754677999149515
11 0.42111876286819233 0.584527679461043 0.05878908435204757 0.08807200908079561
11 0.3764957942962295 0.6264804047041842 0.05878908435204757 0.08807200908079561
11 0.3331861594537916 0.6592097892966395 0.08173508640452654 0.11032348230672172
11 0.42918987799610464 0.7545321961408098 0.08920163894739551 0.07967479642729779
11 0.5028825353028705 0.7380969569195479 0.05871525402449729 0.07263991031536352
11 0.571262793429496 0.7709007593133751 0.06638853148450709 0.08520110097914964
11 0.4961903550984099 0.8104482280742118 0.08422885927398616 0.10113606026460908
11 0.6361977135621326 0.7279795219308648 0.06380616222198715 0.07587000450274356
11 0.6508363434385386 0.5863993179831968 0.066344233287977 0.07594184171989038
11 0.6082133306423175 0.4756101840571336 0.043531125825088425 0.08146814627174224
11 0.5587135618227606 0.4757525681993147 0.05114533902305797 0.08168365792318251
11 0.7000564031142733 0.3794308917756523 0.09444020779998595 0.11376908814554194
11 0.5833789644062906 0.3606942810214684 0.07657034787948654 0.09166128935390956
11 0.7499622387353565 0.2944119644235947 0.10190676034285492 0.0831204022661181
11 0.7079446346250471 0.057079620620988376 0.0714203754199567 0.07608551615418388
11 0.7431527761076842 0.12598657622894452 0.05365387795802747 0.07558265563415643
11 0.6860609431884225 0.12128381909005558 0.06886753828845668 0.07292725918395068
11 0.7447523559129179 0.5875140851410845 0.07949233664873753 0.1719800401513033
11 0.7881571240803026 0.8001909895275727 0.056206715089527785 0.07874091260438972
11 0.7503887624334108 0.7358418263320995 0.053653877958027764 0.07558265563415648
11 0.694551198981634 0.7342614075548705 0.05366864402353794 0.0786690753872429
11 0.6903897068104083 0.8082277258032242 0.0612680911559973 0.07579816728559692
11 0.7373735536622407 0.8033838748142668 0.051115806892037915 0.07551081841700967