11 0.6459470720499372 0.5052433218266612 0.0723982425509949 0.1132983384745916
11 0.5481177356248655 0.06627016762144061 0.07477919493194755 0.1133356335177616
11 0.2677341389469771 0.2653763460314197 0.0746960802643112 0.10372024890237697
11 0.1641765628201546 0.26535657575608257 0.07713244242368782 0.11016780035580354
11 0.0926795632141973 0.39402676924708546 0.0651445658512896 0.1003659405245683
11 0.16887087345031787 0.5330220759274579 0.146207766360519 0.114454484812866
11 0.16772278863930423 0.6756129860124929 0.08427529956654496 0.11027968548531401
11 0.295104575065901 0.8154101361210232 0.07466837537509909 0.10051512069724876
11 0.36529861083324494 0.3982970516900669 0.07940257524779172 0.09738458257846087
11 0.27987522645568635 0.4306082762897879 0.06508915607286532 0.09395568411431189
11 0.31358257579338306 0.4743996376634006 0.06027184153253632 0.08747083761771499
11 0.5382215781879813 0.2984554872773848 0.067276174229333 0.07155708172158452
11 0.4423886618774702 0.3658552944392504 0.06256967924585248 0.07789274804550071
11 0.4336544416962057 0.45705226811272365 0.07721555709132417 0.11978318497118814
11 0.30537474850714863 0.6264940472343099 0.09897658719044075 0.15858037882125806
11 0.6142898845139363 0.6986314476325357 0.11315148191930684 0.14598363625976601
11 0.5371444236912867 0.7246629484730958 0.08477398757236296 0.1679719931776217
11 0.4659790487102303 0.7539928151267095 0.06276361347033717 0.10032864548139815
11 0.4902415329635319 0.1182410544483875 0.06511686096207757 0.09716081231944
11 0.5239627347458348 0.16363497992456436 0.0698233559455581 0.09082514599552387
11 0.48283631341880423 0.22548231666908686 0.07248135721863139 0.12291372308997613
11 0.5423878278318258 0.22961982095346864 0.06741469867539346 0.08758272274722555
11 0.23235147785759233 0.16547659354647826 0.07707703264526358 0.10375754394554712
11 0.36783444224179707 0.8293681477582254 0.060327251310960554 0.09388109402797139
11 0.3611617341699013 0.7459415768169667 0.06268049880270095 0.09071326086601353
11 0.40547254966503543 0.7770802530643324 0.05559305143826805 0.09701163214675947