11 0.35623831775700937 0.5074528301886793 0.06829439252336449 0.10742138364779873
11 0.43742990654205605 0.07474842767295597 0.06967289719626168 0.10594339622641509
11 0.7200700934579439 0.26132075471698113 0.07060747663551402 0.09688679245283019
11 0.8213551401869159 0.2576415094339623 0.07189252336448598 0.10405660377358492
11 0.8947663551401869 0.38166666666666665 0.06053738317757009 0.09569182389937107
11 0.8245794392523365 0.5205031446540881 0.1394626168224299 0.10245283018867923
11 0.8320560747663551 0.6611320754716982 0.07892523364485982 0.10311320754716981
11 0.7109579439252337 0.8017295597484276 0.07039719626168224 0.09405660377358491
11 0.6285981308411216 0.39402515723270437 0.07457943925233645 0.09141509433962264
11 0.7125 0.42235849056603775 0.060981308411214956 0.0890566037735849
11 0.6807009345794391 0.46742138364779867 0.05542056074766355 0.08157232704402516
11 0.4545327102803738 0.30144654088050316 0.06383177570093458 0.06694968553459119
11 0.5518691588785046 0.36424528301886794 0.058644859813084114 0.07345911949685534
11 0.5636448598130841 0.4538364779874214 0.07189252336448598 0.1128616352201258
11 0.6952570093457944 0.6159119496855346 0.09219626168224299 0.15172955974842767
11 0.39366822429906545 0.6970440251572327 0.10691588785046728 0.13534591194968554
11 0.4706542056074766 0.719874213836478 0.077803738317757 0.16047169811320755
11 0.540607476635514 0.7466981132075471 0.058457943925233645 0.0950314465408805
11 0.4964018691588785 0.12471698113207547 0.059883177570093454 0.09132075471698113
11 0.465 0.16949685534591194 0.06647196261682242 0.0839937106918239
11 0.5064719626168225 0.22996855345911948 0.06719626168224299 0.11496855345911951
11 0.44824766355140183 0.23405660377358492 0.06348130841121495 0.0820440251572327
11 0.7502570093457944 0.16198113207547168 0.07250000000000001 0.0960062893081761
11 0.6403504672897196 0.8183962264150944 0.05710280373831776 0.08647798742138364
11 0.6433177570093457 0.7361320754716981 0.058457943925233645 0.08415094339622642
11 0.6013551401869158 0.7677044025157232 0.05238317757009346 0.09185534591194969