13 0.18718643186922315 0.41918031537664696 0.17830399832711152 0.10664426885429207
13 0.3204151718690155 0.40142214758160105 0.10239458525431477 0.12079996519479118
13 0.15877759527990984 0.5465711306282987 0.10029211152214507 0.09607432718376745
13 0.3921440614033854 0.1619005728281331 0.10477187524450028 0.09722407023909768
13 0.4413650196460612 0.31672179922200694 0.13736684506374233 0.2187358070315402
13 0.2788069873492663 0.23653105140544764 0.1481860487599258 0.15701649687168798
13 0.7440116505009403 0.2774853282036636 0.1089805954353851 0.09163224026071994
13 0.6936952987493785 0.6463772714014719 0.16486093443350072 0.15823814568872666
13 0.6956876425225197 0.5002869765651367 0.12673965523484204 0.1198201812125901
13 0.5422293506451941 0.31787845373076756 0.09354233352456567 0.20387412684881306
13 0.8582729529892941 0.4832638340397429 0.10227976408626287 0.14551252943095846
13 0.7851925691258005 0.48058520845825625 0.0705186254591155 0.07230886249266089
13 0.8202325898180959 0.3813300390590504 0.10893542151347321 0.09050864475510197
13 0.19897972913057646 0.6636898071534039 0.17271181442810016 0.1605310949119587
13 0.3163655282856165 0.5711014111484858 0.08183096956978304 0.07799220889503124
13 0.4015102035436179 0.48057063641939046 0.1739145824485798 0.1077417168101979
13 0.27440161148039105 0.49780295934248164 0.10879989974773796 0.08713785823824803
13 0.6129682360223666 0.489122552704663 0.09639960878464278 0.10953132570147103
13 0.4521212030667166 0.6146086144030459 0.18529280107884233 0.14263200947120772
13 0.5111599932704264 0.7458866302783664 0.0569438125263146 0.06548884680981686
13 0.44858917322203024 0.7438319028802552 0.08027058290055464 0.0667497169514235
13 0.42932902370064335 0.8229506011586161 0.09431783565015645 0.11288903844346902
13 0.6188831655487406 0.13514094177928973 0.09107846841710195 0.1701597247928456
13 0.7315953501491858 0.18637930738090083 0.08653660290169703 0.08475992947845125
13 0.7078761375031268 0.23849902908729 0.07791776623459752 0.06336585665971343
13 0.5133339018153769 0.11260328822664735 0.1525058173923173 0.18175520865756759
13 0.27736234033056817 0.12076476144594174 0.1105409821046135 0.10287473220432775
13 0.4169352115132124 0.0693281444757827 0.10318701525104336 0.1129413335428933
13 0.918937036501033 0.3948364387984667 0.08839250642662473 0.0757842392083635
13 0.5729327242322761 0.6574657719245184 0.09092601878022885 0.0836624815225454