13 0.5545952173266416 0.7007160641938043 0.20839482043274762 0.1836563176983844
13 0.5241475369566173 0.8345572579783577 0.14612826810345314 0.17492821867992558
13 0.36682212742795345 0.9186512626864987 0.18035910020140616 0.13516404525485065
13 0.20659751840137883 0.7792823790603489 0.2344134923718578 0.20920377020204084
13 0.05426896767116211 0.4979158750633336 0.10853793534232423 0.10358640503520464
13 0.5834004656648976 0.5537363222325515 0.1628552211866421 0.15885756479220892
13 0.7495903893678814 0.5058495480012861 0.26757026570940046 0.303604738273069
13 0.20072158754210234 0.5398373504210082 0.4014431750842047 0.3999493926133965
13 0.17153342460655435 0.39684606844990994 0.14262565253070064 0.14213901548139243
13 0.3228482804305036 0.326848924741069 0.12994019385663452 0.0971886326764992
13 0.4965260267818938 0.2954806144693687 0.22299215055676733 0.16863925537195992