13 0.1824764742370078 0.39544375890833244 0.15954263024112383 0.16395433952386168
13 0.06791208456433398 0.5371656432475812 0.10985074701443544 0.11726659284653802
13 0.2148214929115619 0.5526834912532771 0.17425014682879122 0.1495258722244787
13 0.30311108599534387 0.34833286823039367 0.09770011125232657 0.10079536322725613
13 0.46456378874304977 0.7510588376421149 0.13746968400708273 0.11399342451278775
13 0.3923440995603784 0.8723276500109887 0.20984636330967027 0.1411984920662466
13 0.33747933024874455 0.956684055037653 0.07659968051013573 0.07010639682431925
13 0.6101370564249241 0.608852609710524 0.19595366000330988 0.1513816925235436
13 0.46527777681475785 0.28663886234359404 0.09449927047029967 0.09854187039162958
13 0.2192978701633585 0.6788790673557004 0.1635670517139881 0.12135211748633556
13 0.11220258370916542 0.7339893481708325 0.09618292567134987 0.0911220005190209
13 0.42385381061105365 0.6777166608882121 0.0985149245336336 0.09655009638517015
13 0.39068592333628915 0.3525815463961308 0.10713616397833364 0.12464907431497987
13 0.512953065600249 0.201485406581981 0.1255351627987182 0.10180485013975854
13 0.34188622473442387 0.2553482701503376 0.10865773326407545 0.11401721300768182
13 0.3268772225110941 0.6039428118245661 0.07795478017580393 0.07656776809786496
13 0.5956128321857639 0.8148058398197671 0.11755788331048636 0.10685906196424036
13 0.29675181729768774 0.8018218749882823 0.1377310597897329 0.1599571916016704