13 0.7611547677068384 0.6524725425644735 0.14630219557446505 0.15659276402401348
13 0.8768777134579737 0.5217778502169028 0.0997660250809765 0.11219197778948846
13 0.7337124926575057 0.4966540467076436 0.1619912526071489 0.14174845004972478
13 0.6419792886886755 0.690070330639824 0.09025346921043453 0.09597429433713259
13 0.4958379315338343 0.28422587197299537 0.12781584144243704 0.10744084342882297
13 0.5691835637543119 0.17064341983481018 0.19795892668918122 0.13219570377529027
13 0.6254028865391952 0.09182142422856565 0.07128702083273429 0.06563536349112142
13 0.3498730502988278 0.41327252094688544 0.18316060744585833 0.14290208041130123
13 0.48209991716335454 0.7390975619318182 0.08616254778253414 0.09365811916194162
13 0.7331413730326517 0.3727445801278405 0.15316411275412312 0.11405530305364056
13 0.8389426345366091 0.3260194282995331 0.08898141955907682 0.08648539729385907
13 0.5331285616261149 0.3586953723839373 0.0901654741653583 0.09282964024908238
13 0.5569591613250785 0.6796631426425314 0.0969471533044337 0.11936469965757125
13 0.4334264124085929 0.8188556773961578 0.11640448326640498 0.09530616253562225
13 0.6016543447083202 0.7781570269468322 0.09866996551977124 0.10899238892231534
13 0.6263081090001729 0.4383101890948884 0.07149234260457883 0.07297288969657224
13 0.3691136041514439 0.2127562788298216 0.10952402174365422 0.10121092725786413
13 0.6609390093992523 0.247031180289027 0.12504484569067914 0.15229447957438672