13 0.16598904065532358 0.6096851819606636 0.0692842622844908 0.07070574567257049
13 0.18288799503061304 0.49560990855765275 0.1476517128923612 0.08239682525341045
13 0.31064478201116863 0.4326108456362834 0.06395470364722226 0.0652668421592958
13 0.2925357519644672 0.48482688233642035 0.056020978343287085 0.059796658932394546
13 0.24215175025416644 0.2933097932964989 0.1174321279758103 0.12772039342107452
13 0.34683471314652764 0.21390018069442587 0.08484864963252321 0.0682052519113191
13 0.22631678334021976 0.18690803960218816 0.08781649221099541 0.0843655638830102
13 0.49754192154340254 0.28831068910287067 0.06116869902465286 0.05717104631663697
13 0.37714412835705996 0.3137535427061559 0.16406467736793987 0.11753074009430983
13 0.3970671832269093 0.4121376998418742 0.09048127152962977 0.08708501563964753
13 0.4492468789580439 0.11967434214216717 0.08242632092175928 0.07623848832672477
13 0.4541207540215855 0.1923331865875239 0.11621987493645847 0.07395695256085948
13 0.6378974306614582 0.1286625514876205 0.1030172036472224 0.06573603786369436
13 0.5573804082766781 0.11828427821465916 0.05880698296585655 0.06789245477505339
13 0.6105222856515046 0.18748953929759135 0.058625145009953826 0.05982793864602114
13 0.5517466976956017 0.19485026187002574 0.06970855084826393 0.08952294997364568
13 0.6699938304210646 0.20702617701207776 0.07976154160312514 0.07351903657008743
13 0.6583649107150461 0.26066449901778654 0.06383347834328716 0.059890498073274304
13 0.6981233675287034 0.2880310550091059 0.09811193357372705 0.07911433865149503
13 0.8010788698399883 0.2852343456328394 0.10041303698055574 0.06570475815006778
13 0.8028939833471062 0.37802320068715023 0.06389409099525463 0.06257867011628505
13 0.758620972645833 0.49311412311858743 0.06389409099525463 0.06257867011628505
13 0.8741448907686339 0.39501242506994544 0.058564532357986344 0.05713976660301038
13 0.590197627756076 0.5112578719122541 0.08024644281886584 0.0950244129141736
13 0.5135554603613421 0.5600819430127826 0.06934487493645847 0.07339391771558124
13 0.44696737240543943 0.5673488264443372 0.05856453235798605 0.05713976660301038
13 0.32072481304010364 0.6209549270719822 0.06643764500995375 0.059921777786900894
13 0.3946123708222218 0.5210086675838097 0.1583108301668982 0.0932746322799598
13 0.27273065634664306 0.5545003974593139 0.09017820826979173 0.07364415542459377
13 0.43158373432933983 0.6142197987720792 0.10810431167662049 0.06042225320492595
13 0.4958090175424763 0.6539802862363994 0.0860002900199075 0.11928052072852355
13 0.5852284789787031 0.6738766406575915 0.09011759561782418 0.07095598338158302
13 0.5205464235078697 0.7699001210789407 0.05063080705405095 0.051669583376109274
13 0.5360794158459484 0.8319313962067609 0.0585645323579862 0.05713976660301038
13 0.46703978153726794 0.7746352310356176 0.06395470364722226 0.0652668421592958
13 0.6689233108559022 0.7743712367986662 0.058625145009953826 0.05982793864602114
13 0.7234592792259832 0.781748540892351 0.05075203235798605 0.05704592746213078
13 0.20995463336087902 0.739280474870458 0.12724266812280102 0.10096379184547334
13 0.2529547783708328 0.6806411653422466 0.06668009561782418 0.07067446595894375
13 0.7181665590185181 0.4388502068403472 0.05317436106875029 0.049012691046724954
13 0.4881827102342589 0.41457657584030966 0.07673308637268524 0.054670552555385575
13 0.5349072672883098 0.3640487020115703 0.15055894281886584 0.09586896518209095
13 0.7542623051240159 0.39760581630763925 0.05596036569131938 0.057108486889383796
13 0.8315376393124995 0.4939899551001314 0.08006460486296281 0.08695989678514135
13 0.8303578699670714 0.4307866323757521 0.053356199024653016 0.05707720717575721
13 0.7008725337214693 0.6282099373044725 0.12681837955902786 0.08214658754439808
13 0.66292919041493 0.6936322363674639 0.06389409099525463 0.06257867011628505
13 0.6786483754447913 0.5163536402400738 0.12179188418159725 0.09014854424617716
13 0.6292926114499996 0.3947603040320585 0.16909117274537047 0.10952878339253067