13 0.6179805352798053 0.22198992443324936 0.0672992700729927 0.06418136020151134
13 0.6616788321167882 0.26239294710327454 0.06591240875912409 0.06919395465994962
13 0.666058394160584 0.369294710327456 0.06537712895377129 0.05964735516372796
13 0.7472262773722628 0.40959697732997485 0.07085158150851582 0.06345088161209068
13 0.6483211678832116 0.4478589420654912 0.08530413625304137 0.08430730478589421
13 0.6935766423357664 0.5311083123425693 0.07209245742092457 0.07062972292191436
13 0.48990267639902674 0.28639798488664986 0.09963503649635037 0.07967254408060453
13 0.5105352798053528 0.2244080604534005 0.07309002433090024 0.07005037783375315
13 0.34644768856447683 0.12748110831234258 0.0578345498783455 0.06020151133501259
13 0.2921167883211679 0.12899244332493703 0.052652068126520686 0.052544080604534006
13 0.3658637469586375 0.21934508816120907 0.06214111922141119 0.07065491183879094
13 0.3435279805352798 0.28261964735516376 0.14172749391727493 0.06727959697732998
13 0.3445255474452555 0.4502267002518892 0.0642822384428224 0.062468513853904284
13 0.275036496350365 0.4796977329974811 0.07204379562043796 0.11070528967254409
13 0.4984184914841849 0.4324181360201511 0.07318734793187348 0.10173803526448363
13 0.43681265206812653 0.35589420654911835 0.052141119221411195 0.054282115869017634
13 0.7633333333333334 0.5674307304785895 0.052457420924574207 0.05392947103274559
13 0.35773722627737226 0.5893450881612091 0.05425790754257908 0.062015113350125946
13 0.40163017031630166 0.6690931989924433 0.07520681265206813 0.11438287153652392
13 0.48279805352798055 0.5222166246851385 0.0975425790754258 0.07838790931989925
13 0.1886861313868613 0.7596977329974811 0.09262773722627737 0.08292191435768262
13 0.1937712895377129 0.5978337531486146 0.06829683698296837 0.08435768261964736
13 0.2513868613138686 0.5629974811083123 0.052311435523114354 0.07899244332493703
13 0.18111922141119222 0.4284382871536524 0.08265206812652068 0.10649874055415617
13 0.10114355231143553 0.3283375314861461 0.0521654501216545 0.05634760705289673
13 0.10749391727493918 0.6420403022670025 0.10973236009732361 0.11201511335012594
13 0.1465450121654501 0.5338539042821159 0.07046228710462288 0.07428211586901763
13 0.28472019464720194 0.7569521410579345 0.07260340632603406 0.11463476070528966
13 0.3373965936739659 0.7182115869017632 0.056958637469586376 0.0483375314861461
13 0.29362530413625304 0.6402518891687657 0.11092457420924574 0.11380352644836272
13 0.155669099756691 0.3174307304785894 0.05321167883211679 0.055869017632241814
13 0.15681265206812653 0.36584382871536525 0.054817518248175184 0.05
13 0.4908272506082725 0.5873803526448362 0.08364963503649636 0.05279596977329975