13 0.4824430641821946 0.3124428274428274 0.16559006211180125 0.14033264033264034
13 0.5318840579710145 0.1922661122661123 0.10505175983436854 0.14545738045738046
13 0.6925051759834369 0.14208939708939708 0.14992753623188407 0.09634095634095635
13 0.8200310559006211 0.3021621621621622 0.18596273291925464 0.15987525987525988
13 0.923343685300207 0.5948856548856548 0.09772256728778468 0.07802494802494803
13 0.4324016563146998 0.44465696465696464 0.12579710144927536 0.12463617463617464
13 0.26907867494824017 0.45983367983367984 0.19523809523809524 0.24940748440748442
13 0.7917701863354037 0.5287629937629937 0.31901656314699794 0.3146777546777547
13 0.7916770186335403 0.6676195426195426 0.11020703933747411 0.11203742203742204
13 0.6393892339544514 0.706081081081081 0.10747412008281573 0.0695010395010395
13 0.471935817805383 0.702972972972973 0.18491718426501036 0.1209147609147609