13 0.7985294117647059 0.46667009249743063 0.15529411764705883 0.08847893114080164
13 0.6786511156186612 0.443453237410072 0.08384381338742394 0.10602261048304214
13 0.8137018255578092 0.5845220966084276 0.084026369168357 0.08372045220966083
13 0.6326673427991886 0.220945529290853 0.08866125760649088 0.08453237410071943
13 0.5752434077079108 0.35985611510791365 0.1077789046653144 0.19470709146968138
13 0.7300202839756592 0.2954059609455293 0.12252535496957404 0.13639260020554986
13 0.30204868154158215 0.30719424460431655 0.09253549695740365 0.0783453237410072
13 0.3169168356997972 0.6465056526207605 0.13751521298174443 0.1371120246659815
13 0.327657200811359 0.5131654676258993 0.10675456389452333 0.10424460431654677
13 0.4825760649087221 0.3548818088386434 0.06884381338742393 0.18254881808838644
13 0.1802839756592292 0.48872559095580675 0.0819371196754564 0.1281808838643371
13 0.24721095334685597 0.490256937307297 0.05849898580121704 0.06284686536485097
13 0.2234787018255578 0.3980061664953751 0.09211967545638945 0.07688591983556013
13 0.7670385395537525 0.6883556012332991 0.14526369168356998 0.13918807810894143
13 0.6677586206896552 0.5983967112024666 0.06859026369168357 0.06736896197327852
13 0.5978296146044625 0.51120246659815 0.15078093306288032 0.0893011305241521
13 0.712261663286004 0.5332476875642344 0.09230223123732252 0.07396711202466598
13 0.4042190669371197 0.5075539568345324 0.07919878296146045 0.09523124357656731
13 0.5403853955375254 0.630606372045221 0.1578498985801217 0.12076053442959918
13 0.47511156186612574 0.7469989722507708 0.04683569979716024 0.057944501541623845
13 0.5331237322515213 0.7480575539568346 0.06788032454361055 0.05785200411099692
13 0.5437931034482758 0.8219218910585817 0.07753549695740365 0.0988283658787256
13 0.42838742393509127 0.18426515930113052 0.06875253549695741 0.1523535457348407
13 0.3210547667342799 0.2252929085303186 0.07177484787018255 0.07338129496402879
13 0.33828600405679515 0.27372045220966085 0.06573022312373225 0.05476875642343268
13 0.5262271805273834 0.16960945529290852 0.1243002028397566 0.15932168550873588
13 0.7412474645030426 0.1899486125385406 0.09367139959432048 0.0887153134635149
13 0.6182657200811359 0.13542651593011307 0.08480730223123732 0.09878725590955807
13 0.13227180527383367 0.40493319630010277 0.07516227180527384 0.06425488180883865
13 0.426683569979716 0.6631449126413155 0.07613590263691683 0.07226104830421377