13 0.6267127344521224 0.23365128205128205 0.13089832181638697 0.13558974358974357
13 0.5060612043435341 0.11071794871794872 0.09484698914116485 0.09244102564102563
13 0.4796150049358342 0.2551897435897436 0.1154294175715696 0.15233846153846153
13 0.6601184600197434 0.3563794871794872 0.08114511352418559 0.08353846153846155
13 0.276426456071076 0.489425641025641 0.08660414610069102 0.1205948717948718
13 0.17099703849950643 0.40992820512820516 0.10144126357354394 0.19109743589743589
13 0.09792694965449161 0.34970256410256406 0.053958538993089826 0.06670769230769232
13 0.39483711747285294 0.6426974358974359 0.11312931885488647 0.17441025641025643
13 0.7032576505429418 0.5211282051282051 0.07912142152023692 0.07974358974358975
13 0.3632280355380059 0.2511076923076923 0.08945705824284304 0.14679999999999999
13 0.32120434353405725 0.14165128205128205 0.07217176702862783 0.08322051282051282
13 0.3468311944718657 0.45397948717948716 0.07664363277393879 0.08392820512820513
13 0.6488252714708785 0.4428102564102564 0.10163869693978282 0.08847179487179488
13 0.7775814412635736 0.574 0.07668311944718659 0.11071794871794872
13 0.7422902270483712 0.40093333333333336 0.09151036525172754 0.09103589743589745
13 0.4231095755182626 0.3624717948717949 0.06071076011846002 0.06676923076923076
13 0.20700888450148075 0.6148923076923076 0.08263573543928923 0.10235897435897436
13 0.24383020730503455 0.319548717948718 0.1306219151036525 0.11384615384615385