13 0.20933927552771894 0.3144917721509038 0.08183000937695047 0.09405420741644321
13 0.26030339455390095 0.27255543235784 0.08708725603026012 0.0914847089053479
13 0.3724388381934991 0.2878408679416704 0.07904663034314417 0.08843287932392457
13 0.43048409752245875 0.2055598808876253 0.08189191165981094 0.09681663835566966
13 0.45043312972801447 0.3237173808829392 0.10892097232068558 0.11711831707091132
13 0.5467957215602248 0.2884284082684398 0.09259211181501192 0.09996493415115866
13 0.25007079706252994 0.46921859322028375 0.10929238601784881 0.13369290270627052
13 0.19072447794604055 0.4340480322501689 0.09259211181501192 0.09996493415115866
13 0.056016938011525304 0.5992852698567183 0.0762013490264776 0.08004912029217942
13 0.04670953922068611 0.6590633999063509 0.06543924658841614 0.07413839355746396
13 0.15575098056471678 0.5956677868292583 0.08968492821548471 0.08881874418018698
13 0.21648898919810924 0.6335525456315667 0.10490177132458638 0.1749364343665371
13 0.390166059300828 0.6631938439272475 0.08170620481122944 0.08852934553799018
13 0.4080115257365845 0.7468691902892627 0.13267143568487003 0.1096992201798221
13 0.403522498381738 0.4871524488949371 0.1220331378125296 0.1093133553235597
13 0.31294332260715174 0.5429667211255041 0.07069649324172583 0.07156889504636865
13 0.598439653850414 0.21743831050646475 0.06809882105650114 0.07423485977152956
13 0.5381748071181447 0.6757957701515789 0.07879902121170226 0.07738315556701834
13 0.6292492011556151 0.642080945434824 0.13545481471867624 0.11532054827234091
13 0.49481466225667897 0.5225466307658779 0.10657090926690309 0.13083400555297825
13 0.6802188794190905 0.897347097143775 0.10910667916926724 0.12540560988859095
13 0.5143657770134759 0.8605103228578314 0.1031685074044918 0.09758836806819425
13 0.4901189835389486 0.7881258657878861 0.0948183703030733 0.08072438379063879
13 0.33561716710602907 0.8421116807471879 0.130259470348227 0.12065247772266274
13 0.2147004940799062 0.9100850381964156 0.06791311420791962 0.06594756695384986
13 0.5440245728484641 0.936845493908485 0.1376191709238772 0.09331756697259419
13 0.43810474939905514 0.901981876214905 0.09253020953215137 0.09720250321193215
13 0.6977514988981686 0.7888887939084487 0.13805248690390065 0.11265458354718015
13 0.6669795738191495 0.7222703642521208 0.06277967212033092 0.07404192734339853
13 0.5772659181571519 0.7573181713314561 0.14695974455106395 0.15438044627777459
13 0.21466843109101727 0.8492633244263993 0.07075839552458639 0.07433132598559518
13 0.26541700397464607 0.8570989746464457 0.06550114887127666 0.07690082449669049
13 0.5627885669000005 0.5269928196552713 0.0768203718550828 0.10767342968444461