13 0.2742701075696178 0.468237785844163 0.1530736092590992 0.1829946169256427
13 0.14676691954059823 0.5236384531326497 0.15630203444305044 0.11876207053946093
13 0.08841031084609223 0.6940293819053406 0.10713684189613912 0.164750764460899
13 0.25069363891027113 0.8248447182033667 0.17412421400202588 0.20676556744280825
13 0.5536212484536728 0.9253583654120815 0.08547910446005695 0.10604531612713922
13 0.4142827820469679 0.4117797068831973 0.13496133483815106 0.14079816491578404
13 0.43628326595319633 0.2396038658816938 0.26779220383820224 0.22150817821850624
13 0.4886395019818071 0.7894700536315066 0.34072112535057836 0.35540397193213813
13 0.6337007653923283 0.7862607652528507 0.12161429023070398 0.12279711411799686
13 0.6794245638102065 0.6240233180216345 0.07699215414941606 0.11769818182526672
13 0.6830321648818447 0.44769103260811666 0.1327819203826167 0.20289178867921928