13 0.5553999693392535 0.19841414047152714 0.07766767743017981 0.08047011939931009
13 0.45477828487935185 0.22890222815157651 0.10568547147121664 0.16141720387261965
13 0.42522315461405175 0.36145259854873696 0.07248983226816787 0.07510544477268939
13 0.46774188900299674 0.33751721287187403 0.06721062671420466 0.06716345055843989
13 0.2841965453638155 0.3117571729208839 0.14208666077947602 0.13979659346918186
13 0.23398071464644302 0.4241375046053761 0.08076340197094226 0.09603905465076466
13 0.18474473799760205 0.30884512368743955 0.09589149588917317 0.10182380018011138
13 0.3338294984079643 0.5634374565317875 0.06492578530905244 0.07221307200801617
13 0.3315024419793337 0.44111979384509775 0.1413222252535928 0.18350600873319114
13 0.42493806465681283 0.44892393793959623 0.09848041847017915 0.10450613749342169
13 0.17008329188926957 0.5359402387986202 0.0857385263490517 0.0962490901021277
13 0.236994070013869 0.5323324184229478 0.09192997543057635 0.12738696060503715
13 0.21832465583721275 0.7206627219940138 0.08147292471460113 0.11408029176416702
13 0.19165200328265472 0.6423454659711739 0.0747746736733201 0.07005582332311311
13 0.2654130730364621 0.6866280934179985 0.06731198710615592 0.06974077014606876
13 0.2605942218325282 0.627244725176853 0.09528333353746554 0.08635988265433818
13 0.29614860644156815 0.7419595086035417 0.08314960376804573 0.09356675278881725
13 0.34140830399944605 0.7245724396214323 0.06751470789005841 0.07489540932132649
13 0.375064297552524 0.7594428246944667 0.09380937526792345 0.11202806080494539
13 0.3939427259729519 0.8605883949660813 0.08137156432264982 0.11150297217653786
13 0.4780130384410563 0.8512723997011069 0.07000227007911314 0.07500042704700793
13 0.5738390955018874 0.7935649297624322 0.07000227007911314 0.07500042704700793
13 0.5092553738059186 0.9194904128247944 0.06482442491710119 0.06963575242038732
13 0.5548635392757568 0.626802727731963 0.10315146167243486 0.096984214181898
13 0.5827145340965003 0.5456412224988577 0.08025660001118594 0.08315245671262048
13 0.5751547197236335 0.4797095375629587 0.06482442491710119 0.06963575242038732
13 0.5972978436177451 0.34813277378256824 0.06761606828200967 0.07747272890895536
13 0.52243656818484 0.43374224119679783 0.11852872398429527 0.17225157085154236
13 0.527521518127398 0.31045097189333815 0.08604260752490552 0.1039810488650143
13 0.6152872523154751 0.4582464537480431 0.076599160728443 0.1164475759004327
13 0.6647808625304429 0.5169428214638261 0.12594496294173238 0.10823865206354678
13 0.7004133837265705 0.6020709384956234 0.08345368494389926 0.10129871155170399
13 0.7744363196327533 0.5267182405690686 0.056956296782132015 0.0590114208928275
13 0.8343405329539693 0.5343933051606815 0.06482442491710119 0.06963575242038732
13 0.7673833072196429 0.4736731535713139 0.07248983226816787 0.07510544477268939
13 0.8099125676547054 0.6710196903906483 0.06731198710615592 0.06974077014606876
13 0.8281596099185622 0.7245373571539695 0.06203278155219243 0.06179877593181927
13 0.681883423218103 0.22562475211328678 0.11741375967283124 0.14390105538762496
13 0.637890730559616 0.27522831594075686 0.07766767743017981 0.08047011939931009
13 0.5154088404502135 0.760221687020212 0.05457009498502854 0.06148372275477463
13 0.4458479335025148 0.5385765877925625 0.06543258726880882 0.08509966994616051
13 0.4093686076071676 0.5897838645908914 0.11832600320039277 0.16709693167628475
13 0.48598675955422543 0.80143473864507 0.06472306452514995 0.06705843283275816
13 0.589064317225821 0.8649663070506333 0.09568877510527068 0.09666916100485365
13 0.5322051482493918 0.8715715179166605 0.06213414194414397 0.06437609551944813
13 0.6839823633453395 0.7210236486520731 0.10238702614655164 0.14069362944590727
13 0.7355897831589175 0.6756011173830907 0.07000227007911314 0.07500042704700793
13 0.5781089297225865 0.7126944159291673 0.1071594297407586 0.13574902572201242
13 0.4575909803364958 0.6793030496325392 0.13396089907837988 0.18576827514377567