13 0.7998288508557457 0.5996455696202532 0.06251833740831296 0.06587341772151899
13 0.7859902200488998 0.4926075949367089 0.1378239608801956 0.0768860759493671
13 0.6675061124694376 0.4322278481012658 0.058435207823960875 0.05987341772151898
13 0.6838141809290954 0.4814430379746835 0.05229828850855746 0.05455696202531646
13 0.735281173594132 0.3016962025316456 0.1069437652811736 0.11807594936708861
13 0.638557457212714 0.22518987341772154 0.0776283618581907 0.0640506329113924
13 0.751320293398533 0.20124050632911392 0.08112469437652811 0.07837974683544303
13 0.49486552567237163 0.293746835443038 0.0554278728606357 0.054303797468354426
13 0.6077750611246944 0.31962025316455694 0.15173594132029342 0.10767088607594937
13 0.5864303178484107 0.4118481012658228 0.0843520782396088 0.07987341772151899
13 0.5435452322738387 0.13493670886075948 0.07569682151589242 0.0719240506329114
13 0.537921760391198 0.20356962025316455 0.10762836185819072 0.06868354430379747
13 0.36701711491442546 0.14184810126582278 0.09420537897310513 0.061772151898734175
13 0.44210268948655257 0.13253164556962024 0.05474327628361858 0.062303797468354426
13 0.3906601466992665 0.19739240506329114 0.05273838630806846 0.055392405063291135
13 0.44645476772616133 0.2049620253164557 0.06295843520782396 0.08339240506329114
13 0.33469437652811734 0.2151645569620253 0.07273838630806846 0.06956962025316456
13 0.34486552567237166 0.2652405063291139 0.0580440097799511 0.055392405063291135
13 0.3062591687041565 0.291620253164557 0.08985330073349633 0.074
13 0.21009779951100246 0.2871392405063291 0.09180929095354523 0.06182278481012659
13 0.2071638141809291 0.3743037974683544 0.05816625916870415 0.058962025316455696
13 0.24618581907090464 0.4830886075949367 0.0576039119804401 0.05941772151898734
13 0.13887530562347186 0.389873417721519 0.05422982885085575 0.05336708860759493
13 0.403520782396088 0.5020506329113924 0.07271393643031784 0.08939240506329114
13 0.47488997555012225 0.5494683544303798 0.06471882640586797 0.06767088607594937
13 0.5363814180929095 0.5571645569620254 0.05271393643031785 0.052734177215189866
13 0.6539119804400978 0.6082784810126582 0.06056234718826406 0.055974683544303794
13 0.5863080684596578 0.513493670886076 0.147359413202934 0.08670886075949367
13 0.700440097799511 0.5474177215189873 0.08229828850855744 0.06835443037974684
13 0.5501711491442544 0.6013670886075949 0.10068459657701712 0.05683544303797468
13 0.4895354523227384 0.6378227848101266 0.07704156479217604 0.11162025316455697
13 0.4048166259168704 0.6558481012658228 0.08193154034229828 0.06491139240506329
13 0.46354523227383865 0.7469113924050632 0.04677261613691931 0.04908860759493671
13 0.4469682151589242 0.8055443037974683 0.05422982885085575 0.05384810126582278
13 0.5129339853300733 0.7516455696202531 0.059511002444987776 0.060177215189873415
13 0.3238875305623472 0.749493670886076 0.05420537897310514 0.055822784810126584
13 0.27254278728606357 0.7551392405063291 0.04709046454767726 0.05435443037974683
13 0.7553300733496333 0.7209367088607594 0.11745721271393643 0.09450632911392405
13 0.716919315403423 0.666126582278481 0.061662591687041565 0.06473417721518987
13 0.2848166259168704 0.43258227848101266 0.050024449877750614 0.04645569620253165
13 0.5007823960880196 0.4131139240506329 0.07048899755501221 0.05149367088607595
13 0.4583129584352078 0.36455696202531646 0.1397799511002445 0.08739240506329114
13 0.2519559902200489 0.39316455696202535 0.05026894865525672 0.05344303797468354
13 0.17782396088019561 0.48407594936708864 0.07425427872860636 0.07974683544303797
13 0.17916870415647923 0.42425316455696205 0.04909535452322738 0.05306329113924051
13 0.29655256723716383 0.611493670886076 0.11836185819070903 0.07718987341772152
13 0.33100244498777504 0.6732658227848102 0.05960880195599022 0.05848101265822785
13 0.3204645476772616 0.5059746835443039 0.11268948655256725 0.08240506329113924
13 0.3694621026894866 0.3920506329113924 0.15706601466992665 0.10070886075949367