13 0.40188470066518844 0.2042367900192122 0.12084257206208426 0.19038360635339407
13 0.397450110864745 0.3394469164121811 0.12749445676274945 0.11537740552798567
13 0.524390243902439 0.17221716077299573 0.10310421286031042 0.11099939282414627
13 0.16851441241685144 0.4181949723480791 0.10532150776053215 0.11558534086361684
13 0.3259423503325942 0.4640220022516143 0.22505543237250555 0.1598557484781745
13 0.2311529933481153 0.30111879097997707 0.1662971175166297 0.1641708220614176
13 0.3170731707317073 0.7709591089701365 0.09866962305986696 0.1186814293294748
13 0.6757206208425721 0.7116126088488858 0.1696230598669623 0.18116210367118513
13 0.532150776053215 0.7169196643044011 0.1286031042128603 0.14014228966008038
13 0.3370288248337029 0.5661652255950347 0.20620842572062084 0.11525721261458467
13 0.5310421286031042 0.8820424206217445 0.15077605321507762 0.11858603971770765
13 0.5210643015521065 0.8080348679272731 0.07649667405764966 0.07843992646285902
13 0.42738359201773835 0.8463010351697531 0.0975609756097561 0.1186356463209756
13 0.643569844789357 0.21084669935521386 0.1729490022172949 0.189164621236009
13 0.5643015521064302 0.3317305176182977 0.08425720620842572 0.08999636257853397
13 0.4839246119733925 0.41942248545715194 0.12084257206208426 0.18588922433092217
13 0.4878048780487805 0.29036924284083215 0.0942350332594235 0.11737470178985951
13 0.5133037694013304 0.6335570834969911 0.11529933481152993 0.10813221940078507
13 0.6208425720620843 0.46777331622030327 0.15631929046563192 0.2008374266703168
13 0.7560975609756098 0.5250442365156495 0.06984478935698447 0.06355848683882909
13 0.7472283813747228 0.461194826380239 0.07317073170731707 0.08729134148230461
13 0.8237250554323725 0.4401965505959068 0.11862527716186252 0.10602237741504711
13 0.16463414634146342 0.6478100127172078 0.17405764966740578 0.1083115278400139
13 0.2261640798226164 0.761025126992292 0.08980044345898004 0.09471965964350265
13 0.2749445676274945 0.7355114894786223 0.06984478935698447 0.08378320593995268
13 0.1319290465631929 0.5419650319440055 0.19068736141906872 0.1719196212821107
13 0.11696230598669623 0.30258291638544416 0.10975609756097561 0.12138645042570403
13 0.07982261640798226 0.44486941031981747 0.1197339246119734 0.11505692446849025
13 0.4501108647450111 0.9455541935855625 0.082039911308204 0.09664636959524318
13 0.6746119733924612 0.5890949157280267 0.08980044345898004 0.09921404166597456