13 0.7667053962399617 0.3395908210664362 0.08479133864336875 0.09209585081545511
13 0.7142864612400586 0.29972925128921396 0.08724624076957847 0.08954658811103734
13 0.6064964569515167 0.3145522955699481 0.07947422004418987 0.08917298584995911
13 0.5430414784293232 0.23548480301219885 0.08492711009228855 0.09476964760689896
13 0.5333356092820971 0.349710860522128 0.10932934385981279 0.1172808287216843
13 0.4373504235762113 0.31709050003551614 0.09297067371551676 0.10049084345086481
13 0.7406977266272462 0.4890413966516749 0.1100082011044118 0.13064981267890372
13 0.7958596307196787 0.4556848898817563 0.09297067371551705 0.1004908434508649
13 0.9396089660024074 0.6146293465629243 0.07906690569743047 0.08115159547562756
13 0.954253968966726 0.6740132793663064 0.06829689705015322 0.07263206875319171
13 0.8425265926595099 0.6112962166951686 0.08983691434470831 0.08967112219806342
13 0.787568345740457 0.648663418652253 0.1095898707119991 0.1733060272549791
13 0.6211432493663744 0.6793387564714946 0.0819291221703996 0.08662372314554134
13 0.6123309106827806 0.7602668881754018 0.1348287652643487 0.11050477921761336
13 0.5930917105464959 0.5086186545621145 0.12433029951491077 0.10733284607806536
13 0.6862091717565858 0.5611056898540161 0.07075179917636265 0.07008280604877393
13 0.38091521478752094 0.24902952986110746 0.06829689705015293 0.07263206875319171
13 0.4783112660891239 0.6911436921816548 0.07879536279959086 0.07580400189273986
13 0.38750742753349715 0.6587723998690951 0.13755521028839804 0.11330311009608329
13 0.5082728317889935 0.5432168161226772 0.10728175608036246 0.1278514818004338
13 0.3600466175929902 0.9068421215201911 0.11219156033278192 0.12275295639159824
13 0.5184281503438447 0.8704455878569837 0.1031975965671151 0.09831518300752536
13 0.5355555955485064 0.8005862455799301 0.09447517569928787 0.07922500320634017
13 0.6905776796638656 0.8507145053775697 0.13278117748489837 0.12107543229636299
13 0.8129392931694394 0.9192772979796993 0.07075179917636265 0.07008280604877423
13 0.499728317430952 0.9477181962367203 0.14355118613217593 0.10456360752655935
13 0.5953227128585585 0.9088164346695097 0.09542557584172649 0.09794158074644713
13 0.3340261424840819 0.8015677739576725 0.14014588386352758 0.11342764418310937
13 0.35790181452440706 0.7373673604810718 0.0658419949239432 0.07518133145760948
13 0.447410316292469 0.7696763857501185 0.14736380274758368 0.15378366422881926
13 0.8072258762691545 0.8576554376894646 0.07088757062528246 0.0727566028402181
13 0.7598415009249374 0.8660467442452577 0.06843266849907273 0.07530586554463556
13 0.44255008424548997 0.5467256888821221 0.07769817516257917 0.10509123251159613