13 0.5641971544715447 0.20724500525762357 0.08461382113821139 0.09048370136698212
13 0.7716158536585366 0.21935856992639327 0.06271341463414634 0.08912723449001052
13 0.827439024390244 0.22393270241850685 0.061859756097560975 0.06986330178759201
13 0.7569512195121951 0.2878233438485805 0.06909552845528455 0.07259726603575185
13 0.8302337398373985 0.28605678233438486 0.06176829268292683 0.05769716088328075
13 0.8312703252032521 0.3404626708727655 0.07765243902439024 0.06654048370136699
13 0.600619918699187 0.3919348054679285 0.0860569105691057 0.07903259726603575
13 0.5562093495934959 0.2775709779179811 0.08786585365853658 0.07483701366982125
13 0.49127032520325203 0.3973817034700316 0.062378048780487805 0.07003154574132492
13 0.5178658536585365 0.44697160883280757 0.07396341463414634 0.06404837013669822
13 0.3490345528455284 0.46756046267087276 0.10201219512195121 0.08533123028391168
13 0.34285569105691055 0.5463091482649842 0.10064024390243903 0.08685594111461618
13 0.5957621951219513 0.56068349106204 0.0983028455284553 0.10106203995793901
13 0.7925101626016261 0.5893901156677182 0.09078252032520324 0.09026288117770769
13 0.7598373983739837 0.6580757097791798 0.08584349593495935 0.0855310199789695
13 0.6811382113821138 0.7059831756046266 0.09051829268292683 0.09892744479495268