13 0.21900484860802516 0.46949635362136094 0.11656633647094622 0.11971974886387346
13 0.17360145839684626 0.2395264004199292 0.1103641802878681 0.09649706565948021
13 0.16350613835351396 0.17723398844490976 0.08905908898850018 0.08871063959772878
13 0.24802973782560267 0.2358137098488769 0.09487328479506472 0.09814021935384604
13 0.22576663562927365 0.1561969785800946 0.07677220670352572 0.08589659861702931
13 0.28147362134818316 0.13946397016974663 0.08951170942776596 0.10480259362071728
13 0.3977073723816147 0.3762299846064197 0.10545522535983512 0.11925139394933984
13 0.29320681781714864 0.45773768603881443 0.10212189202650178 0.11911088747497997
13 0.43383130840682177 0.4938138548499253 0.09020253013098745 0.08990690037653844
13 0.4771118717217256 0.4505611248469639 0.0871924971114154 0.10126064677574165
13 0.5444260738856881 0.6289728200841973 0.11597250586185308 0.13806371797012115
13 0.6268482213183284 0.6128398978100035 0.11816239805269914 0.1370079636656715
13 0.5717051414089547 0.33322121079447176 0.13152806141740864 0.1387194148504681
13 0.5464957313860326 0.10930477047101775 0.11898253888142513 0.12670997157091804
13 0.6259342308083158 0.1255196804628877 0.11212189202650179 0.11953240689806005
13 0.6969407367523409 0.19790323631461937 0.12793608783306631 0.12938350607725746