13 0.8817204301075269 0.7815934065934066 0.0913978494623656 0.1043956043956044
13 0.793010752688172 0.7706043956043956 0.11559139784946236 0.12087912087912088
13 0.8239247311827957 0.6002747252747253 0.09946236559139784 0.0989010989010989
13 0.9327956989247311 0.6057692307692307 0.10483870967741936 0.10714285714285714
13 0.9139784946236559 0.5206043956043956 0.09946236559139784 0.09340659340659341
13 0.9112903225806451 0.4491758241758242 0.0913978494623656 0.09065934065934066
13 0.8682795698924731 0.38324175824175827 0.0967741935483871 0.10164835164835165
13 0.7889784946236559 0.510989010989011 0.10215053763440861 0.09065934065934066
13 0.7755376344086021 0.42994505494505497 0.0967741935483871 0.09615384615384616
13 0.7513440860215054 0.30631868131868134 0.11559139784946236 0.11263736263736264
13 0.7043010752688172 0.1978021978021978 0.11559139784946236 0.11263736263736264
13 0.5913978494623656 0.3557692307692308 0.11021505376344086 0.11538461538461539
13 0.49731182795698925 0.24725274725274726 0.0913978494623656 0.1043956043956044
13 0.4220430107526882 0.33379120879120877 0.10483870967741936 0.10714285714285714
13 0.41801075268817206 0.25274725274725274 0.09408602150537634 0.09615384615384616