13 0.3824514563106796 0.45563591022443894 0.07898058252427184 0.07399002493765587
13 0.36410194174757277 0.5259351620947631 0.08531553398058252 0.07735660847880299
13 0.6207281553398059 0.5562094763092269 0.08691747572815535 0.0844139650872818
13 0.5256796116504855 0.3930922693266833 0.05757281553398058 0.0628428927680798
13 0.5425242718446602 0.4392518703241895 0.06944174757281553 0.06907730673316707
13 0.6304126213592234 0.38723192019950126 0.07686893203883495 0.07668329177057356
13 0.5894902912621359 0.27334164588528675 0.0787864077669903 0.076857855361596
13 0.5985194174757281 0.20266832917705735 0.07648058252427185 0.07506234413965088
13 0.8080582524271845 0.22842892768079798 0.05640776699029126 0.07773067331670823
13 0.7893446601941747 0.29511221945137156 0.0642233009708738 0.0646134663341646
13 0.8596844660194175 0.23825436408977557 0.05995145631067961 0.05783042394014963
13 0.8609708737864078 0.29987531172069826 0.0595873786407767 0.051371571072319204
13 0.8627912621359224 0.34950124688279305 0.06628640776699028 0.0630423940149626
13 0.815121359223301 0.5902743142144639 0.0749514563106796 0.07753117206982543
13 0.7798543689320389 0.6575311720698255 0.0762621359223301 0.07536159600997507
13 0.7002669902912622 0.6979800498753117 0.08686893203883495 0.07768079800498753