13 0.34751080001653684 0.8109955641382979 0.1424154903522781 0.15118304180954945
13 0.26182168416760887 0.8326372513546496 0.10309202126852736 0.11569165214462973
13 0.1794201703518705 0.6783211386914765 0.11830309116945037 0.11385813523948535
13 0.277472999845053 0.6595375324657773 0.10368469296553791 0.1062163937743007
13 0.18114784571218662 0.6035186865022795 0.09272019094843174 0.08915463148602847
13 0.2891307773981877 0.5675233484007851 0.10961703684901647 0.10210745958608271
13 0.28021545645526064 0.49410984327725643 0.10617560216699401 0.09361340347344065
13 0.16659651673428622 0.5294764863818042 0.10121614017275243 0.0966858978567307
13 0.18762947958126536 0.4645083366200038 0.10014820573545881 0.09561263302030842
13 0.27683827754256335 0.3738935037517885 0.12573110595647738 0.12031613677376544
13 0.4266971054488218 0.3960964989833494 0.12755946077822397 0.13826703874098928
13 0.2975958542213645 0.26886858457795454 0.12596873732661895 0.12559039837714098
13 0.4881633711774998 0.2781042065284952 0.10940457534423247 0.12002153652181247
13 0.5822114843420375 0.3514728782358912 0.14141743859768352 0.12903114307537222
13 0.5685491629096527 0.2632177905599228 0.12150689448133131 0.11707792974875188