13 0.3074390243902439 0.14526184538653367 0.08553658536585367 0.07693266832917706
13 0.3088048780487805 0.22810473815461346 0.09826829268292683 0.09655860349127182
13 0.46260975609756094 0.215785536159601 0.08097560975609756 0.0857356608478803
13 0.46885365853658534 0.11124688279301745 0.08546341463414633 0.09723192019950125
13 0.5402926829268293 0.13957605985037405 0.07526829268292683 0.0858354114713217
13 0.6035853658536585 0.14935162094763094 0.07385365853658536 0.07815461346633416
13 0.6569024390243902 0.1943142144638404 0.08339024390243902 0.08246882793017457
13 0.5379512195121952 0.25546134663341646 0.07197560975609757 0.08613466334164588
13 0.6078536585365854 0.2758104738154613 0.07865853658536585 0.08286783042394014
13 0.7148048780487805 0.31027431421446383 0.09114634146341463 0.09770573566084788
13 0.8059756097560975 0.36371571072319203 0.08990243902439024 0.09840399002493766
13 0.656390243902439 0.45204488778054863 0.093 0.09259351620947631
13 0.7426097560975611 0.5494513715710724 0.0861219512195122 0.07773067331670823
13 0.6579268292682927 0.6108728179551123 0.08541463414634147 0.08897755610972569
13 0.7310731707317073 0.6237655860349127 0.07726829268292683 0.0785785536159601