13 0.2736626746506986 0.2428998968008256 0.1187624750499002 0.11082559339525284
13 0.2722754491017964 0.15218782249742002 0.09201596806387226 0.07814241486068112
13 0.4308383233532934 0.11458204334365325 0.08548902195608782 0.09591331269349845
13 0.42612774451097807 0.2162435500515996 0.08205588822355289 0.08231166150670795
13 0.49855289421157684 0.13703818369453044 0.06677644710578842 0.07573787409700722
13 0.5073353293413174 0.2540866873065016 0.076187624750499 0.08982456140350878
13 0.5757784431137724 0.2658720330237358 0.06816367265469062 0.08859649122807017
13 0.5689620758483034 0.1434468524251806 0.0728243512974052 0.08235294117647059
13 0.6234131736526946 0.18243550051599589 0.0718063872255489 0.08137254901960783
13 0.6856686626746507 0.2960887512899897 0.09114770459081836 0.10254901960784314
13 0.6325848303393213 0.43775025799793604 0.10836327345309381 0.0976780185758514
13 0.7763473053892216 0.3463157894736842 0.09557884231536926 0.10074303405572756
13 0.7262175648702595 0.5314035087719298 0.09485029940119762 0.08353973168214654
13 0.6385229540918164 0.6035500515995872 0.09627744510978044 0.11628482972136224
13 0.7218962075848304 0.6152941176470589 0.08761477045908184 0.09885448916408669