13 0.39345150876148194 0.5349006250846429 0.08343081489447163 0.0772121645015938
13 0.3729360769762659 0.46326151646585917 0.08842859082609364 0.0798255739204233
13 0.6319282830381817 0.4283082100266497 0.09110664768499882 0.08744540994296923
13 0.5405633947367601 0.5954313098554388 0.06090498942355394 0.06418919585423548
13 0.5564789242382069 0.5484055890107481 0.07343526303122759 0.07198534566393507
13 0.6466180599004966 0.5985864416940415 0.0810394282645173 0.07969333858005798
13 0.6092743734447619 0.7154753522276667 0.0810394282645173 0.07969333858005798
13 0.6199017547025906 0.7860281483709779 0.08096776070727951 0.07716808605480545
13 0.8322392663223316 0.7569628374712535 0.05887194057978823 0.07929663255896229
13 0.8105998087793761 0.6891336468637427 0.06590276535517596 0.06680260527306497
13 0.883676734024415 0.7459361799876865 0.06322470849627078 0.05918276925051877
13 0.8831524059656869 0.6840454538956053 0.06308137338179522 0.05413226420001372
13 0.8841821090081247 0.6334963249437665 0.0682941519851303 0.06432143119460065
13 0.8292366330844381 0.3906689859692722 0.07857637407732518 0.07964926013326963
13 0.7915873233247336 0.32312630526588615 0.0785047065200874 0.07712400760801703
13 0.7091240204529713 0.2829142273432376 0.09089164501328577 0.07986965236721165