13 0.28963833311057896 0.8692372281673045 0.09634440755865578 0.08560633944073547
13 0.2888046103276839 0.7829195135918314 0.10967614027566072 0.10629986817541252
13 0.44902587003920497 0.7858333481459663 0.09155845379217913 0.09330830939016355
13 0.456685788426444 0.8940132959960969 0.09704987764939803 0.10622489614176639
13 0.5310645005562235 0.8600733035617729 0.08650794874167407 0.09327832057670504
13 0.5959434506375483 0.845515688458218 0.08371814493239316 0.08553136740708933
13 0.6506492451333645 0.7962317337519549 0.09399552255608871 0.09074598420926379
13 0.5263266616202797 0.7402804231605832 0.0840708799777642 0.0958406457576045
13 0.597871478060107 0.7153760436896893 0.0889450175055838 0.09071599539580529
13 0.7078682768274503 0.6734941707982691 0.10210038269990307 0.1062548849552249
13 0.8021123123907232 0.6123798646433726 0.10210038269990307 0.1062548849552249
13 0.6458873755434551 0.5295616256693783 0.10444926770247015 0.10111524018669642
13 0.7327921512111716 0.42468536694834336 0.09634440755865564 0.08560633944073547
13 0.6451739130755914 0.36593931787176837 0.09678532636536977 0.09849293737887979
13 0.7189794307566428 0.34875190275703205 0.088856833744241 0.08813867580817657