13 0.785180592248074 0.697897144208563 0.13285195420861692 0.14901593124835458
13 0.8792906966480546 0.6895859917654796 0.09564974305792029 0.11472711300326664
13 0.8945625495377407 0.50962572382789 0.11281588501943648 0.1106874739539224
13 0.7898082484292447 0.5254727865342744 0.09761682209964194 0.10364309353412525
13 0.8610217610809843 0.4370218733260339 0.0886951830491555 0.08561836962895328
13 0.7388097732842612 0.4396479960171746 0.1050658788618822 0.09825659777520422
13 0.7165366166569007 0.3645323306074493 0.10276023175043209 0.0892960738145014
13 0.8440895121450885 0.3592518385307604 0.09636995185788115 0.09359490282326165
13 0.7952058637464391 0.302975948779288 0.09527355631377762 0.09245539808121765
13 0.6682160246849966 0.24593451756815204 0.11937544894685165 0.11641091666008418
13 0.5299758598277888 0.3199722169478352 0.11863643080968332 0.13642954109398675
13 0.6030490494840975 0.15030730126194064 0.11946949563288702 0.12197884539059645
13 0.41905849417680413 0.2260274076793619 0.10109410210402446 0.11819746522128187
13 0.35727719967318855 0.3308456256715915 0.13567090741074972 0.12459480182192534
13 0.3331149283459798 0.23954408844946823 0.11608626231454046 0.11299240243395206