13 0.8152559177188552 0.539736948160743 0.10742453910731227 0.10989450701730606
13 0.8434235565744395 0.7654045009700463 0.10253974106384711 0.0876138193857489
13 0.8499116035243319 0.8257903628557692 0.08215979638052735 0.08222205423960385
13 0.7729370020830172 0.7575965546078484 0.08664133070640107 0.09015395599919658
13 0.7884656683995787 0.8366056019112114 0.07037067691733218 0.07944905950006173
13 0.7343738488410996 0.8439175630856759 0.08152798230306393 0.0976231847599707
13 0.6386387671634464 0.600662513412677 0.09572848050202287 0.11043277055590962
13 0.7439204071481895 0.5396038630032385 0.0925301862589525 0.11027854622297018
13 0.6113789201707348 0.4830599148008399 0.0832258944615508 0.08227346235058385
13 0.5676264702047125 0.5173246151992885 0.07930272528311126 0.0942091102598653
13 0.514124741477206 0.33728135188921954 0.10578866752076259 0.12745173494545683
13 0.4343535071162584 0.34004826012202183 0.10685476560178604 0.1275031430564367
13 0.46921652895957683 0.6145379748990281 0.12071404065509093 0.12817144849917475
13 0.4790278482929981 0.8310534441263095 0.10867675890414727 0.11656843168457744
13 0.4037185363300478 0.8031723156513179 0.10212506898816372 0.11074121922178878
13 0.34079503583689547 0.7235312365484242 0.11726758412427196 0.11918720209118011