13 0.42240068941297787 0.5860381437787705 0.09750875656189441 0.10668713938958087
13 0.49345970088000635 0.6180843971986595 0.10026117712002305 0.11223112034105213
13 0.5738773563115224 0.3395841105767127 0.10833274661432223 0.11793410144683235
13 0.3849015694914945 0.41494049724079435 0.07842750483508006 0.07880823447791514
13 0.43662400248408856 0.4051935244248079 0.08934434097755156 0.09551967740948372
13 0.3988860368865763 0.29834327819863293 0.1001219079849576 0.10403439902957673
13 0.27024484802211257 0.3226908352193106 0.1001219079849576 0.10403439902957673
13 0.19934831721266055 0.3002074233294763 0.09746233351687249 0.10395489895242233
13 0.26464414064605934 0.07136446503930853 0.0943849516435907 0.07928523494084169
13 0.33173700193347105 0.10489608879350826 0.08117992539320885 0.08435221542938656
13 0.28380175739132607 0.029090131658221337 0.07292266371882239 0.058180263316442674
13 0.35038396518349746 0.03352111152953088 0.06778920696273964 0.06704222305906175
13 0.40236172492371164 0.0383098417480353 0.08122634843823077 0.0766196834960706
13 0.646123865707776 0.12830196493518892 0.09741591047185057 0.10122265851526385
13 0.7108589023197447 0.17967265160807314 0.09475633600376547 0.10114315843810946
13 0.7391026650988717 0.2758721863556547 0.10030760016504484 0.11496336077821061