13 0.8029151145954438 0.667022466289317 0.09490050482967774 0.10852943768960134
13 0.8046646939040459 0.7552753922108983 0.09990050482967774 0.10867863806367531
13 0.5969314357350928 0.09799494992357613 0.11033696025325526 0.1282078080425927
13 0.3750497475851612 0.06411194353368986 0.11696404940609981 0.08997007014216536
13 0.4012901288995892 0.1755467687615389 0.2058461582474294 0.15347851258589765
13 0.48509363409904155 0.39614379335007177 0.08490050482967745 0.10823103694145313
13 0.3173160401165194 0.45849057321980097 0.09747324740027388 0.11180916608176644
13 0.3634740601747792 0.6843788514130347 0.1571555245181625 0.20967881653746445
13 0.4207520748486992 0.530534037485613 0.17128261367100706 0.17166487919814846
13 0.4802733870685424 0.8289853014164535 0.10570067310623671 0.14408424869415953
13 0.5911596742155609 0.8483306507652427 0.11577341567683305 0.14758777764743605
13 0.2678461296391387 0.819439157313177 0.1273737522299514 0.21839899890840486
13 0.3520957089477407 0.9101538894069804 0.0874732474002738 0.11151076533361849
13 0.24619228788656802 0.671257258006909 0.09261873254146642 0.1180702221179487
13 0.2151701342839289 0.5500578477896014 0.10548244539444789 0.1344688640787751
13 0.5439966344688162 0.721838647024502 0.11048244539444795 0.13461806445284907
13 0.7156274812359519 0.9306236012362544 0.12254598997087016 0.11576029615726541
13 0.8333323326478776 0.8699899458309125 0.1405551879650443 0.13871839490242183