13 0.37028436018957345 0.2471757925072046 0.0756872037914692 0.09593659942363113
13 0.5873696682464455 0.17974063400576368 0.10270142180094788 0.10755043227665706
13 0.5490284360189573 0.078328530259366 0.07661137440758294 0.09221902017291066
13 0.5787203791469194 0.4204034582132565 0.08784360189573459 0.11711815561959654
13 0.6566113744075829 0.3492219020172911 0.1159478672985782 0.09198847262247839
13 0.7690521327014218 0.4036311239193084 0.07838862559241706 0.09239193083573488
13 0.7348104265402843 0.5578674351585015 0.07239336492890995 0.0932564841498559
13 0.18002369668246446 0.17126801152737753 0.12635071090047392 0.19896253602305478
13 0.3031042654028436 0.1070893371757925 0.0714218009478673 0.09112391930835735
13 0.41476303317535546 0.040288184438040345 0.07625592417061611 0.08057636887608069
13 0.2111611374407583 0.5130835734870317 0.1284123222748815 0.12965417867435158
13 0.41341232227488156 0.5685590778097982 0.0583649289099526 0.0853314121037464
13 0.4733175355450237 0.5860806916426513 0.06516587677725119 0.0993371757925072
13 0.5119668246445498 0.5163976945244957 0.06755924170616114 0.0923342939481268
13 0.4733649289099526 0.8121037463976946 0.06741706161137441 0.0860806916426513
13 0.19781990521327014 0.6440345821325648 0.07279620853080568 0.08688760806916426
13 0.4150947867298578 0.6690201729106628 0.061516587677725124 0.08478386167146974
13 0.2815402843601896 0.684956772334294 0.08075829383886256 0.09146974063400576
13 0.2523222748815166 0.7446109510086455 0.0693127962085308 0.07994236311239193
13 0.32258293838862556 0.6312680115273775 0.06263033175355451 0.08939481268011527
13 0.3487677725118484 0.7201440922190201 0.06803317535545024 0.07461095100864554
13 0.3662796208530806 0.6643515850144093 0.052298578199052134 0.07806916426512968
13 0.30822274881516587 0.7820749279538904 0.07966824644549762 0.09916426512968299
13 0.5820142180094787 0.5980979827089337 0.06950236966824644 0.07867435158501442
13 0.657345971563981 0.5631412103746397 0.06559241706161137 0.08247838616714698
13 0.5636255924170616 0.75835734870317 0.10201421800947867 0.12095100864553314