13 0.7848234926023595 0.4626027301199671 0.18212633244363677 0.18037486941819217
13 0.8440071726357403 0.6989130214046098 0.1436118334929256 0.1622009883760833
13 0.5523875432468575 0.5864353545180567 0.12227874723443787 0.12792128790164556
13 0.5018209570177011 0.7639619358357562 0.1322184092317843 0.13465771633091667
13 0.330267128684952 0.8386041569832421 0.12000006238220953 0.12241263349261208
13 0.44807825951793484 0.6538855773142455 0.1687154783629128 0.22498437068288937
13 0.3232076473139229 0.7113047784842157 0.19543638234997998 0.19263904970171372
13 0.19158092270518357 0.4986838026101445 0.1554490653877356 0.1525642331399895
13 0.2979294547192717 0.5334643317535085 0.13463048431818 0.14782501406598952
13 0.20337880338418232 0.6045719992057651 0.1343065366066302 0.12922545170275102
13 0.2262190999886751 0.828392952060534 0.16295759655094794 0.1450392719304682
13 0.14329854676394507 0.733045870585629 0.11764515453902835 0.1125276114686992
13 0.3132769466360955 0.27889698968646015 0.20264002154938057 0.16760861803267374
13 0.12546466965609201 0.3784331916232885 0.12158721488017206 0.15087812043454676
13 0.18286330800375344 0.24727183409716705 0.1216253263756485 0.15306630424198658
13 0.6664978565804444 0.6768617911894013 0.2858270719652708 0.30687740884743103
13 0.428878460562969 0.8789888277617237 0.14660110644715776 0.14584690215593524