13 0.5585106382978723 0.878325507080733 0.10372340425531915 0.13489178772052332
13 0.3071808510638298 0.8657403192169839 0.1356382978723404 0.15604955863204922
13 0.3351063829787234 0.9624791752161818 0.09042553191489362 0.06962443693749507
13 0.3723404255319149 0.6113567896667252 0.12234042553191489 0.16497575623611738
13 0.2699468085106383 0.658798188637408 0.14627659574468085 0.1469731166778263
13 0.1595744680851064 0.5557888545576288 0.10638297872340426 0.13181622561906428
13 0.23138297872340424 0.40339383910856175 0.10106382978723404 0.1315157369187563
13 0.7513297872340425 0.952576389336112 0.17819148936170212 0.09484722132777594
13 0.6063829787234043 0.998108843457379 0.09042553191489362 0.0037823130852420064
13 0.7925531914893617 0.6560631389265456 0.1675531914893617 0.1933363618016393
13 0.5837765957446809 0.5168496026007446 0.0851063829787234 0.11771104501138054
13 0.523936170212766 0.4747594273029242 0.09308510638297872 0.13429081031990717
13 0.4654255319148936 0.5359701806317937 0.09574468085106383 0.1279894417668354
13 0.5731382978723404 0.23237765745819305 0.09042553191489362 0.12123734016330152
13 0.8351063829787234 0.5213702743354616 0.09840425531914894 0.12491387966537654
13 0.6050531914893617 0.40998704127294466 0.0851063829787234 0.11448523855976764
13 0.7526595744680851 0.44413205431939645 0.10904255319148937 0.13196646996921832
13 0.7992021276595744 0.39192262076967255 0.09308510638297872 0.11493597161022975
13 0.6968085106382979 0.4861382132887425 0.08776595744680851 0.12108709581314747
13 0.6888297872340425 0.3792358673350546 0.09042553191489362 0.1083341143568499
13 0.6569148936170213 0.4338845480364321 0.07446808510638298 0.10743264825592566
13 0.7460106382978723 0.3292403144117533 0.10904255319148937 0.13841808287244414
13 0.40691489361702127 0.41976157912195344 0.09308510638297872 0.11171016515861686
13 0.31648936170212766 0.42755649702316806 0.09042553191489362 0.11801153371168861
13 0.4627659574468085 0.255174774991317 0.13829787234042554 0.1723288352402675