13 0.6697830722568321 0.7406689009795253 0.09913664735198026 0.12082278896022594
13 0.4536469956660445 0.871867902601083 0.1276550715942816 0.1432978068171334
13 0.5111985447831459 0.950355366887268 0.09342660672616777 0.08008869480442442
13 0.41918534731584467 0.6147099675358911 0.11492407192724666 0.14927507142762994
13 0.3500599806819337 0.7130850121781599 0.14029655810783823 0.13107054220663664
13 0.22012523542736404 0.6845896396121443 0.09913664735198018 0.12082278896022594
13 0.22792003396312824 0.5124964513005416 0.09652778821113861 0.11764324188232518
13 0.8869420612676281 0.7704346728969178 0.17015767965231018 0.24729556006354425
13 0.7678614512104562 0.8729983855582498 0.0939636856470362 0.11758869480442442
13 0.6586344422190434 0.947218909907979 0.0878508358305724 0.048729600648623264
13 0.7908141704937388 0.4161210941623919 0.16139121411826596 0.17213191882984216
13 0.5663209264045473 0.4115189634787014 0.07844480053220355 0.10788641233702041
13 0.4996095031611417 0.40981218750411913 0.08892499367230894 0.12372960064862308
13 0.4713307512459157 0.494814478899977 0.09139958308293349 0.11753414772652385
13 0.45641965700864745 0.17003266721157967 0.08618186480125033 0.11117505357072247
13 0.779781008989385 0.27256200893504434 0.09387417249355802 0.11133869480442452
13 0.545590811853021 0.3072405665629565 0.08096414651956704 0.10481595941492108
13 0.6833362450867351 0.25429502435631984 0.10170074991608252 0.12087733603812652
13 0.7041017156166096 0.18195637419416405 0.08865645421187474 0.10497960064862313
13 0.6509427998649212 0.3206291363690287 0.0810536596730452 0.11106595941492108
13 0.6073819234085365 0.23402916315438987 0.08600283849429428 0.09867505357072241
13 0.598043022975276 0.29830985146599265 0.07061822310967891 0.09834777110331831
13 0.6383366693297124 0.15678482468063137 0.10435436563366325 0.12718188311602718
13 0.38188456809611887 0.4279463530875504 0.0886116976351358 0.10185460064862309
13 0.3083088338300773 0.48421571834667015 0.08613710822451125 0.10805005357072232
13 0.37168589210642605 0.2531099943212524 0.1303982004653402 0.15585235389503396