13 0.7412713237094442 0.3904850817860534 0.1756858046776813 0.17193735996526732
13 0.8114007744832604 0.6227196071497774 0.13837509422444474 0.15625585035965844
13 0.5153840342952895 0.5248918257524613 0.11802560182333341 0.12225862926767206
13 0.47321678743446804 0.7028953789893 0.12687304916043493 0.12889598049616086
13 0.30612725578412975 0.785432067581131 0.11572519281053148 0.11678665529497265
13 0.41482654321582074 0.5968513909656276 0.1593823656660388 0.2185755115387908
13 0.29275761444635207 0.6592605434003427 0.18900757407106303 0.1840720360454733
13 0.15189963777067594 0.45453203704397804 0.15007862402492766 0.1455020340068915
13 0.2593434342555068 0.48377192013747056 0.12935055253028993 0.14199322680001497
13 0.16903613255096572 0.5588790425315123 0.1300074227563286 0.12348738372100532
13 0.20194387445729403 0.7795682997521899 0.15857188264792282 0.1368888405730709
13 0.1149385719593231 0.6891044178180559 0.11332358702227063 0.10695738284732745
13 0.2630515837855795 0.23052929716027895 0.19709604559222235 0.15802964871187045
13 0.08070625763287412 0.3382915704164157 0.11638297185101461 0.1451090953821185
13 0.13160619664396117 0.2053809099015576 0.11537191291086969 0.14836439379881888
13 0.6335067432290815 0.6090031722575442 0.2741461891097105 0.2939678313217809
13 0.40582321105053065 0.8207519641542352 0.14123117668782617 0.1388646827784027