13 0.7596719681908549 0.39435765673175743 0.147882703777336 0.15456320657759506
13 0.6498707753479125 0.5364439876670093 0.15398608349900597 0.15715313463514902
13 0.8206361829025844 0.7598150051387461 0.1348807157057654 0.12195272353545734
13 0.7231312127236581 0.8363309352517986 0.14596421471172963 0.1227749229188078
13 0.5886580516898609 0.871644398766701 0.1272465208747515 0.1224049331963001
13 0.34285288270377734 0.6936793422404933 0.22691848906560635 0.1520246659815005
13 0.3468290258449304 0.41171634121274414 0.12201789264413519 0.12079136690647482
13 0.3663021868787276 0.5171120246659815 0.1260934393638171 0.11994861253854058
13 0.22486083499005965 0.4903699897225077 0.12341948310139164 0.12336073997944502
13 0.4827335984095427 0.2670606372045221 0.1313121272365805 0.13840698869475845
13 0.36232604373757454 0.23789311408016445 0.1309244532803181 0.13553956834532374
13 0.2535685884691849 0.30580678314491266 0.07922465208747516 0.09921891058581707