13 0.7325298233301829 0.6554227262550715 0.15835535464451986 0.16568076938120715
13 0.6245591113944612 0.5036369974524333 0.16462307775383717 0.1691250170090059
13 0.8084351559164892 0.28016363174361847 0.143896890728458 0.13220974028530766
13 0.710490183973096 0.19683752346197064 0.1551905252253779 0.1326855530806458
13 0.5725921410190092 0.15488295667855492 0.13568333836706145 0.13186369461597092
13 0.31279615218731277 0.3278506013086936 0.23939247832112806 0.16697482811537748
13 0.30706129466628124 0.6194248980287123 0.13051401519509873 0.1305858449473699
13 0.330756755521419 0.511457344008018 0.13458493842970687 0.1296972966567729
13 0.18352067748570497 0.5328942547798561 0.1316124151324535 0.1327522429065678
13 0.44216769290694796 0.7744800453615595 0.14036376168520118 0.14902185545488555
13 0.31691590447726137 0.7995008816829038 0.14025620284693097 0.14583714207908938
13 0.2068592009725954 0.7247006873163401 0.08561325938470175 0.1064328558441113