13 0.3195093457943925 0.12071856287425149 0.06488317757009346 0.10005988023952096
13 0.2566355140186916 0.13134730538922154 0.0641588785046729 0.10452095808383233
13 0.7597429906542057 0.28949101796407184 0.07752336448598131 0.11452095808383234
13 0.8403738317757009 0.5460778443113772 0.09476635514018693 0.12961077844311378
13 0.7311915887850468 0.5304191616766467 0.07705607476635513 0.22778443113772454
13 0.5607242990654205 0.46074850299401193 0.0655841121495327 0.08679640718562874
13 0.5386915887850467 0.6669760479041916 0.06880841121495326 0.09877245508982037
13 0.36866822429906543 0.6442215568862275 0.130607476635514 0.15601796407185628
13 0.4729672897196262 0.5560479041916168 0.09757009345794392 0.18317365269461078
13 0.24925233644859815 0.5249101796407185 0.0913785046728972 0.10404191616766467
13 0.22021028037383178 0.39652694610778444 0.09011682242990654 0.11655688622754491
13 0.2867289719626168 0.7749700598802395 0.1435747663551402 0.11604790419161676
13 0.2096495327102804 0.6893712574850299 0.06735981308411215 0.08631736526946107
13 0.3955607476635514 0.7818862275449101 0.07301401869158879 0.09293413173652694
13 0.48672897196261683 0.8010479041916168 0.08238317757009345 0.10434131736526947
13 0.3174299065420561 0.43619760479041914 0.08219626168224299 0.11176646706586826
13 0.1379906542056075 0.26050898203592815 0.0733644859813084 0.13191616766467065
13 0.16922897196261683 0.11311377245508983 0.0791588785046729 0.14880239520958086