13 0.23002860350156265 0.14755647194875388 0.08602883340884362 0.12639558476162524
13 0.16287036309382225 0.17488523750875085 0.08614764909391442 0.12966355861783438
13 0.7214809078181834 0.20910186678238138 0.10192903428317698 0.1437630575580247
13 0.8292631839454951 0.4642954685895059 0.12560111206707114 0.1649123059683103
13 0.7105219192808325 0.4755273696897066 0.1191991323566836 0.2688024003567672
13 0.5194050745278909 0.4476083740552935 0.08555357066856051 0.11332368933678855
13 0.511147384415471 0.6747325570618294 0.08857985381700696 0.1265668520141841
13 0.3246258554068757 0.6954050011391563 0.16772441113346218 0.20360029442755426
13 0.43088462855341925 0.5725412391413732 0.1353928556228353 0.22424963713775192
13 0.18429530426791643 0.6005064375100446 0.11444650495385186 0.13808344610840123
13 0.14324838000887996 0.46960231995153073 0.11747278810229832 0.1513266087857968
13 0.2448837028442078 0.8588684834895098 0.17395168413710255 0.16489840991072116
13 0.1546824422304829 0.7850543787307878 0.08810459107672378 0.11349495658934751
13 0.3653757404532352 0.8344790533381932 0.0934442632631919 0.12037343880688374
13 0.46602223089061345 0.8309819707183235 0.10679344372936206 0.13756964435072433
13 0.25338605796848646 0.4850280114586801 0.10703107509950366 0.14410559206314263
13 0.04672731233486844 0.34590532305808197 0.09345462466973688 0.16319963344272062
13 0.06599099542615357 0.17975940617788672 0.11100788372851642 0.18349254559021141