13 0.24721603563474387 0.5319443197908414 0.19265033407572382 0.2011568788014888
13 0.39476614699331847 0.3977728973195215 0.19933184855233854 0.20579470291512755
13 0.24832962138084633 0.11643376557223338 0.17260579064587972 0.16310547542608975
13 0.37026726057906456 0.0683154349564858 0.18374164810690424 0.13328728956184785
13 0.5228285077951003 0.06290973689223395 0.15924276169265034 0.12049649386547887
13 0.7628062360801782 0.28848875105805105 0.27839643652561247 0.2143154683364815
13 0.705456570155902 0.5984891898680922 0.15812917594654788 0.1595702664748915
13 0.7037861915367484 0.4783642165983032 0.16146993318485522 0.15844090266964198
13 0.8552338530066815 0.5373196474653031 0.15924276169265034 0.1618758042103066
13 0.5289532293986637 0.7290384702990849 0.17037861915367483 0.1803334804150303
13 0.655902004454343 0.7861226456996008 0.17037861915367483 0.17688520455296108
13 0.7889755011135857 0.7340481981851286 0.10690423162583519 0.1259293237492549