13 0.7500804828973844 0.39670362903225803 0.14093561368209256 0.13900201612903224
13 0.8490543259557345 0.6003729838709678 0.10806841046277667 0.1291633064516129
13 0.5621830985915492 0.5457862903225806 0.09373239436619718 0.09975806451612902
13 0.5509859154929577 0.7137701612903226 0.10194164989939637 0.10443548387096774
13 0.40943661971830986 0.8091129032258064 0.0923138832997988 0.09471774193548387
13 0.48079476861167003 0.6232862903225806 0.11870221327967806 0.1852318548387097
13 0.3782193158953722 0.6948689516129032 0.15233400402414485 0.14842741935483872
13 0.21830985915492956 0.5247883064516129 0.1202917505030181 0.11705645161290323
13 0.32163983903420523 0.5388911290322581 0.10163983903420523 0.11663306451612904
13 0.24924547283702214 0.6180745967741935 0.10459758551307848 0.09923387096774193
13 0.3127464788732394 0.81625 0.12962776659959757 0.10778225806451613
13 0.21921529175050303 0.7432459677419354 0.09146881287726358 0.08567540322580644
13 0.2865291750503018 0.30689516129032257 0.16370221327967807 0.1224092741935484
13 0.13520120724346074 0.42676411290322586 0.08878269617706237 0.12193548387096774
13 0.16224346076458754 0.29952620967741933 0.08776659959758551 0.12460685483870967
13 0.6835412474849095 0.6088608870967742 0.21673038229376257 0.24132056451612902
13 0.5066398390342053 0.8292338709677419 0.1136317907444668 0.11210685483870968