13 0.7403329028443688 0.6660558553294564 0.08965149416729802 0.08067877933760009
13 0.5997514534025624 0.7614384946109337 0.05616977927783034 0.05431372206454074
13 0.5621410215252416 0.839574708197782 0.07237406189390136 0.08299795909239786
13 0.4828000988704919 0.8198837513551817 0.06055556272293 0.05561160952927484
13 0.692006489837768 0.5238155321697258 0.06224983697496041 0.07283522302635964
13 0.7493374087360747 0.5192569575048755 0.056321608710403155 0.05860556755810297
13 0.6499775120098514 0.46520768339186824 0.04623534114960535 0.049515792865455675
13 0.6028553677965282 0.3966620246393163 0.045072469911579684 0.047313638595838675
13 0.7420410069988025 0.4484719038422711 0.05170808111644414 0.050869911853025654
13 0.798474756166086 0.4384922907876323 0.051783995832730675 0.05301583459980677
13 0.8290389262931849 0.5287547813002657 0.05857143647016795 0.06086395335055598
13 0.8261524354567521 0.6565215320179959 0.054893035965375 0.04889268367475219
13 0.8306227456299048 0.761020521658149 0.057522437306571965 0.061880683201110655
13 0.7111127326582662 0.799447298426164 0.09925812293664797 0.10687970448166031
13 0.38663208346339584 0.5832623491972719 0.05958247827562055 0.05877426212661075
13 0.18768105958900239 0.7433456315763065 0.058571436470167826 0.0608639533505561
13 0.14964794799543785 0.6333480999213739 0.12026571993739396 0.14866440408154769
13 0.14851098190668022 0.45001456509843263 0.06824017309139038 0.05815115293590726
13 0.18224115124162774 0.3738274639284398 0.11691512879147636 0.1152901384607686
13 0.24867490962410718 0.296644905010047 0.1138681965107044 0.09049956382711401
13 0.38776736401058326 0.47421619099104056 0.0483333394767972 0.04748233316434633