13 0.8219308856513857 0.37066694646728254 0.0907793017771886 0.07509384546155096
13 0.6797687763147928 0.2449932394080347 0.05666194921710036 0.05159396290361769
13 0.647799884201054 0.1548262452361903 0.07100675312475803 0.08080607960282575
13 0.559740957597085 0.1634933049516001 0.060254609297934844 0.05277980613139491
13 0.75501119808729 0.5150301333707613 0.061133397006383004 0.07142782477941348
13 0.8164563451758761 0.5298324431198705 0.05688164614421241 0.056255967565622345
13 0.704019362951165 0.5718654611754215 0.045829044742818514 0.0468709320547848
13 0.6463639878552616 0.6374827318458925 0.04453995099624336 0.04453314903635718
13 0.8016931941228758 0.6045296183670383 0.05178019538969073 0.04807033665741292
13 0.8615891702140454 0.6240041038092902 0.05189004385324675 0.05040133898841525
13 0.9038578066987172 0.5322444251641472 0.059349985173805894 0.05860053127147538
13 0.9132965586696673 0.3946237483547673 0.05520808277519131 0.04575967638868644
13 0.9292502475133183 0.282613584092999 0.05822566412256517 0.0597592517495512
13 0.8037252159110108 0.22212996439642488 0.09917295503797378 0.10310655755813103
13 0.43179455748357176 0.4020556638300299 0.06041938199326874 0.056276309627898334
13 0.2334486474076239 0.19801236868988167 0.059349985173805894 0.05860053127147538
13 0.18093835479038786 0.310232734261836 0.1177145855760243 0.14632503030562918
13 0.16130157841101955 0.5067858074907036 0.06974349579386373 0.05399955279629881
13 0.18959542409625676 0.5940593908110712 0.11713625544214698 0.10903577369701732
13 0.253596173662728 0.6881225605016852 0.11705224339427175 0.0822360275779158
13 0.422011716213905 0.5198594304821772 0.04807768684529996 0.04455349109863317