13 0.30059308033264687 0.5931841451635058 0.052464804534026056 0.05335800434766828
13 0.2659776880785688 0.5257426229519416 0.03937073644871338 0.04389018467668028
13 0.23741327956669284 0.4713057098299931 0.039377060176768765 0.04499637936694577
13 0.14355948158161944 0.5912702119055968 0.051466380205062334 0.06879320816564605
13 0.23754047883158788 0.6836435685152279 0.057969148151330974 0.06578375516928182
13 0.5586317894925871 0.6806160615416215 0.04481816651351986 0.04636018328590458
13 0.5062948096242281 0.17440013614458313 0.04263792974198615 0.045150944904161765
13 0.7326899163642281 0.6191950522959505 0.06674068506190847 0.07947026621837698
13 0.6281365691154716 0.578297627671411 0.05788693968661095 0.051403224195830495
13 0.6150302159259419 0.6617244010598547 0.06466162793926099 0.0959601428808817
13 0.25424322152516415 0.7541066616880334 0.036128838067662136 0.04705420321026075
13 0.198824248236607 0.7542445342810256 0.06665215286913324 0.06398354055466016
13 0.5249112047583462 0.7697010880026235 0.06772646193476162 0.06182267301986773
13 0.45470132945728603 0.7486788139082322 0.03171777470015167 0.035786168924651224
13 0.39516534615579396 0.7889867053129599 0.03284267359022321 0.04247485891198269
13 0.3335092014992943 0.8385942078934667 0.030630818178412542 0.03573464707891269
13 0.5660820295914827 0.5582148647651923 0.03499761544953527 0.039259318532663554
13 0.5866720532796532 0.8334527802514596 0.03169880351598571 0.032467584853854765