13 0.4146509129967777 0.772492046659597 0.06643394199785177 0.07585365853658536
13 0.293984962406015 0.6543796394485685 0.04485499462943072 0.04728525980911984
13 0.21020408163265306 0.6320784729586426 0.07193340494092373 0.05849416755037115
13 0.21402792696025777 0.5523753976670202 0.046004296455424275 0.05094379639448568
13 0.5448657357679914 0.7022163308589608 0.06315789473684211 0.04997879109225875
13 0.5607733619763695 0.7561611876988334 0.049645542427497316 0.0467762460233298
13 0.5948657357679915 0.6514316012725344 0.04221267454350161 0.038685047720042415
13 0.6535016111707841 0.595015906680806 0.03926960257787326 0.03732767762460234
13 0.6286788399570354 0.7372746553552492 0.04245972073039742 0.04312831389183457
13 0.649344790547798 0.7895334040296924 0.0455531686358754 0.04334040296924708
13 0.5658539205155746 0.8338069989395546 0.05158968850698174 0.04916224814422057
13 0.4398818474758324 0.8532343584305409 0.04006444683136412 0.04667020148462354
13 0.33756176154672396 0.8751749734888653 0.05219119226638024 0.047380699893955464
13 0.2777551020408163 0.7672004241781548 0.09104189044038669 0.08138918345705196
13 0.4290332975295381 0.4197667020148462 0.04933404940923738 0.050084835630965004
13 0.23438238453276047 0.2563838812301167 0.05165413533834587 0.04881230116648993
13 0.3348764769065521 0.2016118769883351 0.1305907626208378 0.09572640509013786
13 0.5155853920515574 0.1691834570519618 0.04758324382384532 0.05783669141039236
13 0.5964876476906552 0.1881336161187699 0.09646616541353384 0.09753976670201485
13 0.6855531686358755 0.23849416755037117 0.07240601503759399 0.09935312831389183
13 0.5371858216970999 0.4024284199363733 0.03979591836734694 0.04022269353128314