13 0.6620726198019459 0.5450588872524407 0.05460138028428039 0.053317115012587415
13 0.6973145192660275 0.4762993692351077 0.040974069607258204 0.04402009432395675
13 0.7264103837106816 0.42082556327302834 0.04098065086270039 0.04517216805667565
13 0.8255670645406957 0.549850734709027 0.053562296141015035 0.06943944470174537
13 0.728805206475052 0.6420170173861494 0.06032988269143055 0.06602343891702832
13 0.39442059766070725 0.6249884099081969 0.0466433407154279 0.046357754633927606
13 0.44289342404205323 0.09991385776948901 0.044374316021071565 0.04519227576339546
13 0.21244489259499433 0.5534835270564208 0.06945863151239355 0.07990194426090817
13 0.3208282868609943 0.5153976841280202 0.06024432637068108 0.05104648039168269
13 0.3354687337678185 0.6028715057033233 0.06729490690511337 0.09716964511387834
13 0.7122514997760591 0.7146982010810391 0.037600148215213985 0.047456207815393496
13 0.7699602606069723 0.7172365543985982 0.06936649393620202 0.06377291200284353
13 0.4305937447698682 0.7192473250705873 0.0704845531447744 0.06147546710631256
13 0.5034522455877695 0.7003818296526073 0.033009448782963406 0.035908660212578054
13 0.5659261091201532 0.7449440639387795 0.03418015803507393 0.042827805177797974
13 0.6307183567627103 0.7992855198152491 0.031878227063506265 0.035901957643671496
13 0.38520591541068905 0.4971584948431994 0.03642285770766114 0.03938498911745468
13 0.3670416866698711 0.7829900755133512 0.03298970501663659 0.03245243901442137