13 0.6892118730808597 0.5816979166666666 0.04921187308085977 0.047802083333333335
13 0.7217093142272262 0.5197708333333334 0.03707267144319345 0.039177083333333335
13 0.7480348004094166 0.4696354166666667 0.03721596724667349 0.04077083333333333
13 0.8372057318321392 0.58675 0.04817809621289662 0.06291666666666666
13 0.7492118730808598 0.6699895833333334 0.05435005117707267 0.05905208333333333
13 0.4465711361310133 0.6528125 0.04168884339815762 0.042124999999999996
13 0.4935209825997953 0.17814583333333334 0.03975435005117708 0.04097916666666667
13 0.28274309109518936 0.5868020833333334 0.06241555783009212 0.07209375
13 0.38101330603889455 0.5531458333333333 0.05402251791197544 0.04615625
13 0.3937154554759468 0.63228125 0.06077789150460594 0.08720833333333333
13 0.7340122824974411 0.7352500000000001 0.03336745138178096 0.04319791666666666
13 0.785957011258956 0.7378541666666667 0.0626100307062436 0.05702083333333333
13 0.4788229273285568 0.7378958333333333 0.06330603889457523 0.055385416666666666
13 0.5448822927328557 0.7211875 0.029447287615148414 0.032322916666666666
13 0.6012384851586489 0.76196875 0.03036847492323439 0.038031249999999996
13 0.6598055271238485 0.8114375 0.02893551688843398 0.031822916666666666
13 0.4389457523029683 0.5367291666666667 0.032691914022517914 0.03573958333333334
13 0.42119754350051175 0.79534375 0.029375639713408393 0.028927083333333332