13 0.408736475859699 0.1727363846316424 0.06073845699428531 0.06150773453512804
13 0.4397626824577425 0.2081130306131865 0.0452172579755326 0.05038876189053487
13 0.6823399083450326 0.771891498468029 0.04257159543746684 0.03964282806951235
13 0.4154826449735289 0.8073632019819528 0.05814276843534791 0.05183017678248171
13 0.7522250031805738 0.6866463411638958 0.04042567269068572 0.03958065493225052
13 0.6927843904657572 0.7433152968227005 0.03875302356775328 0.02672905554310678
13 0.8255186033248264 0.5628930155452776 0.04716328480579976 0.04617743075429243
13 0.8171481208550628 0.35241721370772927 0.031492163849661706 0.031853329904570946
13 0.6393187856467962 0.23700652121711627 0.03822977596477599 0.03845010572661274
13 0.6367642755168849 0.18853529966484417 0.04354460885260017 0.037537162501391136
13 0.5808453491527547 0.19282274140459077 0.03261509920218063 0.03295279254157793
13 0.5609573436717471 0.20566862442627165 0.025927461066194955 0.027424392787912266