13 0.2638719512195122 0.5181960375391033 0.061717479674796745 0.07750782064650677
13 0.5911483739837399 0.7594160583941606 0.04044715447154471 0.0386548488008342
13 0.5541361788617886 0.7266423357664233 0.039369918699187 0.047956204379562044
13 0.3853760162601626 0.661689259645464 0.030853658536585366 0.03260688216892597
13 0.43104674796747966 0.6825443169968717 0.053465447154471546 0.07078206465067778
13 0.37614837398373985 0.619155370177268 0.034725609756097564 0.04072992700729927
13 0.3516361788617886 0.5161105318039625 0.02738821138211382 0.04237747653806048
13 0.37620934959349595 0.582575599582899 0.030396341463414633 0.027153284671532846
13 0.38429878048780486 0.5577059436913452 0.024247967479674795 0.027799791449426486
13 0.3761788617886179 0.5248070907194995 0.025538617886178862 0.03227320125130344
13 0.3537093495934959 0.4528362877997914 0.03153455284552845 0.03650677789363921
13 0.3465955284552846 0.40880083420229407 0.030721544715447156 0.03855057351407716
13 0.37822154471544717 0.3451824817518248 0.04928861788617886 0.045745568300312824
13 0.7107723577235772 0.2951199165797706 0.03591463414634147 0.047966631908237745
13 0.6823373983739837 0.3097288842544317 0.018871951219512195 0.023712200208550572
13 0.6891666666666667 0.34588112617309696 0.019715447154471544 0.023722627737226276
13 0.7492073170731708 0.360177267987487 0.026067073170731706 0.03142857142857143
13 0.8617682926829269 0.3773096976016684 0.04425813008130081 0.04889468196037539
13 0.6415142276422764 0.2264337851929093 0.06378048780487805 0.04502606882168926
13 0.6727743902439024 0.2642857142857143 0.032997967479674796 0.029071949947862354
13 0.5547154471544716 0.2099791449426486 0.02565040650406504 0.035026068821689266
13 0.3976930894308943 0.2763607924921793 0.0413719512195122 0.04259645464025026
13 0.7175711382113822 0.36573514077163716 0.028130081300813008 0.028706986444212722
13 0.7488414634146342 0.38899895724713246 0.021971544715447155 0.020552659019812305
13 0.8456199186991871 0.42280500521376435 0.02755081300813008 0.05940563086548488
13 0.8742987804878048 0.5444942648592284 0.034552845528455285 0.03125130344108446
13 0.8613211382113821 0.49225234619395203 0.06553861788617886 0.050583941605839414
13 0.8798983739837399 0.5986444212721586 0.03095528455284553 0.03428571428571429
13 0.4825609756097561 0.6730344108446299 0.03385162601626016 0.03361835245046924
13 0.8296138211382114 0.7144212721584984 0.034308943089430895 0.03800834202294057
13 0.7262296747967479 0.410177267987487 0.02782520325203252 0.05086548488008342
13 0.8094410569105691 0.39909280500521377 0.03389227642276423 0.035036496350364967
13 0.3866260162601626 0.3948800834202294 0.04911585365853658 0.048717413972888424
13 0.5564227642276423 0.6771637122002085 0.10485772357723577 0.03355578727841502
13 0.4166565040650407 0.607643378519291 0.026178861788617887 0.027747653806047965