13 0.7090861243532284 0.4869509082238605 0.0735663450459097 0.0875575600500689
13 0.38837071126967637 0.20064140069830033 0.046512802941315344 0.0450587530165765
13 0.42394258739024804 0.23890851597214924 0.04679499394793886 0.05501450522896588
13 0.5956525226384698 0.3238852781247014 0.03551745897830937 0.03712230318329973
13 0.5494986774331744 0.2976028717924255 0.06475752805298836 0.08076592230734135
13 0.6008325030718974 0.36935511262643733 0.04115622646312412 0.04606840420613287
13 0.6160003356818428 0.48085592690053 0.03367583212743131 0.04814563268567088
13 0.5970254508063076 0.40857675238050756 0.035360686196851725 0.0315913297319723
13 0.5860829043242316 0.4332827002601336 0.028926523511763946 0.03258167222138687
13 0.5915450757642828 0.4687967825494801 0.030129527943826367 0.03702575968259049
13 0.6076535450629732 0.5471117561156081 0.036720463410371794 0.04156639064450348
13 0.6106156439700247 0.5947553625975913 0.03678317252295485 0.04377878002503445
13 0.5710658851855923 0.6587919474731583 0.05643056069742477 0.05297589414971121
13 0.21467857300244267 0.6800749436829903 0.04245329456406113 0.05383107573813295
13 0.24576603457449242 0.6673509053538466 0.023381819695823668 0.026954155269350324
13 0.2425374219389631 0.6291099537391202 0.023381819695823668 0.026954155269350324
13 0.18061748123035593 0.6075254473609821 0.031175759594431574 0.03593887369246693
13 0.06337430092617961 0.5788624721290798 0.052214279538713146 0.056217243419940485
13 0.28087912364367684 0.7598408691508464 0.07259435380087317 0.053265524651838814
13 0.2513907444424938 0.71614897827645 0.03757856772322789 0.033842336512786994
13 0.3701991262374173 0.7846832341082645 0.030223591612700954 0.040344343753387205
13 0.543181447339273 0.7296780961918781 0.048793393580274444 0.04952214917792204
13 0.21463983313832607 0.6053681846897863 0.03326822289564168 0.0337651017122198
13 0.1836349039421654 0.577143710778965 0.025442928440742304 0.023674188598837458
13 0.08518100749960303 0.5322160630954914 0.03525509123499187 0.06586405643006059
13 0.0673291210040695 0.4012989156413273 0.039796449249604 0.03609334329360157
13 0.07596710759872004 0.4578982774962146 0.07386006734551871 0.05992200149357366
13 0.06682006279558036 0.3431850770021056 0.03558016809089231 0.03933469256383071
13 0.49384621499654446 0.3021394471864484 0.03878157215529056 0.03828642397399074
13 0.13159741411187476 0.225922841051783 0.03998457658735304 0.04273051143519448
13 0.21007703219907548 0.5571425178124576 0.033926668577763296 0.056995190207794776
13 0.12101939734865244 0.5610805235020837 0.03884428126787349 0.04049881335452159
13 0.5666441797496534 0.6055884044896347 0.056524624366299354 0.05629447822050768
13 0.41654219910661633 0.290793468563847 0.11436937941950658 0.045169006435246434
13 0.5569237479641094 0.3779757651379497 0.03108169592555705 0.03262028962167047