13 0.7533506138015338 0.5160237539076045 0.08421806605095276 0.09825880958231509
13 0.4456000605290786 0.19461684736988877 0.05288525768315989 0.051126057870482085
13 0.47880612681601975 0.23673023745032182 0.05306296762021181 0.06156689313730343
13 0.6500960777481423 0.33758741317143537 0.04030359992920367 0.04270839216060845
13 0.6042589898358414 0.30679192081943746 0.07389885173591018 0.08989514679205982
13 0.6515390809217609 0.3856772617599376 0.046117672914979105 0.05212414191905135
13 0.6568878489192563 0.5032511722247738 0.03935008814679845 0.05312222596762062
13 0.6434950455456439 0.42645601950855827 0.03907365046693979 0.0368809266636763
13 0.6300614664778195 0.4517085316559933 0.03228632015019771 0.03671891790482084
13 0.6316821795884902 0.4893575449776741 0.034627745783356915 0.0414132920541377
13 0.6415727172866444 0.5726142125141526 0.042645025562362875 0.047402766309925314
13 0.6401580478387787 0.6225117039633147 0.041553294940028455 0.04969595046496545
13 0.5921362140847201 0.6868573225500382 0.06324396309532493 0.06180990627558669
13 0.21845501851550966 0.684760423346455 0.04851833519382252 0.06029879449064213
13 0.25256938003627205 0.6735095442853567 0.026531483810105904 0.03078344656865198
13 0.2526948633761902 0.6329197967554007 0.026531483810105966 0.030783446568651715
13 0.1903859511117979 0.6065761503966227 0.0357392219542527 0.04028020070652242
13 0.07061180496355324 0.5682685112027326 0.05875856731461963 0.06402208605119877
13 0.28028302756587986 0.7725754877688319 0.08023203443574156 0.0633750209801496
13 0.2533875357044783 0.7250931720260375 0.04137558500297647 0.039255115198144105
13 0.371319620385058 0.8051911537470221 0.03581820414849795 0.044920571936220795
13 0.5564097276304785 0.7596066211345445 0.05409546159686221 0.055793430559989775
13 0.22544395164068462 0.6063191515462489 0.036830952576587056 0.037987016551482275
13 0.19600957866051044 0.5751321380270171 0.02875443615189734 0.028517263873421017
13 0.09741972645351782 0.5212437653301365 0.04192846036269375 0.07173771380603247
13 0.0913050293849501 0.3822351393877545 0.04480874125847017 0.041656305192420695
13 0.09481302051186953 0.44187191313088414 0.08261295116602359 0.07038958074431566
13 0.0962910739282389 0.3218158082923433 0.0403430910263261 0.045028577775457636
13 0.5460010712838052 0.30818249599961284 0.043717010636135874 0.04394948934746071
13 0.1751985784817297 0.20339038187914393 0.04605843626929515 0.048643863496777566
13 0.22574714491765474 0.5552885687494713 0.04063927425474608 0.062429969886826545
13 0.13192485162268727 0.5534693650876513 0.043756501733258464 0.04626967496231003
13 0.5930840004156639 0.6311728677936577 0.0633031997410092 0.06529018469786048
13 0.46601013075361913 0.29095806832356236 0.12200825586140575 0.059733703763392716
13 0.6045045245957689 0.3920182399754313 0.034548763589111735 0.03677292082443932