13 0.7255323383084576 0.25385641025641026 0.034796019900497514 0.03476923076923077
13 0.7728855721393035 0.3251282051282051 0.025512437810945275 0.02594871794871795
13 0.6113532338308457 0.24215384615384614 0.040447761194029846 0.03500512820512821
13 0.6517213930348259 0.22506666666666666 0.03941293532338309 0.04024615384615385
13 0.6886069651741293 0.23385641025641024 0.035990049751243786 0.03576410256410256
13 0.5487661691542288 0.25745641025641025 0.01715422885572139 0.01842051282051282
13 0.5382487562189056 0.27831794871794874 0.015004975124378109 0.016564102564102564
13 0.5935621890547264 0.27895384615384616 0.02672636815920398 0.021733333333333334
13 0.6111243781094526 0.27132307692307694 0.017293532338308458 0.018912820512820516
13 0.662865671641791 0.28933333333333333 0.018865671641791044 0.026923076923076925
13 0.6806467661691542 0.29813333333333336 0.017293532338308458 0.018061538461538462
13 0.5092935323383084 0.25077948717948717 0.015970149253731344 0.017507692307692307
13 0.49581094527363184 0.25987692307692306 0.0169452736318408 0.015476923076923077
13 0.4739800995024876 0.27011282051282054 0.015562189054726368 0.01649230769230769
13 0.4896915422885572 0.2796512820512821 0.018696517412935324 0.016123076923076924
13 0.5418706467661691 0.3065846153846154 0.08566169154228856 0.03651282051282052
13 0.2599800995024875 0.5093333333333333 0.06270646766169155 0.11872820512820513
13 0.14150248756218906 0.5003076923076923 0.02898507462686567 0.03452307692307692
13 0.1441492537313433 0.464174358974359 0.02624875621890547 0.029794871794871794
13 0.20559203980099502 0.395548717948718 0.02254726368159204 0.024082051282051282
13 0.1362686567164179 0.39597948717948717 0.0265273631840796 0.02845128205128205
13 0.1062587064676617 0.37135384615384615 0.023990049751243782 0.026061538461538462
13 0.11255721393034826 0.4459076923076923 0.027243781094527363 0.031856410256410256
13 0.11786069651741293 0.48524102564102567 0.024467661691542287 0.027815384615384617
13 0.1357910447761194 0.6230358974358975 0.029582089552238806 0.03606153846153846
13 0.1887363184079602 0.5957333333333333 0.03117412935323383 0.04347692307692308
13 0.1848358208955224 0.5453948717948718 0.03676616915422886 0.05166153846153846
13 0.41418905472636813 0.14756923076923076 0.03685572139303483 0.037415384615384614
13 0.5554626865671642 0.20697435897435898 0.038636815920398006 0.04736410256410256
13 0.457910447761194 0.16546666666666668 0.029393034825870645 0.027743589743589744
13 0.311134328358209 0.16934358974358976 0.028855721393034824 0.03825641025641025
13 0.31019900497512437 0.20354871794871796 0.029393034825870645 0.03253333333333333
13 0.2016915422885572 0.3675794871794872 0.019004975124378112 0.016338461538461538
13 0.2098407960199005 0.3482974358974359 0.014039800995024875 0.015958974358974358
13 0.22513432835820896 0.36132307692307697 0.018477611940298507 0.019384615384615382
13 0.245044776119403 0.4215589743589743 0.02562189054726368 0.026164102564102565
13 0.27105472636815925 0.4323076923076923 0.01935323383084577 0.018953846153846154
13 0.21565174129353232 0.5614051282051282 0.02807960199004975 0.03083076923076923
13 0.20123383084577115 0.6672820512820513 0.04013930348258707 0.04848205128205128
13 0.16760199004975124 0.6988923076923077 0.03033830845771144 0.030379487179487182
13 0.6855621890547263 0.6606564102564102 0.07873631840796019 0.11860512820512821
13 0.5448457711442787 0.6672512820512821 0.02152238805970149 0.022646153846153844
13 0.5175721393034826 0.6750358974358974 0.023243781094527363 0.02350769230769231
13 0.5961592039800995 0.645251282051282 0.035751243781094524 0.05415384615384615
13 0.7886865671641791 0.4771076923076923 0.04990049751243781 0.11416410256410256
13 0.7830248756218906 0.3764102564102564 0.05458706467661691 0.0712
13 0.389820895522388 0.16860512820512819 0.03993034825870647 0.026933333333333333
13 0.46891542288557214 0.626523076923077 0.052417910447761194 0.06146666666666667
13 0.40901492537313433 0.6678051282051283 0.1503582089552239 0.061507692307692305
13 0.4685174129353234 0.7288205128205129 0.0019800995024875623 0.00033846153846153846