13 0.28356312923962523 0.24180994227801514 0.03833668973197838 0.0394427487813583
13 0.35520666868316875 0.1980630787636501 0.028764350568431865 0.029844116093356247
13 0.26909469385943785 0.3599017936762329 0.0396369483613346 0.04575035367122025
13 0.25341085893593013 0.3161537398224269 0.04471824917434267 0.04584183724002637
13 0.26288572992402065 0.27861915461719666 0.03940028297237244 0.04050926352446972
13 0.2827947425454703 0.4271798630491326 0.02016093848969466 0.019215562089765298
13 0.3036879427310119 0.4401244136765585 0.018033752008906546 0.017082532603542686
13 0.30512599756393866 0.3820214999026727 0.024699309918025363 0.029770929238311386
13 0.2981764411880652 0.36304379509180335 0.02016093848969466 0.019215562089765298
13 0.3171275841741818 0.310493015598609 0.028433019023884846 0.022506589887905454
13 0.32595372685752977 0.2923230188657139 0.020160938489694545 0.019215562089765298
13 0.27549439111596025 0.4678956957699355 0.019097345249300485 0.01814904734665411
13 0.2842871355058673 0.4827171218909268 0.017112158001889664 0.019160671948481575
13 0.2940140076772069 0.5069816586329497 0.01808108508669886 0.01813075063289279
13 0.3034666131363368 0.4914413553303105 0.01822308432007627 0.021275404720943105
13 0.331564097585868 0.43905524626096726 0.04684823767500191 0.09301164856078109
13 0.5259608674742151 0.7525754496412174 0.1253118680354574 0.07661908573520558
13 0.5142934144283903 0.8764782419852639 0.038052691265223794 0.033153440605257906
13 0.47795584672817415 0.8700635094853145 0.03282939121883837 0.02991730294840123
13 0.41131560343127227 0.7997375749381305 0.02658983100985132 0.026662868577783473
13 0.41054021168743954 0.8725155411229176 0.031860464134029175 0.030947224263990252
13 0.3854664401768814 0.9019140404016037 0.028669684412847004 0.02774768003465622
13 0.45960609896900767 0.9022014824768236 0.034909244621834055 0.031002114405273735
13 0.498590115995793 0.8997612518685808 0.030749537815842685 0.028832491491528486
13 0.6358910368670776 0.8933306033337522 0.039116284505617965 0.034219955348369094
13 0.6099137338486569 0.8352577873029879 0.04632477179941398 0.03644446840339782
13 0.5601406524200734 0.8348853573433627 0.05473885156698181 0.04288015028958854
13 0.17094353110221616 0.5587052429949677 0.04046387621276644 0.04157577826758091
13 0.23303279388136713 0.41581029213821163 0.05178473723476162 0.0449216962070049
13 0.18976520862937132 0.5145310593796936 0.030986203204804844 0.03407358163827925
13 0.189633016465543 0.6690151417125054 0.041148804830821104 0.034256548775891495
13 0.22381973114607476 0.672772735711557 0.036067504017812974 0.03416506520708537
13 0.3839949117355094 0.8018641087399523 0.018223084320076154 0.021275404720943105
13 0.36472076794945507 0.7910434392418685 0.017986418931114 0.016034314574192344
13 0.37826208059788763 0.7761004318089493 0.02127186480788115 0.02133029486222659
13 0.4384803611093064 0.7604267461650216 0.029780610731033493 0.02986241280711751
13 0.44949215611571525 0.7344408559964039 0.02025560464527952 0.021311998148465506
13 0.5765288794707253 0.8042831179683562 0.03394031753702474 0.03203203572086252
13 0.6806969471473274 0.8286769220461486 0.05284833047515573 0.04598821095011621
13 0.7118488161244056 0.8664192667871533 0.034034983692609835 0.034128471779562734
13 0.6856402258117523 0.3197461194104317 0.12708545744273794 0.09340887091856846
13 0.689289075831576 0.46801408042218784 0.024462644529063205 0.02452983909156086
13 0.6962038329040728 0.49746481716967755 0.02658983100985132 0.026662868577783473
13 0.668487739781748 0.41212918401893006 0.05778763205478669 0.04293504043087202
13 0.5063691009829527 0.19502408995264847 0.11859897704854616 0.06288247107108677
13 0.40622014188890004 0.19217364561781675 0.07702697653746435 0.06422874186557638
13 0.19095133759405314 0.5857732919479782 0.03145953398272916 0.044555761931780055
13 0.64701268319335 0.5437106444454899 0.06773863584067254 0.06091941735367497
13 0.6865800329479315 0.610407061989951 0.0784748384399401 0.16375456451255269