13 0.14373545296451373 0.6776315988330837 0.07797945541471878 0.09549976120129845
13 0.28546068273843417 0.7975378193202947 0.052946923089758104 0.05207858946929215
13 0.39704668684374717 0.8301098771007149 0.038316424979170004 0.04309329223682056
13 0.4299165134483568 0.8195165158113104 0.04351093475271867 0.045420492747535686
13 0.17530093920718293 0.5119041131785887 0.03817330707141694 0.038978065899372
13 0.22733875015990282 0.626063748596596 0.047323059592950245 0.037405709946231346
13 0.23600711200521335 0.6547603106795413 0.02332813209919924 0.0238199291607271
13 0.18280322524324974 0.5805893383806621 0.027641169616566545 0.030208438540492946
13 0.20775118394705863 0.59217142346584 0.024388501740071875 0.024902653213487783
13 0.18662022515467513 0.543307485393435 0.027533831185751746 0.027122018787406527
13 0.252128922310102 0.3978508359803998 0.02749805170881348 0.026093212203044384
13 0.20302502846631987 0.36805334048008814 0.16297490940195022 0.1574802448658316
13 0.45778528772927796 0.23871730349269196 0.06570713825716863 0.06610008468677835
13 0.402868882861609 0.24763703591935432 0.028356759155331878 0.050784570227735686
13 0.33552729278624915 0.28157600586589365 0.08684297212074595 0.08569695257326068
13 0.6848881633319193 0.4462972135192906 0.048311870279946344 0.0364308208302674
13 0.7162536413588155 0.5100766597225486 0.055246559756194885 0.05938807049662363
13 0.7180426152057289 0.5615169889406555 0.049264901490004356 0.03442712512994131
13 0.611096560697559 0.6770661205741842 0.048311870279946344 0.03643082083026728
13 0.2909869579468149 0.7505901387184236 0.03283567939011509 0.03253563905120808
13 0.2641849737758538 0.7004008479854661 0.051112419623518854 0.05814359403866884
13 0.2910455022334162 0.7228662784090439 0.026545020498755588 0.028096907903370355
13 0.25888800064268425 0.6657201575357418 0.023292352622260974 0.022791122576365192
13 0.3173937356090113 0.7453047500984226 0.024495840170886733 0.027989072966573967
13 0.3190038120712333 0.7916010463947188 0.038459542886923076 0.047208518574269116
13 0.4567689023098377 0.7829334025708614 0.04714416220825885 0.03226167702442064
13 0.3703714979561011 0.34245774345545876 0.0503610506078152 0.036538655767063784
13 0.3307881660705102 0.35115743132373184 0.029726129421373607 0.03134508006165147
13 0.33298209656857597 0.3995382995229515 0.05068306590025966 0.04579791502632304
13 0.3758148969541866 0.7930502560142753 0.03792285073284902 0.03177641980883702
13 0.3526119930242712 0.7728311498988154 0.025914004581142035 0.03935986286295582
13 0.33239991822745113 0.7650925164666968 0.017144811638654358 0.02246761776597603