13 0.29770949352150994 0.8105737953600638 0.0443742619758036 0.044136930048618545
13 0.2339733514429057 0.7517791904329919 0.03277017872832873 0.033362465593129255
13 0.4158748259211656 0.7916094229180686 0.0506206984600092 0.04633886230480434
13 0.3785881326483694 0.8191765291926989 0.05074092190192852 0.051658011240974556
13 0.339824418538498 0.8207045632406677 0.04545540920381086 0.046276968403372955
13 0.47599699301896176 0.7589827494345874 0.022223198020477432 0.023664209705160578
13 0.48221981668941627 0.7349784959302469 0.01905189040160693 0.020435584002599472
13 0.42612211177348425 0.7494767372997475 0.03267399997479344 0.029107146444193085
13 0.4098332011628552 0.761902650947376 0.02222319802047755 0.023664209705160578
13 0.3536397493680205 0.7577900604304241 0.02654778693250692 0.032224363124177736
13 0.3335913000223823 0.7537761274970699 0.02222319802047755 0.023664209705160335
13 0.5174034634778919 0.7547641939678179 0.02114205079247018 0.021524171350405925
13 0.5290556361021345 0.7418620699378605 0.02111800610408627 0.02046034156317188
13 0.5490444056014456 0.7256694263039108 0.0200849482528466 0.020447962782885798
13 0.5310861166466706 0.7205669060227501 0.023208166494949518 0.021548928910978576
13 0.47199787114937963 0.7074488986551676 0.09638782486354455 0.060713315871442346
13 0.7127536223605828 0.42804317084933535 0.09501986887346213 0.13727192421143466
13 0.8351473649187324 0.40477396413725886 0.03815187017998168 0.042998827579667026
13 0.8399876190071163 0.4419399233988759 0.03387537064472001 0.03656633373511771
13 0.7936425563331033 0.5275785939299085 0.029598871109458344 0.03013383989056839
13 0.8632782144128784 0.5081321943741333 0.03490842849595968 0.03657871251540404
13 0.8990505241921254 0.5247202136598589 0.030680018337465597 0.0322738782453228
13 0.8764327481864781 0.451606859677437 0.03601362041235061 0.039782580657392486
13 0.8623069957811291 0.4140203945447793 0.03279422341671252 0.03442629538036342
13 0.8136957562997014 0.28006486547398596 0.040242030570844925 0.0440874149274736
13 0.7662824324911385 0.32157935739537824 0.042476459092011164 0.05155898099868443
13 0.780648199905693 0.3713936756910844 0.050957324097382774 0.06123247932608094
13 0.6364799027883373 0.8325711958232614 0.047545569594673875 0.04736555575117965
13 0.48050062146997174 0.811042325717481 0.05191824788347118 0.058053368744665136
13 0.5885990031801877 0.8262319154895512 0.03798355736129478 0.03555201906902873
13 0.7362309609031903 0.7829847669867747 0.03925706209637284 0.04620269572165548
13 0.7292644793913675 0.7485031397538152 0.039136838654453526 0.04088354678548527
13 0.803372017635904 0.554050550807897 0.023208166494949518 0.021548928910978576
13 0.7992633990446966 0.5759023871771968 0.01801883255036726 0.020423205222313143
13 0.7808727375736451 0.5670826520308601 0.02431335841134068 0.02475279705296703
13 0.7475156233530758 0.5121781922342796 0.03382728126795219 0.03443867416064962
13 0.7186861822719003 0.5082694789333586 0.024289313722957007 0.02368896726573299
13 0.7467496483218546 0.36329153714265866 0.03598957572396694 0.03871875087015845
13 0.7378626148617536 0.2538532356407011 0.05297535042309476 0.059129577312185384
13 0.7646147816455233 0.21258631932503394 0.038055691426446506 0.03874350843073086
13 0.2483108255682733 0.391598534772551 0.11164497324683206 0.14172530384495086
13 0.3897805032164139 0.34682991427064086 0.028541768569834765 0.029057631323048144
13 0.4154270462091595 0.3316330171323508 0.029598871109458226 0.03013383989056839
13 0.34249942519396204 0.38249334236224597 0.0510294581625345 0.06442396868778306
13 0.1846536574034201 0.6034743380148252 0.08036470144903594 0.12858798298955448
13 0.2123521343812896 0.7031153533865236 0.07423762465748401 0.08597289759876141
13 0.656204612590059 0.8052145288134975 0.04732916739921962 0.03779108766607327
13 0.4750434111016296 0.3670790712515621 0.06988899105707073 0.0763489143925102
13 0.5269496366409089 0.3095576174005141 0.1686065594460514 0.10305681341332192