13 0.12546827794561935 0.32135764944275585 0.07106747230614299 0.08929078014184397
13 0.26289023162134945 0.21285714285714286 0.04903323262839879 0.04797365754812564
13 0.3718831822759315 0.1886220871327254 0.034763343403826794 0.03991894630192502
13 0.4044612286002014 0.20109422492401216 0.03978851963746223 0.042026342451874366
13 0.1589828801611279 0.486838905775076 0.03540785498489426 0.03523809523809524
13 0.20830815709969788 0.378145896656535 0.04460221550855992 0.033059777102330296
13 0.216686807653575 0.3498277608915907 0.022447129909365558 0.022350557244174264
13 0.16590130916414905 0.41987841945288756 0.026173212487411883 0.02801418439716312
13 0.18958710976837864 0.40987841945288755 0.02347432024169184 0.02283687943262411
13 0.16987915407854984 0.4568996960486322 0.02647532729103726 0.025471124620060792
13 0.23679758308157098 0.605096251266464 0.026052366565961733 0.02452887537993921
13 0.1885901309164149 0.6308004052684903 0.15313192346424975 0.14393110435663628
13 0.4415911379657603 0.7760182370820669 0.06163141993957704 0.060445795339412356
13 0.3879154078549849 0.7632218844984802 0.024924471299093656 0.04835866261398176
13 0.32064451158106744 0.725420466058764 0.08169184290030213 0.07924012158054711
13 0.6617824773413897 0.587274569402229 0.04496475327291037 0.03286727456940223
13 0.6911681772406848 0.526514690982776 0.05119838872104734 0.0548936170212766
13 0.6925478348439074 0.4754812563323202 0.04630412890231621 0.03021276595744681
13 0.584944612286002 0.35403242147923 0.04513595166163142 0.032907801418439714
13 0.2690231621349446 0.2593414387031408 0.02973816717019134 0.029706180344478215
13 0.2430614300100705 0.3071327254305978 0.04690835850956697 0.05350557244174266
13 0.2692346424974824 0.28689969604863225 0.025589123867069487 0.026210739614994934
13 0.2387311178247734 0.34106382978723404 0.021933534743202417 0.0210435663627153
13 0.2948136958710977 0.26643363728470115 0.02347432024169184 0.02676798378926039
13 0.2957905337361531 0.22087132725430597 0.034904330312185296 0.043617021276595745
13 0.4317019133937563 0.2391691995947315 0.04520644511581068 0.028611955420466056
13 0.35399798590130915 0.6677507598784195 0.04724068479355488 0.03224924012158054
13 0.3145720040281974 0.6566362715298886 0.027653575025176236 0.029381965552178316
13 0.31620342396777446 0.6086626139817629 0.047089627391742196 0.041914893617021276
13 0.3514904330312185 0.22338399189463018 0.03614300100704935 0.02811550151975684
13 0.3292346424974824 0.24181357649442756 0.02283987915407855 0.03722391084093212
13 0.3098791540785498 0.24761904761904763 0.01636455186304129 0.021256332320162108