13 0.1305409116457083 0.6855423202267682 0.09351211609909996 0.10967727584455848
13 0.27067129530024364 0.8265925969906331 0.06171479598043604 0.06108317295545312
13 0.38690943424967034 0.8730945847638489 0.044840798379533454 0.04928217001317134
13 0.4222947971584683 0.8656869881734118 0.051533432442412944 0.052908479286364184
13 0.17966413662792347 0.5151963860819571 0.04461293846960718 0.044905802398291686
13 0.22468813560507964 0.640864303111003 0.05433858218777778 0.04432776083762156
13 0.23117445932238956 0.6717569015866853 0.028598037480517438 0.02878577076813565
13 0.18127839458696937 0.5878388198253203 0.03328765343236331 0.0355796778984772
13 0.20701893929422974 0.603380809894806 0.029741958979738137 0.029937201598861207
13 0.1884667858324156 0.5489388921709503 0.033116758499918665 0.03229740218731746
13 0.2719954142322687 0.4044118171816456 0.0330597935224371 0.03120331028359755
13 0.2224034129738184 0.3679720553780856 0.19166612707174296 0.1835935524283927
13 0.5056972485393612 0.2607145862084253 0.0777296969695259 0.07720320458560916
13 0.446799907969468 0.2641541661089442 0.03660086602547297 0.05757619382688649
13 0.3718214575338248 0.29184043696293277 0.10278203999741804 0.1003464990541288
13 0.7286149064941039 0.5032387756842568 0.05536857373203534 0.043291007860907046
13 0.7561452260424443 0.5739750679645926 0.0653744203880246 0.06891383306250919
13 0.7535302098190861 0.6278459225637006 0.055254643777072204 0.04110282405346722
13 0.6285902365625669 0.7369103236538467 0.05536857373203534 0.043291007860907046
13 0.28063635380231394 0.7785649049356604 0.037692444496801404 0.03690312551021919
13 0.2565924527543226 0.7227422006730573 0.06091266434610476 0.06649629354704728
13 0.2834461254972682 0.7492537792432449 0.032086766955661046 0.03333415516403198
13 0.25411216525907976 0.6855144064830774 0.027454115981296736 0.027634339937410345
13 0.30921284171847463 0.7757080188864269 0.029912853912182784 0.033219477310020944
13 0.30685647886857825 0.8241370834304382 0.04615561481119886 0.05371587655505663
13 0.45462560084761844 0.8308410855994683 0.05405375730036993 0.038857301319022
13 0.4029852299758074 0.3594951397766281 0.0575424867755136 0.04340568571491808
13 0.3598487589711315 0.363766134118727 0.034431574931584136 0.03673110872920276
13 0.3581782868258086 0.4149590978855408 0.059142128094586854 0.05330985177540282
13 0.36689542996289753 0.8322141379824811 0.04421418362723631 0.037247159072252296
13 0.34453199575061233 0.8086671448796154 0.03162642518621918 0.04531182717794537
13 0.32393909778984514 0.7983065935483941 0.020875411873380323 0.02619621447165732