13 0.5957855626326964 0.808583509513742 0.05515923566878981 0.05707188160676533
13 0.5623142250530786 0.7736680761099366 0.040615711252653924 0.047663847780126854
13 0.27578556263269643 0.21805496828752644 0.03897027600849257 0.037071881606765326
13 0.5378556263269639 0.18121564482029598 0.052876857749469215 0.04799154334038055
13 0.213895966029724 0.303076109936575 0.03697452229299363 0.03649048625792812
13 0.26787685774946923 0.246384778012685 0.035891719745222934 0.02463002114164905
13 0.15140127388535032 0.42568710359408035 0.043651804670912946 0.04342494714587738
13 0.17640127388535032 0.6336575052854123 0.028906581740976645 0.030042283298097255
13 0.36207006369426753 0.7469344608879492 0.03452229299363058 0.03587737843551797
13 0.36841825902335457 0.7946405919661734 0.04014861995753716 0.03540169133192389
13 0.4236093418259024 0.790338266384778 0.030159235668789808 0.031035940803382664
13 0.44238853503184716 0.7767547568710359 0.023821656050955417 0.025021141649048628