13 0.6190790446730297 0.21561503852031394 0.06113201071131092 0.06258100149298727
13 0.5855913815558891 0.24859969064843937 0.04551024236846262 0.051214919465135934
13 0.3010447275346845 0.7903042849497641 0.04284743730855181 0.040374603599405916
13 0.5678115148584718 0.847812870974797 0.05851950343600891 0.052815954444461674
13 0.23644514720972187 0.6996786665157781 0.04068761009472892 0.04028697590571927
13 0.29215244099417115 0.7615029643659459 0.03900412307251182 0.027339936252424098
13 0.17111476024575387 0.5703871845092806 0.04746887844385036 0.04700147189000574
13 0.19419375947322823 0.360970818665963 0.03169621674717571 0.03240958341054138
13 0.3818782620614327 0.26018943978988474 0.03847748509629722 0.039124079394827906
13 0.38827931950163275 0.212690488199041 0.04382675534624565 0.03826787981184088
13 0.44417150807292066 0.22086087980610244 0.03282642813869596 0.033528666074589125
13 0.4632090594826341 0.23612184423469915 0.02609545757418326 0.02788943890750696