13 0.6319685079837802 0.4711848349197063 0.05270946224792227 0.049616551622630393
13 0.8496272917642673 0.5178694724600165 0.06362009328656043 0.07245566051851683
13 0.8091511267521522 0.3826871379627889 0.05389707983801909 0.05989226579090758
13 0.8378246432276341 0.33371155571221595 0.053018931755078734 0.07523130572099104
13 0.9266307908771806 0.46138987915938984 0.05731138724487364 0.07842432632852593
13 0.5692130660237971 0.2536069477224483 0.055938087950483134 0.05277975970123234
13 0.4368095832441607 0.2609046731483655 0.05054466633259545 0.046483156072961315
13 0.4734366929046333 0.16558403328928017 0.09262820948846362 0.09682617257019713
13 0.4196146310657162 0.20296512800256328 0.04303596392052576 0.041151517550758854
13 0.3163186673889652 0.28529249354290603 0.04954273044679268 0.05157629436370057
13 0.38413874797186587 0.3935726531075503 0.04521313861613891 0.045309503264362415
13 0.5685475931578764 0.5508573453791635 0.04193499779243298 0.03804793453002265
13 0.6178307418773499 0.6222467769520607 0.035527261508456316 0.03581987902855622
13 0.619655866652189 0.685229259505095 0.042009270474150456 0.04419547551362921
13 0.7321673137857446 0.5729204664502576 0.05055704511288153 0.04750774623689568
13 0.7076431515093815 0.5249232155643626 0.04636361986537675 0.05251144694083633
13 0.6916420063111767 0.477712054610939 0.07509940290098246 0.05434097538595914
13 0.7855870652653583 0.5022401914091057 0.04955510922707888 0.052600884527635