13 0.6081838565022422 0.49253807476048994 0.05044843049327354 0.0485212223922061
13 0.843609865470852 0.49043509238876504 0.05941704035874439 0.07160128193821835
13 0.7612107623318386 0.361111612409345 0.05044843049327354 0.059343733214716914
13 0.7746636771300448 0.30482261081927237 0.04708520179372197 0.07652745547370696
13 0.9047085201793722 0.41491637466934994 0.0515695067264574 0.07886835104757894
13 0.47757847533632286 0.28393741324939276 0.052690582959641255 0.05185617234364431
13 0.3452914798206278 0.3220238509630286 0.04820627802690583 0.04410402135851691
13 0.3531390134529148 0.21573080782769408 0.08744394618834081 0.09543101347405199
13 0.3099775784753363 0.26652219875168776 0.04147982062780269 0.04059267799770905
13 0.22982062780269058 0.37429990248993955 0.04708520179372197 0.05055342949968098
13 0.33239910313901344 0.4697851181794889 0.042600896860986545 0.044965780679055864
13 0.5678251121076233 0.5888942570198853 0.03923766816143498 0.037257728046271005
13 0.6401345291479821 0.6507212847286563 0.033632286995515695 0.034872734120056585
13 0.6619955156950673 0.7148928909110221 0.03923766816143498 0.0437512345397775
13 0.7415919282511211 0.5740844799879411 0.04820627802690583 0.04518627244076799
13 0.7017937219730942 0.5303111962719924 0.043721973094170405 0.052585636607155865
13 0.6709641255605381 0.48580844829253217 0.07399103139013453 0.050529538873648375
13 0.773542600896861 0.4893023219907395 0.04708520179372197 0.05163568058193206