13 0.6178329809725159 0.4642507645259939 0.04408033826638478 0.0399796126401631
13 0.8406236786469344 0.47248725790010193 0.05088794926004228 0.0609072375127421
13 0.7730866807610994 0.3475127420998981 0.04283298097251586 0.05145769622833843
13 0.7914482029598309 0.2952293577981651 0.037991543340380546 0.06714576962283385
13 0.9045031712473572 0.40433231396534147 0.042410147991543336 0.0693374108053007
13 0.5127378435517971 0.26297655453618757 0.04635306553911205 0.04273190621814475
13 0.38476744186046513 0.2931498470948012 0.042124735729386895 0.03626911314984709
13 0.4010782241014799 0.19371049949031602 0.07474630021141648 0.08011213047910296
13 0.3562050739957717 0.23944954128440368 0.035792811839323466 0.03351681957186545
13 0.27162790697674416 0.3374719673802243 0.0398414376321353 0.04251783893985729
13 0.3600211416490486 0.4310091743119266 0.03649048625792812 0.0380632008154944
13 0.5717547568710359 0.5531498470948012 0.03506342494714588 0.030723751274209992
13 0.6350105708245244 0.6139551478083588 0.029936575052854124 0.02983690112130479
13 0.6496194503171246 0.6752905198776759 0.03375264270613108 0.03671763506625892
13 0.7370190274841438 0.5466258919469928 0.0422938689217759 0.037706422018348625
13 0.7030655391120507 0.503822629969419 0.03739957716701903 0.04445463812436289
13 0.6774630021141649 0.4608358817533129 0.06634249471458774 0.039816513761467894
13 0.7741226215644821 0.46847094801223244 0.04028541226215645 0.04396534148827727