13 0.37775 0.32357807652533604 0.08086 0.0815511892450879
13 0.47019 0.33932781799379524 0.054729999999999994 0.058510858324715614
13 0.30699 0.44587383660806623 0.05773 0.06101344364012409
13 0.28633 0.5149638055842813 0.05189 0.05244053774560496
13 0.28646 0.558841778697001 0.04075 0.04456049638055843
13 0.31095999999999996 0.6300103412616339 0.054270000000000006 0.05714581178903826
13 0.40007 0.4239193381592554 0.04881 0.05116856256463288
13 0.43539 0.4153981385729059 0.030109999999999998 0.039358841778697
13 0.36197 0.46486039296794207 0.06164 0.040010341261633914
13 0.40414999999999995 0.48742502585315406 0.04317 0.05238883143743536
13 0.38380000000000003 0.5572285418821097 0.03699 0.06352637021716649
13 0.3595 0.5968459152016545 0.03512 0.04023784901758014
13 0.6084700000000001 0.23799379524301964 0.06285 0.0481799379524302
13 0.64718 0.26374353671147877 0.061340000000000006 0.05722854188210962
13 0.72454 0.27064115822130297 0.05775 0.05740434332988625
13 0.62207 0.33487073422957603 0.04104 0.05447776628748707
13 0.59226 0.35451913133402274 0.05116 0.0425129265770424
13 0.50474 0.3922647362978283 0.07729000000000001 0.04466390899689762