13 0.3456852630171598 0.6243093918763671 0.08500070059834126 0.09247439267364059
13 0.3531031100445349 0.5277774906775073 0.06168652715467601 0.06358382578224311
13 0.468906698332243 0.6832633810163461 0.06372143531508323 0.06677047909675067
13 0.5375928751877485 0.696922986897254 0.05563998294079966 0.05919449665568012
13 0.580057967027341 0.692029768390028 0.04651198635263972 0.04743987214887585
13 0.6462205214767377 0.6592379717426308 0.05967489110120687 0.06246542479451943
13 0.4403478174665563 0.590316678982242 0.05260507478039244 0.05596570592900658
13 0.42894055559513833 0.554585774797349 0.040383989764479794 0.035811659878569324
13 0.4827550793379743 0.6247413233899926 0.04375634347549044 0.06903010934360872
13 0.5012489110120691 0.5789562244512916 0.05453525845957779 0.049845223772986724
13 0.5704292698408399 0.5920776985444205 0.06347707819223251 0.04505382966552005
13 0.6101794449904253 0.6126469832767947 0.0414421700318253 0.04102442810769475
13 0.24407296901335024 0.39631967199930057 0.05176797952895958 0.07040133480432777
13 0.2661075268745869 0.3540065336898908 0.05975634347549055 0.06970430793826296
13 0.2661999147039983 0.2733025555331541 0.06072143531508323 0.06664406686025293
13 0.3368402479439686 0.37171836940003466 0.05652362240610887 0.04889537243392654
13 0.3581660574411029 0.39978901631952524 0.04462834688733051 0.05769685895846344
13 0.4016609400127097 0.48641596327248543 0.04893088427752673 0.08475268885531721