13 0.6323032219505185 0.33438363862662757 0.10461226065725593 0.11146643244790498
13 0.6314506737718034 0.4380028090084925 0.07413450004501804 0.07640503731325968
13 0.4950845142661875 0.28891556220644043 0.07750625018831524 0.07992872407425201
13 0.41979858353503297 0.285197419962928 0.06747900597346554 0.07158980664841794
13 0.3746301439880402 0.29655336063284565 0.05610782950657856 0.05649596982606259
13 0.3055074285777991 0.341503680058281 0.07193066972367418 0.07517198423450289
13 0.5322709594207383 0.38434916085291854 0.06406325272264739 0.06695004845885423
13 0.5470175609762182 0.4203021556193856 0.048064400075467834 0.0438097483361281
13 0.48391502672844056 0.353557595950039 0.05698789165699786 0.07881739839749104
13 0.46733405164293235 0.40512847208879016 0.06492315079195395 0.061428182141089645
13 0.39202611935801723 0.40196836555956356 0.07446636082407317 0.057490313852638204
13 0.3474178006955928 0.38545176592774183 0.05044424282689549 0.04950708712917061
13 0.7585697254847427 0.561976075791782 0.06575920983485217 0.08263353928394679
13 0.7383410620976072 0.6104034555326433 0.07435451558262292 0.08198539445611683
13 0.7441320884772405 0.6958437835193555 0.07426650936758077 0.07975325159897396
13 0.6605533613330182 0.6018092189232911 0.06699497179073494 0.05931302093413241
13 0.6352175572054725 0.5747824227094903 0.05654786058178809 0.06765668411177675
13 0.5820203398905378 0.4891255124554275 0.06525133662571322 0.0970839770302828