9 0.5386200079751481 0.6301642413058638 0.04717961080863594 0.0539739132603943
9 0.5035270008071464 0.6010692045530465 0.04577793557300505 0.048022762613522084
9 0.6284767997675347 0.5516151605128797 0.051384636515528874 0.07182736520101149
9 0.6951927186300471 0.57925470512358 0.040879651195349566 0.04426532983735344
9 0.4284559589277543 0.5230241960473139 0.044501275025291914 0.045609347815706205
9 0.4029719984831865 0.49525863336480075 0.040754636507431545 0.04072759398829684
9 0.338027121032845 0.5177370132824023 0.053146197920807776 0.05424853441928448
9 0.38132749968864965 0.5423202219222077 0.03964466221027595 0.043031160322556564
9 0.2863905793739447 0.5785812452218466 0.045861278698283624 0.05038125317955982
9 0.31595077401011257 0.7047863269205461 0.043266286040218295 0.044375178300909195
9 0.3844149974436373 0.7311642399005606 0.05059287682538177 0.04942170482365299
9 0.29721948248064983 0.7328152182543172 0.043141271352300344 0.04083744245185259
9 0.1022332711885671 0.45771998361387034 0.04816457041787372 0.04813261107707811
9 0.17995988671784102 0.3064970891279405 0.051744522685176826 0.048297383772412134
9 0.11381411289801226 0.31190387455765756 0.04054627869423502 0.0348313675732025
9 0.14701864291297795 0.30446976965277905 0.03960299064763656 0.041851915039537696
9 0.25655759322847865 0.20788792031579525 0.05544948964039788 0.0519998923168027
9 0.3195117409713283 0.38275543440067966 0.049607917216143924 0.055263007006969324
9 0.3063398009345362 0.4666337039825128 0.05557450432831577 0.05553762816585937
9 0.3988465137818941 0.3785133503459328 0.044459603462652666 0.04443010253268747
9 0.5065235259051956 0.39836178254519755 0.04828958510579168 0.05167034692613471
9 0.4807971150318448 0.3806472668842338 0.040629621819513524 0.03718985813924024
9 0.6182919048218999 0.36486955584972314 0.04437626033737389 0.0420716119666496
9 0.8265447550504809 0.491118181878743 0.04561124932244751 0.04330578148144661
9 0.7744157335869616 0.5549379891416234 0.04692958143280017 0.046898441562281096
9 0.8332481734558936 0.5286068718923458 0.04565292088508703 0.04448502676446548
9 0.8965584052487132 0.5782546890501181 0.03462136314470243 0.03573599169733131
9 0.8355628462422149 0.6448449186173713 0.054256172217963375 0.05194496808502489
9 0.8926962320498268 0.638081197001461 0.04565292088508703 0.04448502676446548
9 0.8458670526962505 0.6827584585771495 0.04318294291493953 0.04201668773487172
9 0.9075464156589228 0.7200791244950017 0.051911208935734164 0.05301436490448747
9 0.9385499318010575 0.6672715383097858 0.040754636507431545 0.04072759398829684
9 0.5976627320094192 0.8465524993394096 0.04219798330570195 0.04785798991818792
9 0.4510172826849629 0.8739724344168235 0.04565292088508703 0.04448502676446548
9 0.6938308644818232 0.8958691454063056 0.06149941987784835 0.054633004041730424
9 0.43325386651848957 0.6249739887966679 0.04795621260467713 0.04223638466198377
9 0.5684036424417082 0.2384189408082308 0.040754636507431545 0.04072759398829684
9 0.6926336690628003 0.23624455655237483 0.03943630439707942 0.037134933907462225
9 0.7057582596497394 0.18485045648533846 0.04565292088508703 0.04448502676446548
9 0.7320510134460956 0.13403143515176283 0.03589802369241557 0.03814940649514706
9 0.8353942083472118 0.21727157326731605 0.04816457041787379 0.04813261107707811
9 0.3630583215909873 0.12680103235339077 0.05660113550019286 0.050875571265561845
9 0.39847144442583676 0.1818669274485123 0.04931621627766877 0.04700829002583725