9 0.6690662088805659 0.1509218883690254 0.0686463663025944 0.06797169114714029
9 0.5242024425404942 0.11710961290442862 0.06527031550082733 0.06462882109072358
9 0.46863021973096597 0.18426240179871164 0.05299162546111802 0.054512958506988535
9 0.4387790295351005 0.28308884728271716 0.05749302653014061 0.05897011858221087
9 0.30935641669433717 0.24543200037841595 0.06532039695087867 0.06569948490228675
9 0.5250479774439022 0.23882627344943916 0.05021655205996711 0.06401805418932979
9 0.48792616252532817 0.23979604569352067 0.04306379885602257 0.048767003583991025
9 0.5439432686378537 0.28579460685174285 0.05059068057645256 0.049072387034687824
9 0.49276050481418227 0.366178001665217 0.04076301687145993 0.04546775973481659
9 0.5513523585276532 0.39812705465139075 0.04193844858876693 0.04765271356518545
9 0.517068960002244 0.4021997528120558 0.045264417940482526 0.04992491981003899
9 0.3890957444951703 0.3494663601313854 0.05736930526391178 0.07926910479466868
9 0.40219048163656346 0.4106150803274647 0.044139067673226756 0.04881062979123343
9 0.44163960162362537 0.43636827716522003 0.037136558819436255 0.036771570620584164
9 0.4562912311051753 0.40412930161547034 0.03601120855218061 0.03565728060177847
9 0.361511481093578 0.5082717921665496 0.04776552572525043 0.05750681890546598
9 0.4283961821791113 0.5908374320621406 0.05064076202650403 0.050143050846250994
9 0.60330265004999 0.5874954967257201 0.04168804133851007 0.04229939450736961
9 0.6094994086262603 0.5126917259568982 0.03596112710212926 0.034586616790215303
9 0.5917913283326789 0.4565573108454439 0.046590094007943436 0.05532186507509724
9 0.5285640554597932 0.4752130273498148 0.04056269107125455 0.04118510448856404
9 0.5601106828510399 0.4932416290515432 0.03503610263507912 0.03775498201766253
9 0.587655241314878 0.4948058202957697 0.03723672171953871 0.03891289824371038
9 0.5471102588622848 0.5377496122270269 0.03498602118502765 0.03668431820609936
9 0.47909584012093054 0.5807352086314024 0.03381058946772066 0.0344993643757305
9 0.4818355759728922 0.6047597050807101 0.034835776834873614 0.033472326771409606
9 0.5264106327957189 0.6249414518244374 0.03391075236782335 0.03664069199885684
9 0.5027311604510982 0.6484287946338393 0.039437340803998897 0.04007081446975823
9 0.6571898918645673 0.7606949161084959 0.058618376797396135 0.060084408601016444
9 0.3369910006103814 0.6749981372703314 0.06271912626600795 0.05597625818373337
9 0.3495598825262354 0.7249048874449975 0.060044215764959864 0.0676226814892009
9 0.41145266486639626 0.7583290575267887 0.05749302653014061 0.058970118582211
9 0.545244063356556 0.6821029045402124 0.046039198057378744 0.04354456314790238
9 0.509300644873088 0.731296174511879 0.046740338358097475 0.05853385650978675
9 0.556337024854795 0.7234879704296154 0.06524675713470118 0.08706913492630755
9 0.47168534756036484 0.6411068310477427 0.034010915267926045 0.038782019621983174
9 0.4002447168790589 0.4841736824557539 0.052219810062020866 0.10684460665185656
9 0.43805292819748953 0.46333119038689 0.03478569538482227 0.032401662959846686
9 0.4351290928050843 0.4929489500338469 0.03918693355374216 0.03471749541194263
9 0.5129623607861674 0.5101722886357148 0.07639713218935579 0.05011941600850568
9 0.49536037282828693 0.5484307937707891 0.03053470156605641 0.03329782194244025
9 0.4565608293329929 0.5135333283275044 0.04608927950742997 0.04461522695946555
9 0.621881146595738 0.3743479675442888 0.04178820423861301 0.04444072213049595
9 0.6522581920171425 0.2867634920816965 0.05079100637665819 0.053355042280940505
9 0.6282163703390994 0.3140199713351908 0.04296363595591976 0.046625675960864685
9 0.7008618408513032 0.3470078793445579 0.04613936095748144 0.04568589077102872
9 0.723215637128463 0.3182108436845825 0.05191635664391372 0.054469332299746195
9 0.7547269269705206 0.3700307947614143 0.04833998004194127 0.04684380699707669
9 0.7188704098451928 0.4095662773253912 0.05019002897604203 0.040507076542182475
9 0.7809104718177086 0.4000766425301708 0.04051260962120332 0.04011444067700075
9 0.7496039548525549 0.4217280411671433 0.04248934453933162 0.05943001549238031
9 0.8254162562129229 0.3151370178081168 0.06096924023201013 0.06445431626175392
9 0.5772780843300865 0.3075050925830787 0.04506409214027714 0.04564226456378632
9 0.5452969501481395 0.33776542791979897 0.0404124467211005 0.03797311305387453
9 0.5849198728514816 0.3442030499421747 0.04956549320929973 0.05009942463900872
9 0.30286205444742437 0.1641706162177211 0.083626489927277 0.08995210807255506
9 0.3653513671115027 0.1412540575707187 0.051966438093964944 0.0555399961113093
9 0.4315289984607189 0.11657881148102316 0.07467376923928329 0.08210845173367355
9 0.3274518073582332 0.1025656425797206 0.07689794668986925 0.06082605412413737
9 0.5983915438508922 0.04491071013715071 0.06512007115067317 0.06141682965603406
9 0.8824143179900148 0.2554352493875335 0.059292994014189665 0.05156272431575349
9 0.9467124922915396 0.36331418058020737 0.04879071309240351 0.05647978130114521
9 0.8577789307058533 0.3851582536815225 0.047364874124839904 0.04894150841296075
9 0.8195951085120377 0.3979707671636625 0.039787910954358324 0.04756546115070066
9 0.8341760628952092 0.4333144903641198 0.03626161580243734 0.04101059965959432
9 0.8697600967630539 0.43401615314824654 0.05461779022888701 0.06633388664142585
9 0.8202889167063921 0.49341253811813296 0.04546474374068791 0.054207575056291674
9 0.7961675257765732 0.44987432718673087 0.061546659266500145 0.0997425958360961
9 0.7494065937701486 0.4635711822325917 0.03478569538482227 0.03240166295984656
9 0.7212758018065568 0.4840210384362738 0.03038445721590237 0.030085830507750624
9 0.7484329702119467 0.48881903421881107 0.03268523920046489 0.03338507435692505
9 0.7481487077714003 0.5403199626919492 0.050440436226298645 0.04586039559999844
9 0.7886289445612135 0.6572104621343011 0.05851821389729344 0.0579430809778901
9 0.6959835059242631 0.7033407889283783 0.06194434614911198 0.06235661484587011
9 0.7324645588163331 0.6541257058530906 0.05461779022888701 0.06633388664142585
9 0.6769688608526481 0.55018042024873 0.037136558819436255 0.036771570620584164
9 0.6764533024512724 0.5046117689464317 0.05386656847811693 0.05027392946797832
9 0.641542403441322 0.4722382713067066 0.03601120855218073 0.03565728060177847
9 0.6568436094146396 0.4308550271514276 0.04803949134163343 0.04041982412769767
9 0.6253367666492807 0.44822377054214746 0.03391075236782335 0.03664069199885684
9 0.6953912633007774 0.4373362753810458 0.04163795988845885 0.04122873069580644
9 0.6746120679824359 0.45373342479356 0.024958031679829396 0.02879703565997545
9 0.45716328909250853 0.5494441922221132 0.042763310155714496 0.042343020714611886
9 0.4112861942564804 0.6971921547495821 0.07202241710436122 0.07131456120355693
9 0.47273854037034263 0.6866536692464198 0.06011785558113735 0.04625303146518005
9 0.7254075214357925 0.5723508028902353 0.04909120179271159 0.06290376417052422
9 0.7005526173738649 0.5937404442837533 0.03478569538482227 0.03240166295984644
9 0.6920535944541322 0.64235657787652 0.04919136469281404 0.06504509179365056
9 0.7176582379079305 0.613963995500599 0.0554662101619606 0.03858387995526826
9 0.7046238790407522 0.5195592578351979 0.05099133217686334 0.05763769752719318
9 0.658927839339235 0.3717721995828624 0.04591547679114991 0.0638435493603602