9 0.4465591275438922 0.7177778322370251 0.04510073871555549 0.045205032062156175
9 0.528673836008369 0.7402794961194575 0.03828150870909138 0.0366534439194993
9 0.5092624856581698 0.7130986074930412 0.03715558198235337 0.035575401451278785
9 0.5221427638792169 0.6875116383457983 0.04156378442025112 0.0367625713241613
9 0.5733883473573042 0.7370834039831675 0.05420365699851359 0.05695437180792074
9 0.6110331596060341 0.7529035145693336 0.03831334353210935 0.03769511058616596
9 0.6639215254098506 0.7489385742780313 0.03493556335189533 0.03446098318150443
9 0.6898990716525186 0.7227464480827687 0.043847472696745105 0.039960322927269
9 0.5982516747943398 0.6744329444545715 0.04172295853534147 0.0419709046574944
9 0.6339906071523891 0.6636541792391836 0.03831334353210935 0.03769511058616596
9 0.5904254383724029 0.5971677321134687 0.040692536277657745 0.044017862189273886
9 0.5393490924603623 0.5710152785753224 0.04284888526207948 0.043048947125714915
9 0.4865243963025822 0.5770635521999581 0.03728292127442563 0.03974206811794545
9 0.44232088659208546 0.5433350413719122 0.05983329063220338 0.06234458414902354
9 0.4300597429497414 0.6428257801501576 0.06340207975052571 0.07182871155368531
9 0.481730887048169 0.6705589215890807 0.03155778317168156 0.031226855776842654
9 0.4637043514992558 0.6886905329626644 0.03493556335189558 0.03446098318150443
9 0.43377599826204855 0.6928985317532654 0.03384147144817567 0.03442460737995058
9 0.34349585432349744 0.7429679644227375 0.037219251628389564 0.03765873478461212
9 0.5249325203837015 0.8145585958775777 0.05848452014433895 0.05397487501413636
9 0.7273678718245441 0.589753728541817 0.03947110508186545 0.03981481972105338
9 0.6108747094109882 0.5510202481445468 0.038408848001163634 0.04082011058616596
9 0.6516023694519625 0.4888972377384823 0.046513178849456105 0.05565807453037668
9 0.5242202497261378 0.48726362352411917 0.04581281274305851 0.03274140786371002
9 0.5212160684413336 0.4247272477225653 0.03725108645140753 0.03870040145127878
9 0.5276574900619844 0.4566799600636681 0.037378425743479916 0.04286706811794545
9 0.4464601375044789 0.48207677494712536 0.08231999034394492 0.08286376684676829
9 0.43874275794285106 0.3189650021099073 0.038313343532109474 0.03769511058616596
9 0.4332111937984696 0.406192183598253 0.04954077597647133 0.04743386860170513
9 0.4702930426838307 0.42147327295030873 0.02930592971820554 0.02907077084040151
9 0.4688864565104828 0.3933300850495318 0.057103914833456434 0.044563499212582396
9 0.5472764906818455 0.29395674893196433 0.042753380793025195 0.03992394712571503