9 0.8241860465116279 0.5781454918032787 0.06358350951374207 0.06966188524590164
9 0.6779915433403806 0.5046311475409836 0.050010570824524314 0.047776639344262295
9 0.6439323467230443 0.5355532786885246 0.0478646934460888 0.05728483606557377
9 0.5638266384778012 0.44756147540983604 0.04601479915433404 0.04127049180327869
9 0.6489746300211416 0.4530122950819672 0.03656448202959831 0.04136270491803278
9 0.6431606765327695 0.5929713114754098 0.04902748414376321 0.05857581967213115
9 0.6948837209302325 0.6372643442622951 0.05424947145877378 0.052325819672131145
9 0.6595348837209302 0.665266393442623 0.0581183932346723 0.05785860655737705
9 0.627568710359408 0.6796209016393442 0.03837209302325581 0.04526639344262295
9 0.7216807610993657 0.7288114754098362 0.05455602536997886 0.059508196721311475
9 0.6069556025369979 0.7753381147540984 0.049217758985200845 0.04549180327868852
9 0.42619450317124735 0.6657786885245901 0.05225158562367865 0.04817622950819672
9 0.32636363636363636 0.6950922131147541 0.053023255813953486 0.04867827868852459
9 0.394122621564482 0.7305635245901639 0.07184989429175476 0.05842213114754099
9 0.46001057082452435 0.5934733606557377 0.033086680761099364 0.03510245901639344
9 0.48787526427061306 0.6111270491803279 0.03585623678646935 0.03524590163934426
9 0.5349365750528541 0.5899077868852459 0.03617336152219873 0.037161885245901645
9 0.556353065539112 0.6323463114754098 0.03776955602536997 0.04164959016393442
9 0.5990591966173362 0.6313012295081967 0.04390063424947146 0.054436475409836066
9 0.7576109936575053 0.41267418032786884 0.04911205073995772 0.046752049180327875
9 0.6573361522198732 0.8138831967213115 0.06307610993657506 0.05180327868852459
9 0.5600739957716703 0.8389651639344262 0.05804439746300211 0.04883196721311475
9 0.7832558139534884 0.3569467213114754 0.044799154334038055 0.05002049180327869
9 0.73446088794926 0.340922131147541 0.06119450317124736 0.05620901639344262
9 0.6998097251585623 0.37343237704918036 0.05701902748414376 0.03938524590163934
9 0.6601374207188161 0.3528688524590164 0.035644820295983086 0.03573770491803279
9 0.6183615221987315 0.34484631147540984 0.0357399577167019 0.03193647540983607
9 0.7067230443974629 0.22926229508196722 0.04517970401691332 0.042448770491803275
9 0.5900951374207188 0.276280737704918 0.04232558139534884 0.05235655737704918
9 0.5645031712473573 0.3270184426229508 0.03375264270613108 0.03298155737704918
9 0.6651585623678647 0.12885245901639344 0.03937632135306554 0.03743852459016393
9 0.6916913319238901 0.1784733606557377 0.04486257928118393 0.047961065573770494
9 0.6396828752642706 0.1822438524590164 0.041553911205074 0.06686475409836067
9 0.603446088794926 0.1639549180327869 0.0374630021141649 0.03880122950819672
9 0.5526638477801269 0.1607479508196721 0.04952431289640592 0.0476844262295082
9 0.5087315010570824 0.1184938524590164 0.03900634249471459 0.03966188524590164
9 0.5646405919661733 0.1048155737704918 0.06540169133192389 0.05818647540983606
9 0.414830866807611 0.15829918032786885 0.050052854122621566 0.04126024590163935
9 0.46781183932346726 0.17658811475409836 0.04285412262156448 0.04112704918032787
9 0.4024630021141649 0.20378073770491803 0.049386892177589854 0.04786885245901639
9 0.44601479915433406 0.22026639344262294 0.03983086680761099 0.03811475409836066
9 0.45151162790697674 0.25873975409836064 0.04189217758985201 0.03158811475409836
9 0.4745243128964059 0.23299180327868854 0.03202959830866808 0.032756147540983604
9 0.5244186046511629 0.22528688524590162 0.03394291754756871 0.03622950819672131
9 0.5122410147991543 0.26056352459016396 0.032145877378435515 0.03524590163934426
9 0.5423890063424948 0.25191598360655737 0.035021141649048626 0.030850409836065573
9 0.5921458773784355 0.21486680327868854 0.04330866807610993 0.06017418032786885
9 0.5672515856236786 0.24271516393442621 0.0263107822410148 0.033319672131147546
9 0.4111099365750529 0.3241803278688524 0.035930232558139534 0.03728483606557377
9 0.33571881606765325 0.31167008196721313 0.05698731501057082 0.06094262295081967
9 0.41053911205073995 0.3861987704918033 0.04050739957716702 0.06633196721311475
9 0.4430972515856237 0.40367827868852457 0.029418604651162788 0.03125
9 0.44251585623678646 0.3608094262295082 0.02937632135306554 0.04426229508196722
9 0.48076109936575057 0.3482377049180328 0.03171247357293869 0.034036885245901635
9 0.4524524312896406 0.30055327868852455 0.05335095137420719 0.05576844262295082
9 0.48561310782241013 0.38621926229508197 0.031014799154334038 0.04158811475409836
9 0.5236997885835095 0.4260553278688524 0.03330866807610994 0.031762295081967214
9 0.5984355179704017 0.396547131147541 0.03120507399577167 0.032418032786885244
9 0.5791437632135307 0.3740573770491803 0.028911205073995774 0.04635245901639345
9 0.5548202959830867 0.4027561475409836 0.026004228329809725 0.027510245901639346
9 0.5185623678646935 0.3673872950819672 0.03841437632135307 0.03600409836065574
9 0.5319344608879493 0.3926536885245902 0.019767441860465116 0.020850409836065575
9 0.5468498942917548 0.3523053278688525 0.03113107822410148 0.030450819672131146
9 0.5473255813953488 0.3786987704918033 0.02485200845665962 0.02342213114754098
9 0.4616173361522199 0.4906454918032787 0.03764270613107822 0.03418032786885246
9 0.38001057082452433 0.5593954918032787 0.06138477801268499 0.06204918032786885
9 0.42938689217758985 0.510655737704918 0.05011627906976744 0.04138319672131147
9 0.45708245243128964 0.5452561475409836 0.04626849894291755 0.04229508196721311
9 0.4776215644820296 0.5722028688524591 0.03960887949260042 0.03620901639344263
9 0.5167336152219874 0.5399897540983606 0.04218816067653276 0.04016393442622951
9 0.5054651162790698 0.503719262295082 0.0437737843551797 0.029754098360655738
9 0.4867019027484144 0.5227254098360656 0.02624735729386892 0.026741803278688525
9 0.5743974630021141 0.590235655737705 0.03745243128964059 0.03888319672131148
9 0.4990169133192389 0.45959016393442625 0.04027484143763214 0.034006147540983606
9 0.46235729386892177 0.4573975409836066 0.033921775898520086 0.032540983606557376
9 0.47283298097251586 0.42348360655737705 0.041162790697674416 0.04783811475409836
9 0.645137420718816 0.42313524590163937 0.04842494714587738 0.03939549180327869
9 0.6435623678646933 0.38230532786885246 0.046427061310782246 0.043073770491803276