9 0.7077176220806793 0.3724768756423433 0.024171974522292992 0.026927029804727647
9 0.7493205944798301 0.3357142857142857 0.0241932059447983 0.02537512846865365
9 0.78 0.3561356628982528 0.02140127388535032 0.02092497430626927
9 0.7308704883227176 0.34694758478931137 0.026369426751592356 0.030441932168550876
9 0.7585456475583864 0.4130113052415211 0.020488322717622083 0.02081192189105858
9 0.6601061571125266 0.35809866392600204 0.022845010615711252 0.019044193216855087
9 0.6834501061571124 0.37457348406988694 0.025276008492569002 0.021788283658787256
9 0.6200212314225052 0.34602261048304217 0.02308917197452229 0.02277492291880781
9 0.5639171974522293 0.328879753340185 0.021295116772823777 0.021017471736896196
9 0.7081953290870489 0.22874614594039053 0.021815286624203824 0.020616649537512844
9 0.5831847133757961 0.26509763617677284 0.019012738853503186 0.020113052415210688
9 0.5906687898089171 0.28173689619732784 0.022420382165605098 0.020853031860226103
9 0.6364543524416135 0.4250976361767729 0.018747346072186838 0.020585817060637206
9 0.5995010615711253 0.3962487153134635 0.01564755838641189 0.016341212744090443
9 0.6393524416135881 0.3739568345323741 0.02573248407643312 0.02054470709146968
9 0.6468895966029724 0.39467625899280573 0.03118895966029724 0.01668036998972251
9 0.6530891719745223 0.4132374100719424 0.01759023354564756 0.018232271325796506
9 0.6492462845010616 0.4507605344295991 0.019129511677282378 0.02195272353545735
9 0.6764649681528663 0.5024357656731757 0.018365180467091295 0.02305241521068859
9 0.6434501061571125 0.5375642343268242 0.021932059447983016 0.03638232271325796
9 0.5640976645435244 0.447327852004111 0.028853503184713376 0.02671120246659815
9 0.5261995753715499 0.42593011305241524 0.014267515923566879 0.01527235354573484
9 0.5543099787685775 0.4025282631038027 0.01648619957537155 0.017266187050359712
9 0.5790233545647558 0.3678622816032888 0.0168895966029724 0.016639260020554984
9 0.5757324840764332 0.3828674203494347 0.01846072186836518 0.018335046248715313
9 0.5488959660297239 0.3542651593011305 0.020276008492569005 0.024881808838643372
9 0.5494692144373673 0.38173689619732787 0.017802547770700637 0.01821171634121274
9 0.5297133757961784 0.369825282631038 0.01765392781316348 0.02393627954779034
9 0.5126751592356688 0.3642754367934224 0.01494692144373673 0.017060637204522097
9 0.4814968152866242 0.35282631038026724 0.017983014861995755 0.01693730729701953
9 0.48276008492569 0.3785714285714286 0.020509554140127388 0.017800616649537512
9 0.4840552016985138 0.3952929085303186 0.01961783439490446 0.017132579650565263
9 0.49814225053078554 0.4581192189105858 0.030350318471337578 0.026649537512846867
9 0.5044055201698514 0.5065673175745118 0.032409766454352444 0.027327852004110996
9 0.488895966029724 0.5242034943473792 0.017091295116772827 0.01787255909558068
9 0.5131740976645436 0.5381192189105859 0.03111464968152866 0.037852004110996915
9 0.5355626326963907 0.5904110996916753 0.018004246284501063 0.022836587872559093
9 0.5707112526539279 0.5951079136690647 0.033397027600849255 0.027173689619732787
9 0.6400955414012739 0.584655704008222 0.01610403397027601 0.020606372045220967
9 0.6471337579617835 0.6009763617677287 0.019501061571125265 0.022024665981500515
9 0.6894373673036094 0.6404110996916752 0.019766454352441613 0.02156217882836588
9 0.6503609341825902 0.6567728674203493 0.022685774946921446 0.023905447070914698
9 0.6297452229299363 0.6786330935251798 0.021549893842887476 0.020369989722507708
9 0.6680254777070064 0.6745015416238438 0.016953290870488323 0.016320657759506682
9 0.42841825902335456 0.6669681397738952 0.021666666666666667 0.019815005138746147
9 0.38268577494692146 0.7278108941418293 0.02349256900212314 0.014912641315519013
9 0.40082802547770696 0.7371428571428571 0.022176220806794055 0.018376156217882834
9 0.4890552016985138 0.606896197327852 0.016528662420382166 0.01699897225077081
9 0.46152866242038215 0.5925590955806782 0.01640127388535032 0.019537512846865366
9 0.47734607218683656 0.5722713257965057 0.027101910828025478 0.022867420349434738
9 0.556995753715499 0.6322918807810894 0.02078556263269639 0.02051387461459404
9 0.5706687898089172 0.6165364850976361 0.014118895966029724 0.02276464542651593
9 0.5915498938428875 0.6214182939362796 0.02083864118895966 0.019023638232271326
9 0.5998513800424627 0.6406166495375129 0.02078556263269639 0.02198355601233299
9 0.4690445859872611 0.5396916752312436 0.016624203821656053 0.02100719424460432
9 0.4257537154989384 0.5081500513874615 0.01720806794055202 0.018694758478931144
9 0.4418895966029724 0.5173484069886948 0.01851380042462845 0.01935251798561151
9 0.38485138004246283 0.560092497430627 0.029713375796178342 0.03478931140801644
9 0.45153927813163486 0.5374511819116137 0.012993630573248408 0.013987667009249742
9 0.45069002123142254 0.5490236382322714 0.015743099787685774 0.016032887975334018
9 0.4584288747346072 0.4874820143884892 0.012823779193205945 0.014480986639260021
9 0.4689915074309979 0.49648509763617676 0.018375796178343947 0.01813977389516958
9 0.41805732484076435 0.3763206577595067 0.02361995753715499 0.024265159301130525
9 0.44291932059447986 0.36256937307297016 0.022770700636942674 0.03389516957862281
9 0.4460934182590234 0.4001438848920863 0.016921443736730362 0.020421377183967113
9 0.4738004246284501 0.4147070914696814 0.02176220806794055 0.022548818088386435
9 0.4780148619957537 0.43916752312435764 0.014267515923566879 0.019136690647482014
9 0.4650955414012739 0.45917780061664953 0.022653927813163482 0.02708119218910586
9 0.40986199575371546 0.39878725590955805 0.02029723991507431 0.021089414182939362
9 0.415307855626327 0.3270400822199383 0.017239915074309976 0.020226104830421376
9 0.4570700636942675 0.2921068859198356 0.03102972399150743 0.025477903391572455
9 0.4402972399150743 0.3126310380267215 0.02451167728237792 0.02433710174717369
9 0.456380042462845 0.25806783144912643 0.020042462845010614 0.02070914696813977
9 0.47599787685774947 0.234830421377184 0.022685774946921446 0.01896197327852004
9 0.447484076433121 0.22207605344295994 0.023195329087048834 0.02047276464542652
9 0.4064012738853503 0.201294964028777 0.018609341825902338 0.016032887975334018
9 0.5248195329087049 0.22659815005138745 0.020541401273885353 0.023607399794450153
9 0.5122080679405521 0.263186022610483 0.020127388535031848 0.023329907502569372
9 0.5665711252653928 0.243535457348407 0.022505307855626325 0.024563206577595066
9 0.5436305732484077 0.251983556012333 0.025424628450106155 0.025416238437821172
9 0.555828025477707 0.16044193216855088 0.02628450106157113 0.030534429599177803
9 0.58619957537155 0.2013977389516958 0.014681528662420382 0.017923946557040084
9 0.5885456475583863 0.22446043165467627 0.022473460721868368 0.0271120246659815
9 0.6016135881104034 0.16683453237410073 0.023715498938428874 0.028972250770811923
9 0.6293205944798302 0.16435765673175745 0.021581740976645433 0.02064748201438849
9 0.6448089171974521 0.1769989722507708 0.018067940552016985 0.01976361767728674
9 0.6381953290870488 0.20006166495375127 0.019076433121019108 0.02104830421377184
9 0.6004564755838642 0.20149023638232272 0.011730360934182591 0.01564234326824255
9 0.6908280254777069 0.18062692702980473 0.02602972399150743 0.0244912641315519
9 0.8244585987261146 0.5798355601233298 0.016581740976645436 0.020883864337101748
9 0.7248832271762209 0.7244090441932168 0.01632696390658174 0.018571428571428572
9 0.7172823779193206 0.736803699897225 0.01599787685774947 0.016012332990750257
9 0.6100636942675158 0.7783967112024666 0.018662420382165604 0.020760534429599176
9 0.6656050955414012 0.821551901336074 0.017473460721868367 0.017810894141829393
9 0.6450530785562633 0.8095477903391572 0.015021231422505308 0.016115107913669064