9 0.50502079002079 0.727452025586354 0.034002079002079 0.0367910447761194
9 0.5439397089397089 0.7659914712153518 0.037827442827442825 0.03878464818763327
9 0.48487525987525987 0.7995735607675906 0.03437629937629938 0.03753731343283582
9 0.5486382536382536 0.8376439232409382 0.0838045738045738 0.09200426439232409
9 0.6685239085239085 0.7849466950959488 0.027505197505197507 0.02831556503198294
9 0.7724220374220375 0.5824840085287847 0.03195426195426195 0.038816631130063964
9 0.15899168399168398 0.5416950959488273 0.03491683991683992 0.033987206823027714
9 0.30466735966735964 0.4902665245202559 0.030207900207900207 0.03289978678038379
9 0.3042827442827443 0.5187100213219616 0.029168399168399167 0.03462686567164179
9 0.275 0.6391151385927506 0.029438669438669438 0.03196162046908316
9 0.31168399168399163 0.5687633262260128 0.03449064449064449 0.05140724946695096
9 0.281995841995842 0.5896908315565031 0.030405405405405407 0.033219616204690834
9 0.31148648648648647 0.6076119402985075 0.030987525987525986 0.031055437100213218
9 0.23985446985446987 0.5391577825159914 0.04862785862785863 0.060618336886993605
9 0.2098856548856549 0.6510980810234541 0.04886694386694387 0.03757995735607676
9 0.23326403326403328 0.6929424307036247 0.03705821205821205 0.036162046908315565
9 0.32471933471933473 0.6813006396588486 0.0329002079002079 0.031226012793176973
9 0.6304261954261955 0.8485287846481876 0.025343035343035343 0.02436034115138593
9 0.6575155925155924 0.8002452025586354 0.023513513513513516 0.023912579957356076
9 0.6595114345114346 0.8208315565031984 0.02392931392931393 0.020490405117270787
9 0.4214241164241164 0.2042857142857143 0.03076923076923077 0.028443496801705756
9 0.557027027027027 0.22509594882729209 0.03071725571725572 0.04414712153518123
9 0.5567775467775468 0.2805756929637527 0.035467775467775464 0.031513859275053305
9 0.5238877338877339 0.2543816631130064 0.03183991683991684 0.03186567164179104
9 0.5055093555093555 0.3334115138592751 0.04057172557172557 0.037867803837953094
9 0.6851871101871102 0.4201599147121535 0.03262993762993763 0.02993603411513859