9 0.3262141472166731 0.5488667556343763 0.04529575937998924 0.04523116981349522
9 0.2872268855188368 0.6567789986548701 0.03973002795162333 0.038490335918889666
9 0.4473272762927712 0.6827130333803154 0.04094763807765632 0.042895271256762936
9 0.5234448614097986 0.458624528191966 0.037705201358113914 0.041689198867597636
9 0.5487145265681085 0.251303188761136 0.04415276628278453 0.043009640589159306
9 0.5029066374456365 0.19884251819084914 0.037667892843699716 0.04059749581082908
9 0.4588725821309134 0.21967844486725113 0.05918464826887813 0.04572677025388035
9 0.43289577986015937 0.22858881771899572 0.034201605037671626 0.03284120508105255
9 0.6805894600354716 0.1171935507365923 0.033095920454881356 0.0317113789134852
9 0.7370081948301249 0.12521844242115848 0.0363756656888382 0.03400915435941884
9 0.6982329153863858 0.2112775627508817 0.03423891355208607 0.03393290813782117
9 0.7963657921772591 0.2820008731572401 0.033133228969295554 0.032803081970253764
9 0.7216761200672904 0.3547550740953481 0.040686478476756674 0.03525334985938278
9 0.7954381400802946 0.5125980183555985 0.04091032956324212 0.04180356819999413
9 0.8723714064626884 0.4054932942400797 0.04098494659207076 0.04398697431353125
9 0.6977937006554824 0.16152882744631455 0.06660223456831964 0.07543149145142455
9 0.7243012642817487 0.41879125691490376 0.036226431631180916 0.02964234213234458
9 0.6953058537337602 0.5942816537008507 0.02753018902651557 0.024970545018879527
9 0.3501423625849633 0.6781521272408515 0.030921859803715018 0.03054342963511894