9 0.45598384945277787 0.15591495114323412 0.08813717597076029 0.07813836492784149
9 0.5172533466279993 0.3113455382805863 0.06203127084820989 0.060043089090254444
9 0.48041067458939135 0.3422277682762831 0.07081631844471717 0.059322976932685234
9 0.5643905037567954 0.43308872060168935 0.05302135085896308 0.055421320905943317
9 0.5696000803087435 0.34673618318660887 0.051512827792649915 0.04576240330170772
9 0.41877011337603876 0.3355626525763096 0.07196504568264697 0.06043488598991228
9 0.377665170477537 0.27832562342540607 0.0666261797999291 0.06449072531916215
9 0.3430974656755148 0.3107233515459652 0.07347356874896015 0.07009380359414775
9 0.32391483778701735 0.34090905372004815 0.055972813308725416 0.04700491132548722
9 0.28266654488567183 0.24087168235082565 0.0744423980726982 0.06693220837787041
9 0.21928319803847654 0.35038656800276075 0.05867503809151629 0.05884411405532581
9 0.3142705554205937 0.5451529890617285 0.0621212198053057 0.06217984122700658
9 0.2708119153579365 0.6421103776677857 0.0632699470432355 0.06329175028423363
9 0.24121861011296483 0.5694372206822579 0.07736949524822874 0.0841132914495892
9 0.39613003556400384 0.5199863054962041 0.043561686084236974 0.040115792037871384
9 0.3804769898141496 0.48956932836835937 0.044800362279262713 0.043364453231850446
9 0.40845684793627035 0.4451247069001552 0.04700786779802651 0.04345151920955216
9 0.3664036849183464 0.4178892736414834 0.05266155503057972 0.04687431235893477
9 0.37237594957065107 0.37591787605286064 0.06737013673092776 0.05598724976100458
9 0.625482030233005 0.24286790879851017 0.06088254361027996 0.05893118003302752
9 0.18376448065470616 0.29453443801016704 0.06923845562562417 0.07419317591224847
9 0.14518277905217164 0.3891591760296434 0.06459857219535706 0.0686771636149647
9 0.6882507094799716 0.22380493287975634 0.06291015121485213 0.05474474173722496
9 0.6997913829050176 0.27471695375657523 0.07250473942522209 0.0732553988104251
9 0.660741205347646 0.30568624972997377 0.053426121165894354 0.06503670552132794
9 0.6779927231209091 0.3478118306211044 0.04590411503864461 0.043407986220701425
9 0.6814698186411725 0.3910157619070588 0.041444129522568984 0.04216547819692169
9 0.8154118196989135 0.316173226845107 0.05408012913979695 0.05439647782641799
9 0.7515665454291232 0.42784663112821963 0.06502770777652038 0.05269505557817454
9 0.6943391172183401 0.4472261301369072 0.04250290780340311 0.041140635117396594
9 0.9182819426442537 0.3699040325519859 0.048246543993052 0.04670018040353122
9 0.8688070270583339 0.3370754953447763 0.06070264569608834 0.054657675759523246
9 0.857743256155325 0.38941413052722607 0.07946644260558061 0.05539773656998806
9 0.8731592468753235 0.42733150662812863 0.04930532227388612 0.04567533732400601
9 0.870351134428405 0.4788094563600088 0.06203127084820989 0.060043089090254444
9 0.9105668923581064 0.5280554314925172 0.05049902399036382 0.04785562244960913
9 0.9314969763777305 0.47372243530784564 0.0759958956175594 0.07765950205048194
9 0.8563077797314855 0.6179477510140252 0.05426002705398857 0.0586699820999225
9 0.8429090920139011 0.5622933373127903 0.0528864274233195 0.052216192700815116
9 0.8063119015723489 0.62527038234862 0.06203127084820989 0.060043089090254444
9 0.7938698605413866 0.5792095867683443 0.04829151847160028 0.04776855647190717
9 0.7530881655599202 0.5690464041092642 0.042817729153238566 0.048619267596029074
9 0.7837355785884418 0.5485749446962452 0.0413092060869254 0.03896034999179372
9 0.7977161420648232 0.4998667932809846 0.0458141660815488 0.041271234083949164
9 0.7588027659780533 0.5078224707954467 0.04351671160568894 0.039047415969495194
9 0.7713853645495333 0.47843215458865707 0.040295402284639306 0.041053569139694886
9 0.8175771432014555 0.43326923880441365 0.07399265328721916 0.05624844769410972
9 0.784192835513753 0.4543837187237478 0.04218808645356765 0.03366200263876412
9 0.6781660233226369 0.6014305222203158 0.04700786779802651 0.04345151920955216
9 0.6825304257767425 0.6788442541887298 0.07678482702710585 0.07022440256070032
9 0.6115360874527918 0.5944271169359832 0.07942146812703284 0.05432936050161199
9 0.5968068965481278 0.5596931025457832 0.03896677713251776 0.03566815580896356
9 0.6429499446515858 0.5658993040212928 0.05340551196157825 0.03837083680077696
9 0.6607139984308661 0.5282785023574283 0.042412958846307296 0.03900388298064446
9 0.708600746595535 0.5627749031504783 0.06993743807807505 0.06462132428571483
9 0.6210810306873294 0.5191401627778733 0.05124298092136249 0.03935214689145131
9 0.5827682615287144 0.47570495653815714 0.04135418056547318 0.04002872606016955
9 0.623443154418685 0.4045409590341034 0.0413092060869254 0.03896034999179348
9 0.6453814081357212 0.4266839177160225 0.055613017480342045 0.03845790277847867
9 0.6119746132087449 0.4472642096011685 0.03552059541872848 0.032332428637282785
9 0.6452080587537715 0.48822437411977354 0.04599406399574042 0.04554473835745344
9 0.6196540300109122 0.4721098492749009 0.026375751993837827 0.024505532247843454
9 0.6645480973171867 0.46177798818500687 0.03901175161106579 0.03673653187733975
9 0.6367518931791738 0.45805862059858626 0.029911882664722923 0.029978011556276368
9 0.5060312014424826 0.5306338045572333 0.04378655847697663 0.04545767237975173
9 0.4228843145555829 0.6040080101662333 0.07917223046006126 0.0745849728119063
9 0.4807554461381107 0.560524750135808 0.0542600270539887 0.0586699820999225
9 0.4473524072810503 0.528667548692825 0.05412510361834498 0.05546485389479418
9 0.4209091935693907 0.5045619698295573 0.04603903847428845 0.04661311442582951
9 0.46033134959226163 0.46929740308822904 0.05173770018538956 0.051104283643588065
9 0.49747478230863085 0.48495483155016755 0.04065519811302255 0.04960057768670343
9 0.47494810430055573 0.5013604773074888 0.03441684265934645 0.03228889564843193
9 0.4134153087862889 0.4053335944371355 0.04930532227388612 0.04567533732400601
9 0.5438651900441025 0.49703710140174556 0.04498026019345434 0.04763795750535472
9 0.5420830640365859 0.5334924866930844 0.04250290780340311 0.041140635117396594
9 0.5794082727021048 0.5272046727644627 0.060567722260444504 0.05145254755439492
9 0.60086495339982 0.35406426804579316 0.05196257257812922 0.05644616398546841
9 0.6442711068440974 0.3609134900276179 0.05522885637772688 0.05550838688364503