9 0.6704199999999999 0.3343632567849687 0.04286 0.04647181628392485
9 0.5686 0.350062630480167 0.04882 0.04777661795407098
9 0.6789700000000001 0.40355949895615867 0.027280000000000002 0.028308977035490606
9 0.66022 0.49945720250521924 0.037840000000000006 0.03744258872651357
9 0.58438 0.565062630480167 0.02655 0.024133611691022967
9 0.44205 0.5125991649269311 0.04412 0.039645093945720244
9 0.24928999999999998 0.38829853862212943 0.062079999999999996 0.07005219206680585
9 0.21506999999999998 0.4304592901878914 0.04556 0.04197286012526096
9 0.24956 0.48383089770354903 0.048909999999999995 0.05035490605427975
9 0.18046 0.6151774530271399 0.02944 0.03605427974947808
9 0.10241 0.576043841336117 0.03369 0.034060542797494785
9 0.09087 0.6322442588726515 0.04136 0.036064718162839245
9 0.13978 0.606482254697286 0.05695 0.05478079331941545
9 0.21639 0.7263361169102297 0.030879999999999998 0.03355949895615866
9 0.30292 0.6709081419624218 0.02511 0.03511482254697286
9 0.35819 0.6897807933194154 0.0299 0.03471816283924843
9 0.42193 0.7835699373695199 0.03624 0.043653444676409185
9 0.31265 0.8316805845511482 0.049890000000000004 0.04553235908141962