9 0.6853943485994318 0.3096529284164859 0.15715989125259258 0.113882863340564
9 0.7183221852094811 0.559652928416486 0.077107239445926 0.0650759219088937
9 0.6322350774759007 0.6518438177874186 0.067107239445926 0.0650759219088937
9 0.5604580730845429 0.35357917570498915 0.057985597973481615 0.055314533622559656
9 0.5207291532601972 0.36550976138828634 0.05126720851046912 0.05314533622559653
9 0.4748507947326417 0.3557483731019523 0.06020782019570371 0.055314533622559656
9 0.39465683424634534 0.36388286334056397 0.0587605109083457 0.04121475054229935
9 0.35848153414496264 0.3432754880694143 0.060130236001185215 0.052060737527114966
9 0.3859609768334318 0.40238611713665945 0.04436778926024696 0.04338394793926247
9 0.3357794825410614 0.43329718004338397 0.0871848236404445 0.06832971800433839
9 0.29308021796812317 0.3834056399132321 0.06682276406602468 0.05314533622559653
9 0.25782253299671576 0.34761388286334055 0.048838095102864194 0.044468546637744036
9 0.2767848255336785 0.5542299349240781 0.06514363120543218 0.07592190889370933
9 0.3159457236085428 0.5195227765726681 0.07072504815916053 0.0770065075921909
9 0.22727479858348096 0.6035791757049892 0.060595741168296385 0.07158351409978309
9 0.5231305472489873 0.4511930585683297 0.05449709625111116 0.04880694143167028
9 0.5413590414741477 0.5254880694143167 0.04886395650103698 0.0455531453362256
9 0.5064500208729131 0.49837310195227763 0.03979403782493831 0.03796095444685466
9 0.45526179007244405 0.47830802603036876 0.048863956501037115 0.0455531453362256
9 0.5002714692354069 0.6409978308026031 0.05232659682523465 0.0509761388286334
9 0.4506843225958513 0.6702819956616052 0.048993263491901314 0.0509761388286334
9 0.4221066994953575 0.6106290672451193 0.04656415008429626 0.04229934924078091
9 0.4740079767662218 0.5075921908893709 0.0384760355284445 0.02928416485900217
9 0.3041427823736042 0.8747288503253796 0.052249012630716025 0.04772234273318872
9 0.2706422789624684 0.8351409978308026 0.07116376291777783 0.04880694143167028
9 0.2766000797051845 0.7483731019522777 0.05695207105688894 0.05856832971800434
9 0.19749229794214754 0.7109544468546638 0.05098273313056792 0.04121475054229935
9 0.20698939419325868 0.6621475054229935 0.05457468044562966 0.052060737527114966
9 0.19123755562560424 0.7868763557483731 0.0476235383990618 0.04013015184381779
9 0.18709098176530803 0.7510845986984815 0.04646070449160498 0.03796095444685466
9 0.4255397623800981 0.7928416485900217 0.06431606646390126 0.04121475054229935
9 0.5423491312418759 0.7635574837310195 0.06416182708518514 0.08134490238611713
9 0.5748128562002954 0.9631236442516269 0.05690034826054317 0.05639913232104121
9 0.5356801420494066 0.8801518438177874 0.09535052239081489 0.08459869848156182
9 0.4701763092901967 0.8779826464208242 0.054703987436493864 0.057483731019522775
9 0.3845953568416289 0.8557483731019523 0.04992334481580252 0.04338394793926247
9 0.6856561386718758 0.7879609544468547 0.06821835055703711 0.0650759219088937
9 0.7953056162810609 0.8725596529284165 0.06305071597407429 0.08134490238611713
9 0.8225832773409131 0.6838394793926247 0.07664266328913577 0.09219088937093275
9 0.7211567198949621 0.9533622559652929 0.053153232556444434 0.039045553145336226
9 0.40178157399755493 0.7174620390455532 0.039819899223111105 0.039045553145336226
9 0.37166519770577716 0.7223427331887202 0.048089043566172905 0.0596529284164859
9 0.34060580939101176 0.720173535791757 0.04095687173239513 0.04013015184381779
9 0.39459721486227095 0.762472885032538 0.039690592232247024 0.033622559652928416
9 0.2241779338749873 0.40726681127982645 0.052688656399654345 0.06616052060737528
9 0.3129273721048887 0.27331887201735355 0.044522957649283955 0.049891540130151846
9 0.43082841830644397 0.5710412147505423 0.04082756474153093 0.03470715835140998
9 0.47302524363565385 0.5488069414316703 0.14801238838197542 0.10303687635574837