9 0.4265875494794034 0.7584685481349382 0.03385069686562464 0.02948984968914917
9 0.3942826351231154 0.8058865792817742 0.03272457073949851 0.02945172657835038
9 0.4224797582964177 0.8346399618885448 0.026956281738717745 0.025986001854050506
9 0.40298287085090395 0.7854682676449618 0.03849285974027915 0.03291745130265025
9 0.4797535054002426 0.8060546780605654 0.025784269489208412 0.02485617568648316
9 0.40213780977478036 0.7118545575346817 0.025876041735975085 0.027039581800020276
9 0.42386592251408894 0.7338480446914474 0.02826595235837747 0.030390937191923532
9 0.3807787021257727 0.6718860930520338 0.029300306237736797 0.028245654189185204
9 0.35202043199264144 0.6164050471098328 0.026956281738717745 0.025986001854050506
9 0.2715368034786018 0.7750225584246686 0.02700216786210121 0.027077704910819067
9 0.28681791588255034 0.6436317661054516 0.025738383365825013 0.023764472629714598
9 0.3061685475819196 0.6491925227444907 0.02700216786210121 0.027077704910819067
9 0.4693860905818987 0.6797914210052021 0.02573838336582495 0.023764472629714598
9 0.43138746471960754 0.6452554766727984 0.021050334367787103 0.019245167959444708
9 0.415227834698615 0.6888594806991434 0.027139826232251217 0.030352814081124745
9 0.438496964777734 0.6940078166975941 0.023944992347406182 0.03460525697580236
9 0.4600310195442804 0.698007264973078 0.023394358866806027 0.021504820294579653
9 0.49961846497299944 0.6900811594239045 0.026864509491951075 0.02380259574051339
9 0.5607151060033391 0.7123172524018613 0.027944749494693995 0.02274901579454362
9 0.592306869343951 0.6746864256551435 0.04398583200075978 0.02983295768633902
9 0.4796875754585781 0.6038296843609892 0.03516036748528411 0.033894785027022444
9 0.4494571171707114 0.566831344162256 0.019832435994894305 0.0170236387351088
9 0.4294143614141237 0.5983122452317503 0.022222346617296693 0.020374994127012058
9 0.39691538908507357 0.6277362374973046 0.02109622049117044 0.020336871016213266
9 0.4124517242339227 0.6228114457646455 0.023394358866806027 0.021504820294579653
9 0.37599219960820773 0.5981389520539576 0.03028877399371292 0.025008668129678318
9 0.40625994664346304 0.595893166875221 0.023394358866806027 0.021504820294579653
9 0.3897141167801805 0.5768004913589716 0.02907087562082012 0.02278713890534241
9 0.3805798789834844 0.560139022176452 0.02213057437053002 0.018191588013474938
9 0.3624261186985504 0.5295453414533338 0.021142106614553773 0.02142857407298195
9 0.3904874996049369 0.5283150131097679 0.02236000498744657 0.02365010329731786
9 0.40843668843787995 0.5272874282973966 0.022314118864063363 0.022558400240549423
9 0.4790260588759878 0.5345827864777833 0.035252139732050776 0.036078191140559435
9 0.5324941068052872 0.5358477827123446 0.03647003810494358 0.038299720364895345
9 0.5486059345996622 0.5178606774092618 0.022222346617296565 0.020374994127012182
9 0.5681506242717935 0.5414154729295826 0.047731299366204835 0.03868095147288386
9 0.6284547716221535 0.5581739890682973 0.02794474949469374 0.02274901579454362
9 0.6406442688303102 0.5940165079658646 0.03534391197881745 0.03826159725409668
9 0.642546626847485 0.6660307866017906 0.025600724995675072 0.020489363459408924
9 0.6618743154851625 0.6710456917124453 0.026864509491951075 0.02380259574051339
9 0.7118808101653114 0.7103487409353111 0.02691039561533454 0.024894298797281948
9 0.7219155756776852 0.6681726143847253 0.03038054624047959 0.027192074243215434
9 0.741739414296585 0.6448604246855958 0.026956281738717745 0.025986001854050506
9 0.7451034469892661 0.6847647709238464 0.021096220491170565 0.020336871016213266
9 0.6909748656175531 0.44037403947168685 0.025784269489208412 0.02485617568648291
9 0.7477562949466239 0.38669864689343003 0.021371537231470325 0.02688708935682462
9 0.7608549172464534 0.40403939849213 0.024704029486465495 0.02590975563245268
9 0.6376282142694724 0.5088827310933164 0.022222346617296693 0.020374994127012304
9 0.6168426831627567 0.48256055482027527 0.02442871274616574 0.019359537291841325
9 0.5984786031161293 0.5004714139017603 0.02948385073127027 0.03261246641625944
9 0.6775435438346354 0.5756429771557919 0.026956281738717745 0.025986001854050506
9 0.6635921960457459 0.5915229225669353 0.027761205001160395 0.018382203567469384
9 0.6728870352742836 0.612005352448145 0.025784269489208412 0.02485617568648316
9 0.6950988684123517 0.6187531199209496 0.028082407864843874 0.026024124964849297
9 0.5611787825838171 0.4959382420750926 0.02564661111905828 0.021581066516177357
9 0.5189863416014762 0.4552645000426658 0.02334847274342282 0.020413117237811095
9 0.5320161347162304 0.470967697056213 0.024520484992932152 0.021542943405378445
9 0.5675741986632097 0.4073075509456447 0.04426114874105979 0.03638317602695025
9 0.555940100105179 0.4783185007236002 0.01866042374538497 0.01589381256754145
9 0.5676497091210452 0.47598953574506675 0.021050334367787103 0.019245167959444833
9 0.5030685717798633 0.4912456442270303 0.018660423745384843 0.01589381256754145
9 0.514719865089883 0.5009063513175516 0.023394358866806027 0.021504820294579653
9 0.37534694481454883 0.462393475484867 0.03155255848998905 0.028321900410783033
9 0.3652098935761795 0.4887589692677082 0.041687693625124186 0.028665008407972634
9 0.40678478799607953 0.48798611825372856 0.02564661111905828 0.021581066516177357
9 0.42759326216448695 0.5148541460551538 0.029208533990970127 0.026062248075648088
9 0.4546432322532057 0.5163149522427105 0.024382826622782145 0.018267834235072767
9 0.4736621476096627 0.5006065608301621 0.03375892461885797 0.02730644357561205
9 0.39792778304291765 0.45116626563178924 0.02691039561533454 0.024894298797281948
9 0.32145349219233643 0.46438452686521203 0.02564661111905828 0.021581066516177232
9 0.2919409500896722 0.5113520142606608 0.034126013605924654 0.03604006802976052
9 0.3107992640142875 0.4918226621494224 0.031598444613372384 0.029413603467551466
9 0.2549623324210434 0.514460763831373 0.02578426948920835 0.024856175686483035
9 0.2339894246143258 0.5371889788913193 0.024704029486465624 0.02590975563245268
9 0.2142611904486611 0.5092673711439244 0.027048053985484547 0.028169407967587625
9 0.1844790799153992 0.4695588348586692 0.021187992737937172 0.02252027712975051
9 0.23443394016246216 0.5878959863648591 0.02916264786758679 0.024970545018879527
9 0.2714020443518622 0.5711600101399394 0.02916264786758679 0.024970545018879527
9 0.260320495377666 0.628562794819087 0.03150667236660572 0.027230197354014225
9 0.26491868823217135 0.6041900915957885 0.032770456862881846 0.03054342963511894
9 0.16861004528346174 0.6270933158741333 0.03849285974027915 0.03291745130265025
9 0.21862896954607347 0.6533149899711759 0.022130574370529895 0.018191588013474938
9 0.24394386432221962 0.6536269084357659 0.03375892461885797 0.0273064435756123
9 0.18459089598044712 0.6728755316150141 0.03610294911787689 0.029566095910747
9 0.1869330043762319 0.7018437857301798 0.026956281738717874 0.025986001854050506
9 0.20327234668428948 0.7160237974909707 0.024520484992932218 0.02154294340537869
9 0.2270481402238594 0.7064722653338448 0.025738383365825013 0.023764472629714598
9 0.2215006844640009 0.668129227459149 0.01861453762200151 0.014802109510772894
9 0.2165067112510346 0.7633482600400073 0.03169021686013906 0.03159700958108846
9 0.6718583795275084 0.8550739029995451 0.02564661111905828 0.021581066516177482
9 0.8097371517265917 0.7376447957129206 0.02330258662003961 0.019321414181042537
9 0.8211255578787743 0.7276739093370072 0.02105033436778736 0.019245167959444708
9 0.8455638511411107 0.6134904377286945 0.02573838336582495 0.023764472629714598
9 0.9028547929969246 0.6655768107691918 0.022222346617296693 0.020374994127012304
9 0.8857229570088874 0.6459192221691586 0.021004448244403638 0.01815346490267615