9 0.3471690047978815 0.8332789995343689 0.06512258067299971 0.07998635243557445
9 0.47860861221007667 0.7403481475019329 0.05994187209762678 0.051856058150745635
9 0.46458705933664546 0.6817252012163116 0.05025664207341371 0.051801558574062254
9 0.4596594968427167 0.6243243084711848 0.05747830289616527 0.04832955269451403
9 0.5137448973294433 0.6421918651767908 0.04654015742351731 0.04475536010868414
9 0.5876731042209945 0.7497434691447737 0.03923397320994912 0.04120160486411058
9 0.7028260830765525 0.7621002534914255 0.04033192910855372 0.03184073581236716
9 0.7349146029656485 0.6621704997675394 0.03792470883430301 0.03299807110554981
9 0.5955327654537326 0.4471149789611718 0.05754873905517906 0.054184353631282184
9 0.5087236473737686 0.3254403220505484 0.051425034131032096 0.048295490459086717
9 0.49248505185542407 0.283782673587384 0.04648380849630622 0.04007151935926968
9 0.35803909272635526 0.2777571711178102 0.05381816717347982 0.04596719497855044
9 0.30642388096598583 0.2136537181294494 0.05984326147500738 0.04365933683927029
9 0.33503582323683795 0.17693197095786034 0.04289410893263457 0.043563962580074306
9 0.32948180301869173 0.1177712317081603 0.09177105047138838 0.08130718645880758
9 0.3849750785036838 0.15203904348380254 0.04044462696297561 0.0412084173111962
9 0.4086889050172296 0.211301969439784 0.0441047626856612 0.043570775027159725
9 0.48679015931925024 0.21291233246414767 0.05871713111279731 0.05067828551630665
9 0.5527219076388977 0.25953313200722916 0.05759100075058731 0.057697234193343
9 0.6352928894012573 0.28048818168772677 0.056422608692969056 0.06120330230831841
9 0.4856490935432262 0.11806455728850368 0.06357383335670669 0.05187649549200197
9 0.4602610069001794 0.17119677820075713 0.05761917521419285 0.060039154568050195
9 0.4258485178546326 0.12826598284395765 0.0525652517250448 0.042447501969404056
9 0.41542455634278563 0.16743183709653542 0.046526070191714466 0.04358439992133057
9 0.7782864055065603 0.5945034632196471 0.041655280716002524 0.041215229758281555
9 0.7993957905006167 0.6385302818458605 0.04528724197508243 0.04123566709953789
9 0.7923828936088729 0.3574793995397329 0.05388860333249361 0.05182199591531859
9 0.8424348467301409 0.3419541535645042 0.06002639548844328 0.058881819274867415
9 0.7518686786688946 0.41111194495709535 0.034278660343420544 0.03180667357693998