9 0.3567875342621721 0.4677019784638855 0.046591859215101034 0.04946534690210328
9 0.22282602058479822 0.3250600443354417 0.042019955512424316 0.048294555918986674
9 0.5673572208470458 0.41001894100363734 0.050000950124191944 0.049485316569646526
9 0.22159898514654075 0.41943366734524384 0.04897038311671719 0.05405531905270029
9 0.5171810257662376 0.1809230551025702 0.048838137330606136 0.04833449525407342
9 0.409108409228384 0.2243343689906117 0.03491083296479809 0.03566880422692065
9 0.2572045449704799 0.1656720549746488 0.03372157101398999 0.033373818151622076
9 0.0961616239281821 0.35063029955417513 0.03958853329636369 0.04141625424893873
9 0.2799776672408337 0.4872722159614313 0.032664554849292995 0.03679965587495063
9 0.24841075241626304 0.49795539761508484 0.036073645758383836 0.03681962554249375
9 0.21958085030209648 0.6024634178441451 0.04170256562575761 0.034564578802281996
9 0.4614373602502275 0.3991023984722657 0.04067199861828292 0.039134581285335764
9 0.48655638145772767 0.4043975841196811 0.030312480104898946 0.03335384848407876
9 0.6464303910592681 0.5866596466873022 0.04754307875090908 0.041462850139873185
9 0.5642683701971974 0.5713062327898322 0.040777795247171865 0.04371124032423723
9 0.541685617710455 0.528273579739022 0.041834811411868726 0.040285402600909
9 0.4568144584814903 0.4940281341943873 0.04072489693272727 0.041422910804786564
9 0.34903563304565716 0.6976025447764416 0.04408108952737383 0.03915455095287901
9 0.2723584868725259 0.7474898201287866 0.044107538684596 0.040298715712604405
9 0.30252549661270267 0.7745507624343756 0.041861260569090904 0.0414295673606344
9 0.3548903208736117 0.75426532660624 0.062474500966969645 0.04841437392424653
9 0.3375019774084602 0.7884837645044376 0.041834811411868726 0.040285402600909
9 0.5764651550133338 0.60741398827966 0.03953563498191928 0.03912792472948793
9 0.3322041470684603 0.8296370847973892 0.043024073362676836 0.0425803886762075
9 0.5873055089776775 0.8797518273176964 0.04299762420545454 0.04143622391648211
9 0.4778660102219197 0.6182765155181577 0.0571100726718183 0.06211106826171281
9 0.6319178797998993 0.37664883255298515 0.04183481141186886 0.040285402600909
9 0.6328280004135861 0.29314144648265034 0.045217453163737466 0.03916120750872684
9 0.5499665020714144 0.3212563086209739 0.04413398784181817 0.04144288047232981
9 0.6792361407144195 0.4083862822351924 0.04416043699904047 0.04258704523205521
9 0.562442903286768 0.46776265031260733 0.04653896090065656 0.04717701738265248
9 0.6028371857542176 0.4948835016208264 0.046380265957323405 0.04031202882430008
9 0.34627684463891434 0.16047377081007214 0.037183560237525365 0.03568211733861618