9 0.6583986152292685 0.44040992086893693 0.025144094731072857 0.02507333861174346
9 0.6326036107245141 0.6633607179577253 0.02195003288489188 0.023921547208443136
9 0.610525173813684 0.6904602312678634 0.018499162986834183 0.016413823601752864
9 0.5985425385451503 0.7013925059613206 0.016355521308720436 0.015292855321586469
9 0.5555921217000518 0.686781835062908 0.01858476567079325 0.018532467669549475
9 0.6105661878660921 0.6634783425265907 0.027544544461063327 0.032550239095299804
9 0.5873517281032358 0.6927273230276594 0.017534345502726024 0.018501644546415428
9 0.5864609193228059 0.6758244051699875 0.01942117912896305 0.013266680623191994
9 0.5703095980332733 0.6990467641842443 0.01543350516659157 0.01843999830014734
9 0.5714982289179881 0.6826118610972537 0.019635185838860238 0.01856329079268352
9 0.48357056359533473 0.6386370686336871 0.02072840734890688 0.019653435949715872
9 0.4533107914510018 0.6215378761898694 0.02615171355716079 0.024044839700979318
9 0.4078003134882756 0.6313378467558187 0.027287736409186844 0.02619430689190973
9 0.4629518171338001 0.5387258188069975 0.024008071879046803 0.02292387142081292
9 0.40436190781335085 0.5087030758086875 0.02387966785310868 0.019745905319118007
9 0.45078280793792536 0.4893537953760864 0.021693224833015397 0.017565615005053305
9 0.32913561092889126 0.6177751620439628 0.035562693727786296 0.02326292577528718
9 0.32901522630409086 0.5818044475761215 0.020728407348906998 0.019653435949715872
9 0.2916218815618985 0.6373921069468739 0.030695804965265007 0.0326427084647017
9 0.3055189832392257 0.5660938878827803 0.017448742818766957 0.01638300047861882
9 0.28552800539467815 0.5545127353940631 0.018755971038710666 0.022769755805142695
9 0.2677020698992342 0.5412809536082305 0.02409367456300569 0.025042515488609533
9 0.24545421491005776 0.5985403217613363 0.02094241405880407 0.024950046119207397
9 0.22886149893087918 0.593736881561989 0.015390703824611917 0.017380676266249034
9 0.2879774885782145 0.48090526559969793 0.020728407348906998 0.019653435949715872
9 0.25159442019453354 0.420605043189555 0.020685606006927527 0.018594113915817567
9 0.23806914932516923 0.4437503443959768 0.02484448533721696 0.017658084374455322
9 0.269785954386374 0.45075515439462643 0.029260172719382936 0.023077987036482908
9 0.48901435342785926 0.46495448975906595 0.022829247685041455 0.01971508219598396
9 0.4765787294893989 0.4351645123937066 0.018627567012772427 0.01959178970344778
9 0.4635929202167724 0.35407447419211446 0.024050873221026337 0.023983193454711227
9 0.4227959517404969 0.3251167211513736 0.025101293389093563 0.024014016577845153
9 0.3889292728896118 0.38430412670980096 0.02615171355716079 0.024044839700979197
9 0.2884367093597075 0.45655627038160396 0.02396527053706751 0.021864549386914615
9 0.5266519951949286 0.22155293123330255 0.018499162986834183 0.016413823601752985
9 0.5929872069279487 0.3455162808940874 0.025015690705134735 0.021895372510048663
9 0.5204582648310451 0.24501213159473537 0.026066110873201962 0.021926195633182585
9 0.4690099943134598 0.4147543177177618 0.01954958315490141 0.01644464672488691
9 0.4553233247668869 0.428910793197615 0.022914850369000282 0.02183372626378057
9 0.38410074064707483 0.46485883597077315 0.020600003322968637 0.016475469848020955
9 0.42385709564599233 0.4806212982724863 0.01858476567079301 0.018532467669549475
9 0.4501916085513513 0.46503562328112646 0.019635185838860238 0.01856329079268352
9 0.4618844411167382 0.4482924889627955 0.019592384496880826 0.017503968758785213
9 0.3832946175038846 0.2770757599388962 0.018627567012772427 0.0195917897034479
9 0.3508171949777594 0.2759126326882543 0.021736026174994694 0.01862493703895161
9 0.3270641438610177 0.2665580051983028 0.022957651710979576 0.022893048297678877
9 0.3175113783946019 0.23033503782171852 0.019849192548757427 0.023859900962175044
9 0.3494849915076832 0.23098391561697834 0.021864430200933052 0.021802903140646528
9 0.3323786594247516 0.23889233982441083 0.01639832265069973 0.016352177355484894
9 0.37937916495561974 0.23116477864155704 0.019592384496880944 0.017503968758785276
9 0.3629924362852005 0.2602134088422546 0.018413560302875356 0.014295179533956315
9 0.36466347591196935 0.24482241622759515 0.018541964328813717 0.01747314563565123
9 0.27275171120608704 0.247519439501822 0.0185419643288136 0.01747314563565123
9 0.25954566311199706 0.23679725874663204 0.022829247685041392 0.01971508219598396
9 0.22864387083797266 0.23558789681128905 0.017448742818766957 0.01638300047861894
9 0.1901617494077287 0.20127188735478865 0.019677987180839712 0.019622612826581884
9 0.18587625334107233 0.22943639062249582 0.018713169696731313 0.02171043377124451
9 0.18672604806909432 0.27332119722144044 0.016441123992679146 0.0174114993893832
9 0.19146632009524878 0.3118015127199244 0.019677987180839653 0.019622612826581825
9 0.19349315172770495 0.3265549633866657 0.018499162986834183 0.016413823601752864
9 0.20084966748331823 0.3781843349394764 0.023556870498691606 0.03772355677225515
9 0.3218824771452171 0.20005189048621477 0.0185419643288136 0.01747314563565123
9 0.34195905767372353 0.20951439890713525 0.0197635898647986 0.021741256894378436
9 0.38564332944403873 0.14104534795236606 0.021778827516974224 0.019684259072849916
9 0.42324802336370454 0.19707745910378172 0.016441123992679146 0.0174114993893832
9 0.4078457255588121 0.20176168252481827 0.021693224833015397 0.017565615005053305
9 0.4372869103368219 0.16122029349058026 0.02703092835731036 0.01983837468852002
9 0.42191581989362836 0.15214874203250583 0.017448742818766957 0.01638300047861894
9 0.3973495432792776 0.16292123318662222 0.017405941476787545 0.015323678444720636
9 0.40784393826924065 0.1758391158174438 0.019806391206777893 0.0228005789282768
9 0.2817917308116021 0.15361532388615187 0.022957651710979694 0.022893048297678877
9 0.262166351663451 0.15895250081667364 0.015347902482632503 0.01632135423235085
9 0.30977588267274025 0.1231683172970818 0.020814010032865825 0.02177208001751248
9 0.5789250851904036 0.04438007931142102 0.023836866511129384 0.018686583285219643
9 0.5456050170945418 0.10302241229133226 0.01749154416074649 0.017442322512517244
9 0.5311791307540382 0.12249090950224403 0.019592384496880826 0.017503968758785276
9 0.5101823213729743 0.13580382481013709 0.02387966785310868 0.019745905319117945
9 0.5270514587854477 0.10779910508177085 0.02287204902702075 0.020774404229882266
9 0.5116375670002746 0.09978687565759473 0.021778827516974224 0.019684259072849916
9 0.6579973175453113 0.21664071880765162 0.025144094731072857 0.025073338611743518
9 0.773914496597817 0.30793620480427153 0.02190723154291235 0.02286222517454483
9 0.776563734978546 0.3332520526868618 0.027287736409186844 0.026194306891909852
9 0.7154699003484338 0.05359918716616008 0.01867036835475184 0.020651111737346146
9 0.7730227707706677 0.12227177284019114 0.018541964328813478 0.01747314563565123
9 0.7821341415474374 0.1304689410031714 0.01530510114065321 0.015262032198452574
9 0.7766796279774848 0.14861611963354568 0.020728407348906998 0.019653435949715872
9 0.39587738860684923 0.42007449087727117 0.020942414058803947 0.024950046119207397
9 0.4254193446282412 0.4419560440351981 0.037640346103359694 0.04871747771198043
9 0.40277289629139806 0.4701302909408015 0.015262299798673676 0.01420271016455436
9 0.39896623438765316 0.447493571266091 0.02023440462657227 0.03339379926725979
9 0.4550647294254391 0.4093441586936304 0.01530510114065309 0.015262032198452544
9 0.17063718830682645 0.580632467982918 0.028594964629130554 0.03258106221843385