9 0.4612831389183457 0.28457114026236124 0.036776246023329795 0.03688193743693239
9 0.5422057264050901 0.27734611503531786 0.03201484623541888 0.030524722502522705
9 0.5202226935312831 0.3002623612512614 0.030551431601272532 0.029434914228052472
9 0.5293107104984093 0.3270837537840565 0.03458112407211029 0.029697275479313823
9 0.5846447507953341 0.2883753784056508 0.043775185577942737 0.04772956609485368
9 0.6226829268292684 0.2801715438950555 0.031452810180275716 0.031311806256306765
9 0.6721633085896077 0.2929667003027245 0.028398727465535525 0.027780020181634713
9 0.6936585365853658 0.3228052472250252 0.03572640509013786 0.03246215943491423
9 0.6002120890774125 0.3530272452068618 0.03411452810180276 0.03467204843592331
9 0.6324708377518558 0.36983854692230067 0.03229056203605514 0.031079717457114027
9 0.5827147401908802 0.426226034308779 0.03312831389183457 0.0370736629667003
9 0.5307317073170732 0.4424318869828456 0.03457051961823966 0.03550958627648839
9 0.48076352067868505 0.42750756811301716 0.029840933191940616 0.033158425832492434
9 0.4340933191940615 0.45181634712411706 0.04869565217391304 0.0510393541876892
9 0.4355779427359491 0.3544197780020182 0.04997879109225875 0.06010090817356206
9 0.4885896076352068 0.3363269424823411 0.025906680805938494 0.026256306760847628
9 0.4734146341463415 0.3159233097880928 0.02906680805938494 0.02839556004036327
9 0.44582184517497353 0.3060645812310797 0.027963944856839874 0.028092835519677093
9 0.36639448568398725 0.2420988900100908 0.030615058324496288 0.0312108980827447
9 0.5487804878048781 0.20530776992936428 0.04855779427359491 0.04338042381432896
9 0.7119300106044539 0.45765893037336025 0.031431601272534464 0.03360242179616549
9 0.5960657476139979 0.4740464177598385 0.030911983032873805 0.03401614530776993
9 0.6266808059384942 0.5406760847628658 0.03604453870625663 0.04756811301715439
9 0.5053022269353128 0.5202623612512614 0.039798515376458114 0.024540867810292633
9 0.4940933191940615 0.5798486377396569 0.029300106044538705 0.032078708375378406
9 0.5044114528101803 0.5506559031281534 0.029978791092258747 0.03600403632694248
9 0.4302969247083775 0.5116851664984864 0.06660657476139979 0.06884964682139254
9 0.4017391304347826 0.6668012108980828 0.031590668080593846 0.03126135216952573
9 0.40773064687168614 0.5820988900100909 0.040180275715800635 0.039818365287588295
9 0.44551431601272534 0.574066599394551 0.023944856839872745 0.023753784056508576
9 0.43997879109225874 0.601079717457114 0.048335100742311767 0.033854692230070635
9 0.5021633085896077 0.710151362260343 0.03522799575821845 0.03221997981836529