9 0.41380343676846726 0.8229166666666666 0.06312664203834445 0.0625
9 0.5572032028375781 0.8390625 0.06101633504102992 0.059375
9 0.6028114441115837 0.7677083333333333 0.048409263421470346 0.05
9 0.620538751818654 0.66875 0.05261770622402686 0.05416666666666667
9 0.7498506497538319 0.690625 0.0589303704278614 0.06041666666666667
9 0.5423941915733123 0.7213541666666666 0.045332044068028765 0.06041666666666667
9 0.5779286171496149 0.7161458333333334 0.04001063460446776 0.04479166666666667
9 0.5191290870365396 0.678125 0.047332810336685335 0.04479166666666667
9 0.5589142058808112 0.5947916666666667 0.037900327607153 0.041666666666666664
9 0.4986277936573259 0.5708333333333333 0.038958523903828514 0.04375
9 0.5320519122363137 0.5625 0.04106274530510677 0.04583333333333333
9 0.6609259959637022 0.5989583333333334 0.05168730744411904 0.07395833333333333
9 0.6412398237465448 0.5416666666666666 0.04105665970907027 0.04479166666666667
9 0.6003261755443339 0.5213541666666667 0.03471356752505275 0.03333333333333333
9 0.5900576207734605 0.5541666666666667 0.03262151731584773 0.03333333333333333
9 0.6694273824996402 0.4427083333333333 0.04320348028260427 0.05416666666666667
9 0.5957857190509416 0.37083333333333335 0.046298956424155824 0.046875
9 0.42698654777044054 0.39375 0.03788207081904326 0.03854166666666667
9 0.43002760225450626 0.4666666666666667 0.033655371228377244 0.03125
9 0.4533444343575897 0.51875 0.04213919838989202 0.051041666666666666
9 0.5122987984627541 0.49375 0.036829960118404136 0.0375
9 0.4797898646735826 0.4796875 0.031587663403318464 0.035416666666666666
9 0.4531253529002734 0.48125 0.0336857992085601 0.036458333333333336
9 0.48737641512654745 0.4354166666666667 0.03158157780728196 0.034375
9 0.5482798179340576 0.3859375 0.031569406615208725 0.03229166666666667
9 0.5429158092982406 0.36302083333333335 0.03260934612377473 0.03125
9 0.4973285189035194 0.3484375 0.03053555270267945 0.034375
9 0.5175799541383909 0.3234375 0.03577784941776512 0.036458333333333336
9 0.3554365858241036 0.23229166666666667 0.053669816924665874 0.05520833333333333
9 0.6742250819972134 0.2791666666666667 0.05783566055496642 0.052083333333333336
9 0.6566918159496267 0.23229166666666667 0.05475844120152436 0.0625
9 0.5932582000182789 0.20677083333333332 0.05261770622402686 0.05416666666666667
9 0.47243656354749564 0.2953125 0.042078342429526426 0.040625
9 0.5019500848228755 0.24427083333333333 0.042157455178001756 0.05416666666666667
9 0.4570440324774064 0.25677083333333334 0.0590520823485926 0.08125
9 0.5484589943102929 0.32708333333333334 0.03054772389475245 0.036458333333333336
9 0.6350698223427264 0.4703125 0.04556938231345465 0.10104166666666667
9 0.601217017950004 0.4947916666666667 0.03260326052773823 0.030208333333333334
9 0.6005266515066973 0.4661458333333333 0.03679344654218478 0.03125
9 0.5230721089978189 0.4578125 0.07139138774254296 0.04479166666666667
9 0.5359192129539792 0.41875 0.028425245705364692 0.03125
9 0.5768876315205191 0.4484375 0.0420844280255628 0.041666666666666664
9 0.4334307497027476 0.6015625 0.03789424201111638 0.040625
9 0.41407050558038955 0.6895833333333333 0.04631721321226556 0.05
9 0.4342975984311147 0.6604166666666667 0.03999846341239452 0.042708333333333334
9 0.36093891519811633 0.6369791666666667 0.04313653872620205 0.042708333333333334
9 0.3422869456003315 0.6671875 0.04736932391290457 0.051041666666666666
9 0.3059282704679178 0.6208333333333333 0.04523467453144357 0.04375
9 0.33653954441421097 0.5786458333333333 0.046238100463790226 0.036458333333333336
9 0.27753345274273583 0.5947916666666667 0.036823874522367635 0.036458333333333336
9 0.3051101065078432 0.5703125 0.03797944035562822 0.05520833333333333
9 0.2440457841122074 0.6817708333333333 0.05578620951801725 0.059375
9 0.48398683369775225 0.6609375 0.042084428025563045 0.041666666666666664
9 0.5115178454925854 0.6286458333333333 0.036811703330294515 0.034375
9 0.4728027454302193 0.6265625 0.04525293131955331 0.046875
9 0.7649514209210095 0.76875 0.07684668031890851 0.08333333333333333
9 0.7075904368568952 0.7979166666666667 0.04737540950894131 0.052083333333333336
9 0.6465805361187452 0.8291666666666667 0.06843588030983246 0.07604166666666666
9 0.7480540996592436 0.8307291666666666 0.07145224370290855 0.05520833333333333
9 0.49384904836154886 0.9166666666666666 0.05995205314831756 0.05625
9 0.19577683810642107 0.7453125 0.055713182365578415 0.046875
9 0.1214691505985619 0.6489583333333333 0.04424341979117022 0.053125
9 0.20496554828764754 0.6171875 0.04420082061891424 0.04583333333333333
9 0.2399130625532649 0.6010416666666667 0.03686647369462361 0.04375
9 0.2224619520521717 0.5682291666666667 0.03265194529603071 0.03854166666666667
9 0.18796138038839852 0.5713541666666667 0.04952223008247531 0.06145833333333333
9 0.2289142362580039 0.5088541666666667 0.04108708768925301 0.05
9 0.2568621113813415 0.5479166666666667 0.05494100908262127 0.09375
9 0.30068866784400716 0.5296875 0.03260326052773823 0.030208333333333334
9 0.32513637468936174 0.5067708333333333 0.028406988917254954 0.028125
9 0.2989735758822258 0.5046875 0.03051729591456971 0.03125
9 0.29293137199517516 0.4552083333333333 0.046268528443973084 0.041666666666666664
9 0.24052022732954823 0.346875 0.053657645732592754 0.053125
9 0.324928767010432 0.2921875 0.05786608853514915 0.057291666666666664
9 0.29541828853307034 0.34375 0.04952223008247531 0.06145833333333333
9 0.36082259145973505 0.43802083333333336 0.034713567525052995 0.03333333333333333
9 0.36630831201628333 0.4817708333333333 0.05047697124652936 0.04583333333333333
9 0.4036004287266231 0.5088541666666667 0.033661456824413745 0.03229166666666667
9 0.3933866443200789 0.5510416666666667 0.044152135850621825 0.0375
9 0.42203366557393485 0.5307291666666667 0.03053555270267945 0.034375
9 0.35571756936231536 0.5489583333333333 0.03787598522300664 0.0375
9 0.3739165107622194 0.5307291666666667 0.0231646922021694 0.026041666666666668
9 0.5730226761871855 0.41354166666666664 0.038928095923645774 0.03854166666666667
9 0.6004042421722795 0.26614583333333336 0.06628297414026148 0.065625
9 0.5419272486491421 0.2833333333333333 0.05568275438539568 0.041666666666666664
9 0.31156508480485035 0.421875 0.044279933367389515 0.059375
9 0.3333946860906804 0.3984375 0.03260326052773823 0.030208333333333334
9 0.33572676863648643 0.35 0.04429210455946275 0.06145833333333333
9 0.3139397665229124 0.3807291666666667 0.05250207989933217 0.034375
9 0.3374756800833121 0.4703125 0.0463415555964118 0.05416666666666667
9 0.39842846507280116 0.6083333333333333 0.04114185805358199 0.059375