9 0.18619151251360175 0.3838777660695469 0.07201305767138194 0.05379346680716544
9 0.26856365614798694 0.502550052687039 0.045603917301414575 0.05094836670179136
9 0.32377584330794346 0.4926554267650158 0.0464961915125136 0.04218124341412013
9 0.3767791077257889 0.4912855637513172 0.042872687704026115 0.04825079030558482
9 0.3590533188248096 0.5371443624868283 0.04 0.03859852476290833
9 0.25759521218715997 0.5968703898840885 0.03733405875952122 0.032455216016859856
9 0.2427203482045702 0.6967544783983141 0.02806311207834603 0.03388830347734457
9 0.334341675734494 0.7286722866174921 0.029249183895538627 0.03163329820864067
9 0.5382045701849837 0.6165542676501581 0.04786724700761698 0.04757639620653319
9 0.653220892274211 0.5463013698630138 0.04352557127312296 0.043688092729188624
9 0.691980413492927 0.5338777660695468 0.03596300326441784 0.03868282402528978
9 0.7011534276387378 0.41706006322444683 0.041545157780195865 0.04523709167544784
9 0.7621762785636562 0.37478398314014755 0.038443960826985854 0.051032665964172816
9 0.795157780195865 0.4012644889357218 0.038955386289445046 0.03567966280295047
9 0.8506855277475517 0.39897787144362484 0.0720892274211099 0.07738672286617491
9 0.8174102285092493 0.4455321390937829 0.0373993471164309 0.03386722866174921
9 0.7614472252448313 0.46361433087460485 0.039260065288356905 0.03696522655426765
9 0.7582263329706201 0.5314436248682823 0.04418933623503808 0.049241306638566906
9 0.7130141458106638 0.5869652265542676 0.051610446137105546 0.04789251844046365
9 0.691512513601741 0.6579557428872497 0.054113166485310116 0.046638566912539516
9 0.8463982589771492 0.5345626975763962 0.04571273122959739 0.05326659641728135
9 0.7975734494015234 0.5106217070600632 0.053449401523394995 0.047881981032665964
9 0.8385310119695322 0.48206533192834566 0.037584330794341675 0.04374077976817703
9 0.8027421109902068 0.47175974710221286 0.03866158868335147 0.03887249736564805
9 0.3961044613710555 0.7693888303477344 0.036877040261153425 0.03435194942044257
9 0.35484221980413494 0.7861116965226554 0.03713819368879217 0.03775553213909378
9 0.6159412404787812 0.7912855637513171 0.04640914036996736 0.04523709167544784
9 0.6291947769314472 0.8354899894625922 0.052709466811751905 0.04919915700737618
9 0.5672361262241566 0.7541622760800843 0.02882480957562568 0.028250790305584826