9 0.3324061366296057 0.7177794776010977 0.16505567952549557 0.1271143573144599
9 0.2981967514013879 0.45854983688473816 0.08147630796668574 0.07195145165920913
9 0.38753528091237294 0.3638485821468466 0.07109423878066139 0.07053361654219045
9 0.4621011643351108 0.6730738998584549 0.061770404186476356 0.061283306176001334
9 0.5028724287268662 0.6612391307545589 0.05481774501550017 0.057716359918213944
9 0.5508242473460199 0.6716801120220887 0.06407455165191414 0.06134869275631266
9 0.633706528144009 0.6637082176027931 0.061596131496271155 0.04667656460296789
9 0.6719997759505946 0.6856630468928256 0.06288226114453244 0.05794521294930307
9 0.6430232563719439 0.623542684187032 0.046645984154033905 0.048498742842180496
9 0.6950806602386891 0.5917180608332652 0.09188518833581874 0.07561647778746376
9 0.7395029304766108 0.644408300077014 0.06980810913240011 0.059264968195855014
9 0.7762490431701001 0.6815807086281226 0.05125427908490948 0.048629516002803144
9 0.7564007663966789 0.4669025686546145 0.07007622096348513 0.08173687830821456
9 0.7159177222233397 0.5028946411292968 0.07471132707746908 0.08411484248007317
9 0.8076542383406423 0.41599316835041983 0.06427563552522797 0.07820262534058245
9 0.500661313261362 0.5725077791008942 0.057068270114721084 0.0532873644760531
9 0.4818791845869762 0.4954864352106662 0.05126768467646393 0.04975311150842099
9 0.5179353128858951 0.5231246286090999 0.041957255673832954 0.041626396647849985
9 0.5712055192178264 0.5446544451271093 0.051267684676463796 0.04975311150842099
9 0.5248264361834579 0.3762502154497866 0.0547909338323918 0.055469168906977735
9 0.5757518747048154 0.3461436786446024 0.05133471263423512 0.05537108903651101
9 0.605880468016185 0.4082313480602404 0.050075394169082216 0.04634963170141153
9 0.5518276488602228 0.5142950080101828 0.03954586347596129 0.0325722460225951
9 0.7276631260431662 0.1350212047300393 0.054750717057728854 0.05209838239012387
9 0.7627213449122401 0.17561343973323537 0.07436278169705868 0.05490135933400562
9 0.7563053129739069 0.2657135865686852 0.06065854722842002 0.0646213994026998
9 0.8385985548844554 0.3049653966755002 0.05351820977568458 0.045324116066260405
9 0.8288331429099264 0.35582143403971 0.05710848688938391 0.05665815099290704
9 0.8451553455341081 0.22666300264903919 0.050048582985973845 0.044102440690175444
9 0.8490539512535549 0.2636435744639655 0.04886969807014632 0.04182255638878389
9 0.6018868124444392 0.21839274754603563 0.06735650015986563 0.046840031053746
9 0.48066476783989776 0.2488081817922867 0.06785250704737271 0.08841306476161111
9 0.4470720398231752 0.041263934334354026 0.06063173604531165 0.06237420839146385
9 0.4878642197432081 0.12777646526218683 0.10016419392971875 0.09382285890844087
9 0.5553141554734804 0.13035828981055403 0.05832758857987386 0.06230882181115258
9 0.6443388642943599 0.15424540085059255 0.05354502095879322 0.04757130707749636
9 0.3322546394177782 0.22211039317279152 0.07225971810493459 0.07168990533796403
9 0.21825885789965557 0.13374130190017866 0.06670043331465382 0.08838037147145551
9 0.19063081098362583 0.32953514766894426 0.080659374022823 0.1000086460095029
9 0.29563466913263475 0.05061928176510104 0.055808951649568186 0.04426590714095367
9 0.6270321578318874 0.29748146935164366 0.041970661265387274 0.04274999215346809
9 0.6580845262490805 0.29210436849496957 0.05028988363394997 0.06432715979129916
9 0.6898067706735128 0.2945760895325436 0.043136140589660484 0.0439062809492416
9 0.6339643050450591 0.25063974948248596 0.04190363330761621 0.037132014625378205
9 0.8106566872783202 0.6193476082221959 0.05613068584687034 0.07123219927578509
9 0.718384754639794 0.7579671675496557 0.04672641770335928 0.05524031587588836
9 0.5965637397882501 0.4483968814760015 0.043069112631889166 0.03828830342115171
9 0.5530396441844627 0.47098754110865726 0.15455296001548316 0.1155841626468793