9 0.6770015494430771 0.3474996504269998 0.03128869881034622 0.03235738348164778
9 0.7149524832529303 0.30169591709131743 0.031243524888434588 0.03128442210825723
9 0.7497741797887573 0.3170541031922289 0.026537891556520355 0.024821684641257436
9 0.6976903365945024 0.31681101091874697 0.03479533684832582 0.03666795589520241
9 0.735490707130755 0.3798878877555496 0.02542924410640949 0.024815442334593388
9 0.6262748102694479 0.3413490282932058 0.028755186456742084 0.02483416925458578
9 0.6523628489701234 0.35353826872725846 0.031062829200787574 0.026992576614694994
9 0.5827316925605834 0.33569431185279025 0.028845534300565842 0.026980092001366893
9 0.5215179765328128 0.32853003025891475 0.026537891556520355 0.024821684641257436
9 0.6566280118642397 0.19958079625904163 0.027646539006631218 0.024827926947921606
9 0.532746550371953 0.25927720437524293 0.02432059665629875 0.024809200027929214
9 0.5431554160443852 0.2753092019094601 0.027646539006631346 0.024827926947921606
9 0.6110304485891844 0.41384258637037374 0.024320596656298623 0.024809200027929214
9 0.568210113630908 0.39102048795570926 0.02076878469640739 0.019425666240984154
9 0.607146409787251 0.36130181176088905 0.03101765527887569 0.025919615241304435
9 0.6173971667329919 0.3810891741019732 0.035316723313584014 0.022725700347789327
9 0.6260753003473902 0.3987399771562724 0.023121601362364505 0.02265703497448405
9 0.6277523945479436 0.43788434036503543 0.024365770578210252 0.025882161401319895
9 0.6633909944047276 0.4864918444277259 0.024410944500122385 0.026955122774710332
9 0.6344673489224526 0.5284902745032285 0.031650090185640245 0.040941074468772244
9 0.5391405960840563 0.44964669816543346 0.035723288610789675 0.032382352708304224
9 0.4965357804364972 0.4348686888978661 0.01739766842416291 0.018333977947601204
9 0.5227000439556092 0.4057582799163785 0.02196777999034176 0.02157783129442932
9 0.5432184857182292 0.3659525898876379 0.02192260606842988 0.02050486992103876
9 0.5420091401254532 0.381513650955133 0.023121601362364377 0.02265703497448405
9 0.5097887168260978 0.35702280856707364 0.026718587244167497 0.029113530134819668
9 0.5146891688710459 0.38542195227527076 0.023121601362364252 0.022657034974483927
9 0.4923232875190673 0.37696622857476064 0.02445611842203401 0.028028084148101012
9 0.4741435393970174 0.37438682320124217 0.01970531116820815 0.020492385307710664
9 0.4400465119750511 0.36814256646748644 0.023031253518540743 0.020511112227702934
9 0.44559163558887815 0.3943926662755704 0.025293722340674354 0.02159655821442171
9 0.4487717058746338 0.4110017194897997 0.02418507489056349 0.021590315907757663
9 0.472182246520401 0.47362326562654056 0.03798575743292316 0.03346779869502313
9 0.48567048433592375 0.5218191351358181 0.04024822625505664 0.0345532446817419
9 0.47259447090742485 0.5428105472902393 0.02196777999034176 0.02157783129442932
9 0.4999040918629906 0.5523111419841513 0.04065479155226255 0.04420989704225681
9 0.5304860173114082 0.6025561784869162 0.02441094450012226 0.026955122774710454
9 0.5671391440479344 0.6007407403069145 0.04020305233314489 0.03348028330835147
9 0.6379551727260219 0.5772788054591782 0.020949480384054402 0.023717511734546143
9 0.6472553909483432 0.5933170453000597 0.024365770578210252 0.025882161401319895
9 0.6968753690351341 0.6257552210819224 0.025474418028321368 0.025888403707983943
9 0.6587418531743614 0.6495694885697625 0.02889070822247747 0.028053053374757452
9 0.6404510566108047 0.675953797971125 0.026537891556520355 0.024821684641257436
9 0.6797054565838028 0.6650057035039753 0.02192260606842988 0.020504869921039007
9 0.4304997729438039 0.7001991423052076 0.026492717634608726 0.023748723267866877
9 0.39150983892998026 0.7706809872288729 0.027465843318984204 0.020536081454359253
9 0.4117487732255607 0.7770032727959302 0.027556191162807712 0.02268200420114037
9 0.48454679537794765 0.6274871034947958 0.02196777999034176 0.02157783129442932
9 0.45391123207204936 0.6180052357208758 0.020904306462142523 0.022644550361155827
9 0.46710018030532763 0.5943314201329783 0.03332529802292093 0.028078022601413895
9 0.5582389135505227 0.6410173668023772 0.02653789155652048 0.024821684641257436
9 0.5706476684491867 0.6227114792347646 0.019931180777767045 0.02585719217466321
9 0.5922211198044369 0.6236627156282049 0.026492717634608726 0.023748723267866877
9 0.6041800218472559 0.6423677531359023 0.026583065478432234 0.025894646014647995
9 0.4540429811112393 0.5622237289178951 0.02205812783416527 0.023723754041210438
9 0.40463852233516556 0.5378296422831295 0.022012953912253386 0.02265079266781988
9 0.4232144854555796 0.5441612913101829 0.02316677528427613 0.023729996347874607
9 0.36993541969393584 0.5986329867729554 0.038301974886305434 0.040978528308757034
9 0.4357051242624983 0.5633996883512435 0.01624384705214042 0.017254774267546596
9 0.43631685857157976 0.5751960211518755 0.02076878469640739 0.01942566624098391
9 0.43570135153595296 0.5108370656684345 0.016243847052140294 0.017254774267546596
9 0.4481571667198014 0.5177395280688358 0.023121601362364252 0.02265703497448405
9 0.3781570734818767 0.4033540168158738 0.03004452959450009 0.02913225705481206
9 0.4010753921956381 0.38552530802164736 0.030451094891705874 0.03878890941532708
9 0.4100264557047797 0.4230196541770077 0.02205812783416527 0.023723754041210438
9 0.44119375577477754 0.43303488148429076 0.02773688685045485 0.026973849694702724
9 0.4490239351716939 0.45766305461896073 0.018687011561920795 0.022632065747827484
9 0.43809745576054904 0.4802514242201395 0.02902622998821273 0.031271937494929125
9 0.3721291597524073 0.4280602187838452 0.025474418028321368 0.025888403707983943
9 0.3675082151744988 0.35353309947985023 0.02205812783416527 0.023723754041210438
9 0.40592312486558374 0.3098721677376169 0.03794058351101141 0.03239483732163257
9 0.3916029422212387 0.3340887063188738 0.03119835096652271 0.030211460734866667
9 0.4007393926270508 0.2750383769424084 0.025429244106409614 0.024815442334593388
9 0.41741239193735286 0.24759046962765155 0.027556191162807712 0.022682004201140492
9 0.3861547440235315 0.23972116506714966 0.028800360378653963 0.025907130627976276
9 0.34073313582878356 0.22603172293963317 0.02413990096865161 0.020517354534367045
9 0.4668930755318633 0.2306849068468768 0.026673413322255743 0.02804056876142911
9 0.4591240794455183 0.27041881034898013 0.026673413322255743 0.02804056876142917
9 0.5124727924533025 0.24061898416752633 0.028935882144389226 0.02912601474814795
9 0.48978034334909987 0.25308288609480006 0.03235217233854533 0.0312906644149214
9 0.48938881955975927 0.1570778124030016 0.03479533684832582 0.03666795589520241
9 0.5266329800076837 0.19387649905173182 0.01970531116820815 0.02049238530771054
9 0.5323136253872459 0.21690771473964413 0.02902622998821273 0.03127193749492906
9 0.5376827445224495 0.15519683000302673 0.03133387273225809 0.0334303448550384
9 0.566269471953659 0.1475269215693579 0.026537891556520355 0.024821684641257436
9 0.5841330026223265 0.15761705655661032 0.02316677528427613 0.023729996347874607
9 0.5802997968321228 0.18284725459794868 0.024320596656298623 0.024809200027929214
9 0.5411583316639043 0.19111294563162193 0.015180373523941183 0.018321493334272982
9 0.6325172754288402 0.15359015140985435 0.03341564586674469 0.03022394534819501
9 0.8280063265117805 0.5386639652576092 0.02205812783416527 0.023723754041210438
9 0.7461480787720179 0.7059308145196688 0.020859132540230894 0.021571588987765025
9 0.7394632568115552 0.7199136450603986 0.02076878469640739 0.01942566624098391
9 0.6343158671663739 0.7821863373967863 0.024320596656298623 0.024809200027929336
9 0.6982805012217386 0.8161528052521013 0.02196777999034176 0.021577831294429563
9 0.6748285593806049 0.8071668431715602 0.019660137246296523 0.019419423934320106