9 0.7114270833333334 0.3666260162601626 0.09995833333333333 0.13542682926829266
9 0.4746770833333333 0.3152439024390244 0.057937499999999996 0.06482723577235772
9 0.38066666666666665 0.3854878048780488 0.058687500000000004 0.05622967479674797
9 0.6616979166666667 0.47737804878048784 0.049937499999999996 0.04854674796747968
9 0.6471979166666666 0.5120630081300813 0.047906250000000004 0.0428760162601626
9 0.653625 0.5547662601626017 0.050104166666666665 0.05102642276422764
9 0.6406770833333333 0.6273882113821139 0.03635416666666667 0.050386178861788616
9 0.6584479166666667 0.6625406504065041 0.04644791666666667 0.05053861788617886
9 0.6032708333333333 0.6319613821138211 0.039447916666666666 0.03613821138211382
9 0.5704166666666667 0.6751321138211382 0.06064583333333333 0.0742479674796748
9 0.6153645833333333 0.7184451219512196 0.04721875 0.05710365853658536
9 0.6475624999999999 0.7541869918699187 0.039760416666666666 0.040873983739837395
9 0.4508229166666667 0.7182520325203252 0.06865625 0.05378048780487805
9 0.487125 0.6857723577235771 0.06933333333333333 0.05753048780487805
9 0.40071875 0.7597865853658536 0.06601041666666667 0.050243902439024386
9 0.5658229166666667 0.5023475609756097 0.043958333333333335 0.045863821138211386
9 0.49575 0.47990853658536586 0.04015625 0.0404369918699187
9 0.5191041666666666 0.5138109756097561 0.03448958333333333 0.03369918699186992
9 0.53553125 0.5623882113821138 0.04058333333333333 0.040223577235772356
9 0.38258333333333333 0.5070121951219512 0.04604166666666667 0.04348577235772358
9 0.35159375 0.5500203252032521 0.04547916666666666 0.04035569105691057
9 0.40697916666666667 0.5811890243902439 0.037885416666666664 0.03984756097560976
9 0.5084895833333333 0.542459349593496 0.025770833333333333 0.032520325203252036
9 0.14619791666666665 0.6655792682926829 0.042208333333333334 0.04344512195121951
9 0.18176041666666667 0.6998170731707317 0.04248958333333333 0.06053861788617886
9 0.26501041666666664 0.7019715447154472 0.05359375 0.04754065040650406
9 0.29563541666666665 0.7775 0.0369375 0.04365853658536586
9 0.34347916666666667 0.7726829268292683 0.047156250000000004 0.045721544715447156
9 0.22309374999999998 0.7764735772357723 0.0356875 0.04014227642276423
9 0.2567916666666667 0.7830182926829269 0.03325 0.04007113821138211
9 0.23215625 0.5621239837398374 0.035833333333333335 0.055782520325203255
9 0.26815625 0.45766260162601624 0.07486458333333333 0.05150406504065041
9 0.07940625 0.41102642276422763 0.05092708333333333 0.047378048780487805
9 0.15614583333333334 0.453739837398374 0.07558333333333334 0.0801930894308943
9 0.15441666666666667 0.5136585365853659 0.05222916666666667 0.04552845528455284
9 0.17004166666666667 0.593790650406504 0.0389375 0.04311991869918699
9 0.2539895833333333 0.3252134146341463 0.058520833333333334 0.05700203252032521
9 0.18044791666666665 0.21771341463414634 0.07475000000000001 0.051006097560975606
9 0.36255208333333333 0.20909552845528456 0.08387499999999999 0.06154471544715447
9 0.09840625 0.27848577235772354 0.03390625 0.04539634146341463
9 0.303125 0.5902235772357723 0.035437500000000004 0.033058943089430894
9 0.2963125 0.6171849593495934 0.05458333333333333 0.03871951219512195
9 0.2964791666666667 0.6456504065040651 0.036270833333333335 0.03442073170731707
9 0.25942708333333336 0.5928556910569106 0.03044791666666667 0.03394308943089431
9 0.5882604166666667 0.7792378048780487 0.06023958333333333 0.043089430894308944
9 0.7217395833333333 0.7097357723577236 0.04595833333333333 0.03705284552845529
9 0.44504166666666667 0.5765345528455283 0.03160416666666667 0.034654471544715446
9 0.46878125 0.540020325203252 0.08952083333333333 0.127489837398374