9 0.6374532517301573 0.6628585063480041 0.05337520288695452 0.053487702025358054
9 0.6193510514209996 0.5478337533546956 0.05580325191657056 0.06044852947832065
9 0.5655641866379584 0.6792230132481918 0.03184371598436148 0.033231400855239616
9 0.4639036270477216 0.6668923154990318 0.04329322063699992 0.04739333628519099
9 0.39304021540311257 0.5870066406778702 0.027448111588757085 0.03307121383922243
9 0.4458572610913581 0.41900022658596064 0.04572126966661584 0.054354163738153584
9 0.5732548135574151 0.18699751572059312 0.07941741760105887 0.07734455718397061
9 0.5277986871931094 0.1514288605639409 0.047995820808355946 0.05672783522781356
9 0.47253267788410436 0.195822344170702 0.05690215301547166 0.06048857623232501
9 0.33260420283848713 0.12990748138306588 0.040750048191477074 0.03699214185975104
9 0.3724873474091902 0.03682279585786686 0.03984301945242081 0.0426860400598752
9 0.31347287108026695 0.02923761415208059 0.042309442954005745 0.05079365650366361
9 0.34132041333207136 0.08262882885818475 0.06274202875769769 0.07100991091977767
9 0.21617649741661074 0.18168411029578105 0.038628994937612786 0.03920562633339385
9 0.2767084927434668 0.27511827929747673 0.039497649204700155 0.03236493914244402
9 0.2575265552802384 0.3399591874707819 0.03968952156454499 0.038098884096572395
9 0.16039240944487054 0.4219582541867111 0.04980987828646861 0.04534003882756527
9 0.1068061702532409 0.3013542867535881 0.053643824190737224 0.061515224961137864