9 0.41513624484361733 0.7412601253235858 0.042204698355525976 0.04052134468566108
9 0.5850677565086707 0.7382959066788357 0.04643859864814488 0.04682296790678338
9 0.6300025829037474 0.7968150705811745 0.03905063977230363 0.039373859376158706
9 0.7079569985667122 0.7631091834426762 0.0506969179536112 0.05721457067800793
9 0.7491883385894942 0.7284563221582122 0.055974031436355084 0.06253536248559678
9 0.4867604770947832 0.5258530782793387 0.03165657614325053 0.030902255958008475
9 0.41234742203944097 0.5377211474950103 0.034822844232896694 0.03409473104256197
9 0.3883379069789818 0.4698103041972606 0.034841158492532484 0.037162215705138654
9 0.8385621071512571 0.4110176497125104 0.06977388828324368 0.08966185472316063
9 0.7439468042123532 0.46552931390516983 0.030619467706337396 0.032905582259067485
9 0.8555278822832356 0.3534228884444254 0.062227205823892635 0.055627879116871455