9 0.6019210859302058 0.7757746038441391 0.04988320033121188 0.05641452699914691
9 0.44801347360726623 0.6365633043026803 0.05314896656494884 0.06080914190959635
9 0.6347818015977721 0.7401770837584215 0.04551646587422322 0.04984732636837089
9 0.6845748480193081 0.7610536997960756 0.04762555623068247 0.04888464218269757
9 0.6823040190615057 0.6920021331840293 0.06578493948569628 0.053971465670289584
9 0.6558184816208065 0.605914521622594 0.05008746172930803 0.06809180937706623
9 0.6173244244233883 0.5017671083265246 0.054101381044130634 0.05448915862779979
9 0.7771507850195135 0.6147357905551242 0.06822827576631299 0.07211706173939285
9 0.8508069328496812 0.7236995517302546 0.04219499198645977 0.04226799808212527
9 0.8307214592379276 0.7604211790161558 0.04542361978417956 0.044539470742043924
9 0.8784239845210131 0.7833220503647491 0.04652458800743101 0.04671205646237075
9 0.8017791246147723 0.8073382480614456 0.04756984857665623 0.04569992880690139
9 0.7686239936394338 0.795720574807751 0.04542361978417956 0.044539470742043924
9 0.7529145390936735 0.8395401882870611 0.04226926885849484 0.04651428258318684
9 0.6401551740755015 0.8650600213864927 0.040104470848009346 0.04429225339306447
9 0.6317877051609634 0.9336171533005801 0.04320311411966757 0.03913272817612513
9 0.6756089878356553 0.9473216179401319 0.0379396728375236 0.04207022420294161
9 0.9122305222391246 0.7106437060994366 0.04234354573052992 0.05076056708424841
9 0.7032331840247563 0.6123610405295735 0.06731299972314886 0.0805601872717202
9 0.6896966040305851 0.5677125171935088 0.04646888035340477 0.04352734308657433
9 0.6793050903530939 0.5205583964536683 0.06822827576631299 0.07211706173939297
9 0.7477364194496022 0.5131317890028507 0.0659149240117576 0.06140246354714733
9 0.49673878999329957 0.5963995806375743 0.027134252003104563 0.03202164937759416
9 0.5478996421634122 0.4523996605756437 0.05087275324641085 0.05221768596788137
9 0.604322451503202 0.42691325139019204 0.057534270239946325 0.06843791366563763
9 0.7286949983391733 0.4576203370651525 0.03682013539626332 0.038836067357349756
9 0.6895363495417092 0.3762472594924931 0.05234510582983719 0.0756216941935158
9 0.7210520049715424 0.35490678439316453 0.04546075822019673 0.04666261299257471
9 0.6085579933662285 0.33482850257598035 0.054138519480147806 0.05661230087833057
9 0.5420752240927375 0.36249912661153433 0.0476441254486913 0.04994621330796272
9 0.505979288198815 0.36506433313953496 0.04768126388470872 0.052069355558493624
9 0.8299166664794817 0.4713408212605199 0.048707955235925346 0.049995656777758635
9 0.8227073575546884 0.4238042453674345 0.04226926885849484 0.046514282583187086
9 0.8751626706246773 0.41457441474441276 0.045460758220196976 0.046662612992574834
9 0.8819966949410272 0.37988867189922615 0.04434122077893669 0.043428456146982736
9 0.8643147269935049 0.46286280833886584 0.04766269466670013 0.051007784433228114
9 0.4005897626388784 0.4169140413616423 0.050928460900437095 0.05540239934367755
9 0.33445321607891687 0.43399367587944027 0.06401009505339424 0.07404243011074009
9 0.3075085565041683 0.4735786339874642 0.045535035092231925 0.05090889749363628
9 0.2747433791070135 0.48425395436434293 0.045460758220196976 0.04666261299257471
9 0.24876849516155458 0.42735954874770593 0.05953194528835316 0.06110580272837172
9 0.2792164205558852 0.34497873394561723 0.056414732798686036 0.06520375682004555
9 0.42760749101776113 0.29035441618655006 0.05736714727786759 0.058883773538249105
9 0.46938198341865645 0.3389671192853699 0.03896636418874023 0.03999652542220698
9 0.5032972442644525 0.3028882571068156 0.08511956783599636 0.06547715937926975
9 0.5210163506479921 0.22203726291770676 0.05311182812893142 0.0586859996590655
9 0.5858449754062381 0.2213378156368285 0.04986463111320305 0.055352955873881574
9 0.6710349198660008 0.2300703632841957 0.04114973141723456 0.04328012573759499
9 0.812147512847218 0.27587503293207555 0.04654315722543984 0.047773627587636015
9 0.8686299300893024 0.31456423335538425 0.04441549765097176 0.047674740648044306
9 0.9094969469435709 0.49360185445245974 0.044471205304998006 0.050859454023840484
9 0.9099294233185077 0.45755787966323225 0.041112592981217146 0.0411569834870642
9 0.7552386595697005 0.7293345651386439 0.126399283779292 0.11618828299372237
9 0.7361041163246614 0.8811872160460442 0.06807972202224286 0.06362449273726971
9 0.5940561939698044 0.9642151077085218 0.05068706106632353 0.04160197471522745
9 0.5381799684933719 0.9297969135211726 0.04118686985325198 0.045403267988125655
9 0.48738808454763255 0.9125863529521514 0.051955152251653716 0.05332870056294256
9 0.5368867156613965 0.8862477756503936 0.045572173528249466 0.053032039744167064
9 0.476054649067865 0.96350395262487 0.04758841779466506 0.04676149993216678
9 0.41309789112479967 0.7977592288531631 0.056414732798686036 0.06520375682004555
9 0.3592325255540471 0.8175306055241449 0.0648510942245233 0.0613530200773513
9 0.34928936528913374 0.7656241364555081 0.06365727991122819 0.053872578730697514
9 0.3521214470800333 0.7148417745870549 0.05525805692140821 0.05984645772392278
9 0.2915508336510913 0.6855089404119511 0.05189944459762747 0.050143987187146626
9 0.28115124343249664 0.7290449856776078 0.037939672837523725 0.04207022420294185
9 0.21832567808339332 0.6619522113508887 0.05551802597353061 0.07470845347763828
9 0.28429779386164405 0.6050883813705364 0.049827492677185635 0.053229813623350726
9 0.3026452854325467 0.8032328192470422 0.04111259298121702 0.041156983487064085
9 0.2781798925065316 0.7718655641065705 0.03459962973175157 0.033429324791431084
9 0.20471064492435204 0.7647384657522237 0.06259345012399409 0.05382313526090172
9 0.2779861237853405 0.8519400188594138 0.06214240453104855 0.08880553892486388
9 0.37888403867839665 0.9383039599307669 0.058542392373154124 0.06530264375963737
9 0.43821441474902156 0.9575024249460534 0.03788396518349748 0.03888551082714567
9 0.23292729593269942 0.7978711297248792 0.07147547278204125 0.0754501055245769
9 0.15241586238780527 0.7527615956048355 0.041205439071260806 0.04646483911339105
9 0.1292676758725101 0.7055449387900767 0.03581201326305561 0.04197133726335002