9 0.3501999513839298 0.20940502511541198 0.07023497809292835 0.07750337229013331
9 0.4879953950704286 0.2713244296748701 0.0611404993453589 0.051830182125651894
9 0.48818569985394744 0.3257264447427515 0.053431248244037444 0.05174334590573337
9 0.49707114168750366 0.3778970222543933 0.05876470271777188 0.048607077534033365
9 0.5414773365841243 0.3533950006989913 0.048679654988863015 0.045297136722496315
9 0.5830335240092942 0.24571872106234888 0.04073953261316679 0.04094590817848398
9 0.6822749269266946 0.21633204846914925 0.04027779006441775 0.03241712353029635
9 0.7331190001128198 0.30056582859100256 0.03813286471120537 0.03345841126277163
9 0.6571074977522563 0.5147716561504826 0.05905329181074006 0.05393756793915064
9 0.607519928190876 0.6369395012751343 0.05325809478825646 0.04854505166266313
9 0.6019462363775195 0.6764719664929207 0.04734746212858529 0.041020339224128476
9 0.48383807195328293 0.7034042818462211 0.055403020141468966 0.04750376393018748
9 0.45211656813859735 0.7688332303654222 0.059635153029300315 0.04435509038421369
9 0.4861350771154702 0.7967188768714585 0.04526025459396657 0.0431277250376271
9 0.49403463300031064 0.8510340557194213 0.09359360267126775 0.08202827327398281
9 0.5359519371484687 0.8110922197505902 0.04184085419906999 0.040958313352758
9 0.5433554478290842 0.7544711723007436 0.04641929399846331 0.0442062282929247
9 0.612596754710806 0.740890266762058 0.059981459940862285 0.050751678870354415
9 0.6604582334605554 0.688613871815813 0.05922644526652116 0.057135862182221
9 0.7292689982191367 0.6569030963125919 0.05939959872230227 0.06033415642529136
9 0.6326326824009418 0.8260044408040974 0.06450218192166193 0.052933495729497654
9 0.5982990669381156 0.7821211204955723 0.05934188090370823 0.059268058344267904
9 0.5769870834035392 0.8260978530644266 0.05302722351388182 0.04428065933856931
9 0.5591998091222443 0.7926956385391618 0.04862193717026948 0.04423103864147274
9 0.7866945429033414 0.3538331436660795 0.042942175784972954 0.04097071852703214
9 0.7959497068115775 0.3110589660952635 0.04630385836127599 0.042074032130877785
9 0.8520297108755431 0.5632466120882702 0.05679293082034035 0.05284665950957913
9 0.8997328459809376 0.5691097780806256 0.061486806256920865 0.058226770611792496
9 0.8040738701354124 0.5221836016607296 0.03477118213490234 0.03235509765892599