9 0.7592946449839886 0.49726677024878396 0.04525373086452761 0.04208003206215617
9 0.7552777534455655 0.41761564605033796 0.037365848351452555 0.035575401451278785
9 0.733727619636277 0.4423196833155263 0.03623354991656011 0.03449735898305827
9 0.70397700231439 0.43757266329081507 0.03638637604125047 0.03866402564972494
9 0.7373763201740359 0.37753628307364645 0.05755618752365484 0.04977183254591585
9 0.7409242986185622 0.3398725919666539 0.038459940255172465 0.035611777252832745
9 0.7194922471832508 0.29313152306129087 0.03506304495049514 0.03237764984817109
9 0.6843979444517259 0.27708986081023884 0.03970685828358299 0.03981481972105326
9 0.6654267514965871 0.3721063980754272 0.04181862902867726 0.03780423799082774
9 0.6430030732356301 0.3431282262057283 0.038459940255172465 0.035611777252832745
9 0.5892102290324756 0.39967089208497747 0.045100904739836994 0.03791336539548951
9 0.5796516938676322 0.45265700466796005 0.042950927463569946 0.03888228045904837
9 0.603252825844797 0.498804488636882 0.040571711000267234 0.03360119552260722
9 0.5831475914699242 0.5479695046679601 0.0632176796981173 0.05516204488701864
9 0.688288085070411 0.5324800731513417 0.07314091989394157 0.05757276043433705
9 0.6994495515596615 0.4783977301993615 0.03166614964581732 0.02914352244350932
9 0.7239780518155706 0.4900974625651756 0.03506304495049514 0.03237764984817109
9 0.7380623179395244 0.5157026196131954 0.035024838419322364 0.03133598318150443
9 0.8183408872233744 0.5839532710362015 0.038421733723999936 0.034570110586165964
9 0.8318954444869894 0.4009886520407877 0.05442673793718522 0.05382937180792074
9 0.5371088605422936 0.2783365727859055 0.04064812406261229 0.035684528855940555
9 0.5358602227182653 0.3936226184603418 0.04170400943515967 0.034679237990827734
9 0.4600743836276543 0.3731976942001175 0.056194649901726734 0.042443790077695095
9 0.4999115019898816 0.4886821473162823 0.03216283455106119 0.042685189110175985
9 0.4376316252903344 0.5079612559056318 0.03947761909654732 0.03356481972105338
9 0.4672415710029746 0.49394008802956607 0.0438921932425995 0.034751989593935544
9 0.519506177148449 0.5599933223921968 0.08363725805735477 0.07560847598165547
9 0.3570352724308835 0.610241359291949 0.038459940255172465 0.03561177725283263
9 0.4472909057376337 0.5921180010963084 0.04865062616920493 0.04531415946681771
9 0.45029183823030006 0.5544724978900928 0.029401552776032437 0.02698743750706806
9 0.4221511009829631 0.5637516020638276 0.04454170427253348 0.052460322927268994
9 0.2956289169937813 0.5189401101076393 0.03966865175241021 0.03877315305438659