9 0.6715428489370374 0.521530609808039 0.04608997675975771 0.04819952362200273
9 0.8252993591221807 0.43648433638292244 0.041842702938856266 0.046031574242896535
9 0.49959523116609944 0.4072517722706903 0.0492662452491558 0.049295824639383375
9 0.8030758619240683 0.5204230957017207 0.04826873492787662 0.0524614644132508
9 0.6010523584401133 0.2193892588386711 0.04819523991765245 0.04822417627765764
9 0.6859584235114042 0.2908141171551883 0.0342905443606646 0.03535206960912145
9 0.8342508598750912 0.2851368751415664 0.032130159945101794 0.0321494508517718
9 0.9316006340363328 0.4975686640809187 0.03859293943923388 0.04069798508992267
9 0.7343463146920608 0.5625121004379924 0.032185281202769866 0.035327416953466716
9 0.759931013256528 0.5813460678990708 0.035361549692167836 0.03642371797084724
9 0.7595896303440111 0.6830163304976533 0.0395353285028451 0.03435437921436033
9 0.5957521799014304 0.42955990878095157 0.039608823513069276 0.03859166734995355
9 0.5725483507831981 0.4266404244840026 0.030024896787207055 0.03212479819611683
9 0.3855853476381956 0.5388346282999976 0.04490872891291821 0.04077194305688735
9 0.4620848746374399 0.5503215074064686 0.039663944770737355 0.04176963345164847
9 0.49312179630545844 0.5194412972412912 0.039627197265625386 0.03965098938385186
9 0.5761878222795205 0.515118466970166 0.039627197265625386 0.03965098938385186
9 0.6209152043696715 0.7274636005350964 0.042766718249911385 0.03862864633343577
9 0.67628327709649 0.7948356945538018 0.04173246042352012 0.03967564203950659
9 0.6428654859822367 0.8098014215548498 0.04069820259712861 0.04072263774557765
9 0.6017603969872484 0.7759582138656973 0.0597741872860735 0.04835976588375932
9 0.6092180229610329 0.8115256231321689 0.039627197265625386 0.03965098938385186
9 0.44258096595645247 0.5786890020930019 0.03750356035517454 0.03856701469429882
9 0.6035636885793654 0.8495872583855433 0.04176920792863209 0.041794286107303194
9 0.36514529978941357 0.8166108303304447 0.04069820259712874 0.04072263774557765
9 0.5269358184510629 0.61833419939257 0.055765772248400215 0.059963002945330975
9 0.4508553017064173 0.3579621107952206 0.03962719726562526 0.03965098938385186
9 0.4706217706064434 0.28405609497888773 0.04381934982885875 0.038640972661263255
9 0.5367301211187572 0.3335491408635098 0.041750834176076106 0.04073496407340501
9 0.40110334736592357 0.37167745768104526 0.04282183950757946 0.04180661243513068
9 0.489452100338675 0.4595587865064685 0.04500059767569825 0.046068553226378754
9 0.44703181954570076 0.4712417736192885 0.043837723581414856 0.03970029469516156
9 0.7574022315772824 0.25352287739102763 0.0363958075185591 0.0353767222647763