9 0.46475412834074514 0.25781215785072537 0.04224694606673448 0.04622705731620406
9 0.4189284208602283 0.22591521456593708 0.04554111098477823 0.04746280933910702
9 0.47591335819333824 0.1791608301936496 0.042246946066734355 0.04622705731620406
9 0.40380102648555394 0.1532349142777673 0.10339584755782245 0.11325238429835853
9 0.2868132952434944 0.23176019567164344 0.033341819882941895 0.03584745311493562
9 0.2076079396617343 0.46208405819393716 0.04006353995319724 0.046148934789376886
9 0.851659578350149 0.3781150053632443 0.04328148188028833 0.04291041388163114
9 0.7073221034456608 0.4609725230404467 0.036693152044200344 0.04043890983582509
9 0.704006120062034 0.4314671792968462 0.036712207791938664 0.04155747806848729
9 0.7171336173673541 0.301322651673896 0.03558239323969371 0.039281280339749376
9 0.6884880828587259 0.38171752777825135 0.04467807690086849 0.060846566867639736
9 0.7162379972236572 0.353895358609019 0.036693152044200344 0.04043890983582509
9 0.6837155744934593 0.34164437771948036 0.037746743605492517 0.03824083463391436
9 0.76786798616515 0.3973224313879856 0.06126323597751738 0.07373673637812775
9 0.7830264436021013 0.2760483270995057 0.057568900356970695 0.04901105146931869
9 0.7525893855289045 0.2374524008472852 0.04550299948930184 0.04522567287378257
9 0.6593277598839905 0.26817752993766386 0.03994920546676795 0.03943752539340373
9 0.3175183735053613 0.15855789055276517 0.029971431973945122 0.03013742816138383
9 0.2963881353159697 0.21409036732636394 0.028860673169438245 0.028979798665308112
9 0.2912916792391533 0.19303287722285023 0.02880350592622354 0.025624093967321536
9 0.6266113437925807 0.7796632759430536 0.03770863211001613 0.03600369816858985
9 0.4824779566775235 0.7864972150626405 0.040158818691888455 0.05174177595268759
9 0.4752715547602781 0.7291839105561395 0.04215166732804326 0.04063421615289323
9 0.5131191025401514 0.7490695627572457 0.03885750240999939 0.03939846412999021
9 0.5205621783066147 0.6644028242424753 0.048835275902822224 0.04869856136200998
9 0.32180000142196363 0.6117076349997347 0.03883844666226108 0.03827989589732801