9 0.34867989475414823 0.4429024743965299 0.04256804434295387 0.04235187869251614
9 0.340293309378823 0.3209435374780895 0.03777971997333989 0.03636307615880827
9 0.5108071751441119 0.35958450099759115 0.039121691686225646 0.041035796422720226
9 0.5228059731473488 0.610188759512919 0.03572802652785448 0.0408744485640099
9 0.48797527742158975 0.8239996809128773 0.0424626693462395 0.040042409870345366
9 0.42631286107942684 0.8579393553716834 0.035622651531140234 0.038564979741838736
9 0.38732288813909416 0.8197903949766768 0.0594309951380947 0.04084914916389727
9 0.36385545377623896 0.8002389920079066 0.03304408310208309 0.031529008036185996
9 0.5827593324529503 0.9968348705710508 0.03186017388426889 0.006330258857898319
9 0.6285024944847345 0.9228592394579161 0.033096770600440535 0.032683742447271444
9 0.7484755168772909 0.8928441043180583 0.031912861382625946 0.03147522541661571
9 0.6936313692519145 0.7917209855993808 0.03983141341882504 0.031851703753606644
9 0.81488743787811 0.6661318074372811 0.03906900418786846 0.03988106201163478
9 0.8622624366985454 0.8014666975319611 0.03804315746512582 0.04213674821423566
9 0.6138260748714167 0.9678328496998254 0.06203746681155293 0.06433430060034909
9 0.7150548238105955 0.7293669193104391 0.03509577654756824 0.027017635630984235
9 0.7365758558898785 0.5454572857498333 0.025887940296840963 0.023123171441166924
9 0.4104553997343364 0.32485542709698145 0.029545042946997804 0.0290581913553045