9 0.6597068062827225 0.4801685985247629 0.03785340314136126 0.04071654373024236
9 0.7953298429319371 0.36513171759747104 0.03387434554973822 0.03998946259220232
9 0.47282722513089004 0.40237091675447845 0.0403979057591623 0.04090621707060063
9 0.7881989528795812 0.45206533192834564 0.0389738219895288 0.045089567966280296
9 0.5392460732984293 0.197913593256059 0.04007329842931937 0.04001053740779768
9 0.6339581151832461 0.25070600632244466 0.028680628272251308 0.02987355110642782
9 0.7778324607329843 0.2149736564805058 0.02774869109947644 0.027692307692307693
9 0.9090575916230367 0.40365648050579556 0.03135078534031414 0.035237091675447835
9 0.7281256544502618 0.5073445732349843 0.02649214659685864 0.030147523709167543
9 0.756198952879581 0.5203898840885143 0.02893193717277487 0.030337197049525817
9 0.7732356020942409 0.6200737618545838 0.034335078534031414 0.027629083245521602
9 0.5701047120418848 0.40538461538461534 0.0331413612565445 0.0317913593256059
9 0.5469214659685864 0.406491043203372 0.024523560209424086 0.027081138040042148
9 0.38424083769633505 0.5549420442571127 0.03901570680628272 0.033814541622760805
9 0.46077486910994764 0.5505900948366702 0.03247120418848168 0.035468914646996835
9 0.48558115183246076 0.5137723919915701 0.03401047120418848 0.032644889357218126
9 0.5657382198952879 0.4927924130663857 0.03297382198952879 0.03387776606954689
9 0.6458324607329843 0.6919388830347735 0.036827225130890054 0.0314436248682824
9 0.7115811518324606 0.7467966280295047 0.035780104712041884 0.03234984193888303
9 0.6818010471204189 0.7684299262381454 0.033392670157068066 0.034151738672286616
9 0.6354240837696336 0.7436354056902003 0.052209424083769634 0.03810326659641728
9 0.6484397905759163 0.7765753424657534 0.03332984293193717 0.032455216016859856
9 0.4465759162303665 0.5822023182297155 0.031518324607329846 0.03304531085353003
9 0.6496963350785341 0.8151211801896733 0.03441884816753926 0.034257112750263434
9 0.411979057591623 0.8310432033719705 0.03442931937172775 0.03328767123287671
9 0.5356858638743456 0.6037723919915701 0.044973821989528796 0.0520231822971549
9 0.4166282722513089 0.3642465753424658 0.033413612565445026 0.03240252897787144
9 0.4232041884816754 0.28793466807165435 0.03797905759162304 0.03178082191780822
9 0.49656544502617805 0.322750263435195 0.0353717277486911 0.03406743940990516
9 0.3704816753926702 0.38782929399367755 0.03552879581151833 0.034678609062170705
9 0.4718010471204188 0.45579557428872497 0.037350785340314135 0.03933614330874605
9 0.4327225130890052 0.4758693361433088 0.038136125654450265 0.03284510010537408
9 0.6972356020942408 0.1995890410958904 0.02994764397905759 0.029546891464699684