9 0.5385228407905663 0.6503989258521959 0.029622195908784624 0.029539018014045196
9 0.3144152958099228 0.6806750937043051 0.027396938888832063 0.026275673788392937
9 0.2850298538307946 0.6650715902827892 0.019810171177793517 0.021843216310438732
9 0.2725158594322302 0.6556193975721855 0.018651012238864412 0.018598640971806153
9 0.2813279284390271 0.6087138218146613 0.021942367339840427 0.02188075408447784
9 0.3113353785316806 0.6581601396475834 0.037177943333854456 0.0328962066747951
9 0.2793002014929781 0.6420659240350143 0.021911347053871835 0.020805485267273296
9 0.29596431303570014 0.6369362966087913 0.016611876934723158 0.021786909649379946
9 0.2706881619508229 0.6266340617252183 0.02078320840091132 0.01863617874584526
9 0.2872902329216079 0.6236549719334039 0.02197338762580902 0.0229560229016819
9 0.3189442575613336 0.5236858463924772 0.023070505992801065 0.024050060605905997
9 0.33166398560358573 0.4890707864847241 0.028587118113729642 0.03059551794422982
9 0.31586273788893743 0.4458227015802633 0.03075033456174514 0.03170832453547323
9 0.41456576945662055 0.47793877838586724 0.027458979460769004 0.02842621142280154
9 0.43672938058313304 0.4114531372744305 0.02422966493173017 0.027294635944538456
9 0.46215653131296097 0.4534570333785107 0.0220354281977462 0.025106560536090745
9 0.3182512999085171 0.36302700265553206 0.029901378482501705 0.03921643736888366
9 0.3542137479105513 0.3537960944027415 0.023070505992801065 0.024050060605905997
9 0.2941596238694915 0.3301347381671591 0.03833710227278368 0.03614078201342756
9 0.36619879505349606 0.32617966625032613 0.01977915089182493 0.02076794749323431
9 0.37486146680949617 0.30292062002778675 0.026237779949902836 0.023031098449760482
9 0.38559429415560603 0.28177457366561676 0.029591175622816032 0.028463749196840648
9 0.3261564740490254 0.2736858463924772 0.028432016683886927 0.025219173858208193
9 0.328816015072538 0.2553687387259649 0.019717110319887744 0.018617409858825706
9 0.4483079592201784 0.2871188222346868 0.023070505992801065 0.024050060605905997
9 0.5025532778143464 0.2351144935100129 0.02200440791177761 0.024031291718886443
9 0.4782811842385554 0.22694402737382902 0.022128489055651856 0.028332366987703646
9 0.47570489810901034 0.2608431484462939 0.028680178971635415 0.0338213243958426
9 0.4910611588595764 0.4857272034666934 0.02419864464576158 0.026219367127334154
9 0.518820535216093 0.4653561237294143 0.02300846542086388 0.021899522971497394
9 0.5975607935668777 0.43226556486945744 0.0285250775417927 0.02844498030982122
9 0.6202786680559325 0.3835030903548721 0.028556097827761293 0.029520249127025517
9 0.5574352176684397 0.36418973160565593 0.028587118113729642 0.030595517944229697
9 0.47245026747304897 0.2813201781907246 0.02636186109377708 0.027332173718577685
9 0.7368220826424051 0.46205552074251055 0.019810171177793517 0.021843216310438732
9 0.623171566621779 0.5602440441323326 0.026392881379745794 0.028407442535782108
9 0.7128503859623615 0.46194018629184913 0.026423901665714383 0.029482711352986288
9 0.5378339849226419 0.45266207680872206 0.01984119146376211 0.022918485127642912
9 0.5221372064239915 0.442728556350575 0.026330840807808488 0.026256904901373262
9 0.47707459787408935 0.37957589275578096 0.019872211749730702 0.02399375394484721
9 0.4667409324606787 0.4238214498008239 0.021942367339840427 0.02188075408447784
9 0.4857968108112884 0.44659250496085395 0.02197338762580902 0.02295602290168214
9 0.5042208750844346 0.45432856556704343 0.020907289544785563 0.022937254014662466
9 0.6622638587183306 0.33171460383092344 0.02300846542086388 0.021899522971497394
9 0.6594941442997742 0.29844696160215867 0.023101526278769654 0.0251253294231103
9 0.6650360725276254 0.27255604999766736 0.027427959174800655 0.02735094260559724
9 0.6996785559818415 0.2536758757205674 0.02733489831689488 0.024125136153984338
9 0.70354538876739 0.28584948024510826 0.025233722440816564 0.025162867197149406
9 0.6933342021036997 0.2704457712658418 0.019748130605856336 0.019692678676030008
9 0.7074587519818915 0.3164101815438427 0.020907289544785563 0.022937254014662466
9 0.6763035513084009 0.30674880994747966 0.01764695472977802 0.0207304097191952
9 0.6918085039121938 0.3048637578598892 0.020876269258816974 0.021861985197458165
9 0.6768856301686036 0.2127003262161425 0.020876269258816974 0.021861985197458165
9 0.685346670065808 0.1964305273054311 0.024198644645761703 0.026219367127334154
9 0.6825149150753144 0.1653134227110749 0.01977915089182493 0.02076794749323431
9 0.7110653087240294 0.11752298813508615 0.023039485706832473 0.022974791788701696
9 0.6827361588619865 0.120708535684116 0.02517168186887938 0.023012329562740866
9 0.6397820327613626 0.13221197933694256 0.02081422868687979 0.019711447563049624
9 0.6020653362079504 0.14684738500628405 0.023039485706832473 0.022974791788701696
9 0.5880509597248026 0.15246772462356023 0.019810171177793517 0.02184321631043861
9 0.5379035236667935 0.17323295098825067 0.0413492748000425 0.02974547577126054
9 0.7301399020059313 0.2504527903974983 0.020876269258816974 0.021861985197458165
9 0.7236249365549625 0.27313666443739637 0.02517168186887938 0.023012329562740866
9 0.7974452747914214 0.299779831593337 0.023101526278769654 0.0251253294231103
9 0.7469312994808356 0.35171846921344235 0.02081422868687979 0.019711447563049562
9 0.7404204358147589 0.3373243379468116 0.0220354281977462 0.025106560536090745
9 0.7840741207438295 0.3569755366623804 0.024322725789636068 0.030520442396151357
9 0.7909825439484515 0.33912098785639194 0.01977915089182493 0.02076794749323431
9 0.7772261357169905 0.3173313570784682 0.018682032524832883 0.019673909789010454
9 0.7656443522916371 0.33096929060722763 0.026268800235871425 0.02410636726696466
9 0.7705414556897787 0.1981548227954769 0.027427959174800655 0.02735094260559724
9 0.7625555260460409 0.1794877695905583 0.01865101223886429 0.018598640971806153
9 0.8045847477466539 0.2185125759028241 0.02520270215484797 0.024087598379945167
9 0.9187836313517617 0.4706739980514082 0.02316356685070684 0.0272758670575189
9 0.8564732300047805 0.45135125485868227 0.020845248972848382 0.020786716380253863
9 0.8354304509580286 0.44204921324423524 0.020907289544785563 0.022937254014662466
9 0.8194332755636305 0.4240605611005658 0.02422966493173005 0.027294635944538456
9 0.8489738189726016 0.4342877204360603 0.025264742726785156 0.02623813601435383
9 0.8548161440962002 0.4164519405170914 0.023101526278769654 0.0251253294231103
9 0.7596590394938577 0.5938443630831499 0.029622195908784746 0.029539018014045196
9 0.6847774103588372 0.7332645370807052 0.02633084080780861 0.026256904901373508
9 0.6605265311050765 0.7428266219848825 0.03075033456174514 0.03170832453547323
9 0.9285947590861684 0.6107525831653148 0.024074563501887334 0.021918291858516948
9 0.868352013938559 0.6859690358949792 0.020876269258816974 0.021861985197458165
9 0.8616297124497484 0.6973719717977419 0.017553893871872246 0.017504603267582176
9 0.8430195264607907 0.6960875240947784 0.023070505992801065 0.02405006060590612
9 0.522870284929145 0.38038173383974516 0.028432016683886927 0.025219173858208193
9 0.505337605379303 0.41561888814768855 0.05567385414287603 0.04611850356057962
9 0.4743530162786396 0.4000435380567019 0.01648779579084891 0.017485834380562743
9 0.4964716993703533 0.3905189909265638 0.03699182161804315 0.026444593771569293
9 0.5414665631692722 0.43755200670680305 0.017553893871872367 0.017504603267582176
9 0.33379797575880094 0.1934844750756588 0.03720896361982305 0.0339714754919994