9 0.48004347826086957 0.6200214592274679 0.03816304347826087 0.043787553648068675
9 0.513358695652174 0.5949034334763948 0.03705434782608696 0.03883047210300429
9 0.40208695652173915 0.54568669527897 0.0388804347826087 0.06034334763948498
9 0.34019565217391307 0.568283261802575 0.03223913043478261 0.03636266094420601
9 0.5853695652173913 0.5266630901287553 0.035717391304347826 0.03672746781115879
9 0.6099347826086956 0.5026502145922747 0.03326086956521739 0.03180257510729614
9 0.6676847826086957 0.5251931330472103 0.043597826086956525 0.04360515021459228
9 0.6271413043478261 0.5463519313304721 0.03196739130434783 0.03497854077253219
9 0.7118913043478261 0.5823497854077253 0.03677173913043478 0.040375536480686695
9 0.6790652173913043 0.6956545064377683 0.034608695652173914 0.03585836909871245
9 0.6152065217391305 0.7170922746781117 0.04183695652173913 0.03956008583690987
9 0.6943260869565218 0.7222210300429185 0.03606521739130435 0.032457081545064374
9 0.8855108695652173 0.47954935622317596 0.03873913043478261 0.03848712446351931
9 0.8218913043478261 0.33974248927038625 0.042456521739130434 0.03896995708154506
9 0.8820543478260869 0.34665236051502146 0.033663043478260865 0.02732832618025751
9 0.8520652173913044 0.33828326180257506 0.0313695652173913 0.034109442060085836
9 0.7571847826086957 0.24743562231759658 0.046 0.04045064377682404
9 0.6911413043478261 0.40370171673819744 0.03891304347826087 0.04546137339055794
9 0.6994347826086956 0.48036480686695276 0.04558695652173913 0.044034334763948496
9 0.6193804347826087 0.39677038626609445 0.03627173913043478 0.035504291845493564
9 0.5205108695652174 0.4107296137339056 0.03896739130434783 0.04187768240343348
9 0.5446195652173913 0.39551502145922746 0.03359782608695652 0.02907725321888412
9 0.42050000000000004 0.3759978540772532 0.035369565217391305 0.033143776824034334
9 0.2247282608695652 0.4833690987124464 0.03672826086956522 0.03436695278969957
9 0.2692391304347826 0.5428648068669528 0.03843478260869565 0.03781115879828326
9 0.21670652173913044 0.5174248927038627 0.03655434782608696 0.03587982832618025
9 0.15714130434782608 0.5598819742489269 0.028554347826086957 0.028733905579399144
9 0.20904347826086955 0.622274678111588 0.045032608695652177 0.04187768240343348
9 0.15760869565217392 0.6142274678111589 0.03741304347826087 0.0355793991416309
9 0.19802173913043478 0.6563841201716738 0.034543478260869565 0.032875536480686696
9 0.14004347826086957 0.688530042918455 0.041967391304347824 0.043143776824034336
9 0.11451086956521739 0.6387982832618025 0.03256521739130435 0.033787553648068666
9 0.41590217391304346 0.814324034334764 0.034108695652173913 0.03815450643776824
9 0.5480652173913044 0.8443025751072961 0.036521739130434785 0.03542918454935623
9 0.32625 0.8557832618025751 0.05125 0.042725321888412014
9 0.5759130434782609 0.6190772532188842 0.03863043478260869 0.03351931330472103
9 0.47194565217391304 0.26355150214592277 0.03309782608695652 0.03348712446351931
9 0.3585434782608696 0.2567274678111588 0.0325 0.02878755364806867
9 0.3496630434782609 0.20967811158798283 0.03656521739130435 0.03543991416309013
9 0.3283369565217391 0.1624892703862661 0.029641304347826088 0.03116952789699571
9 0.2297391304347826 0.2346137339055794 0.03881521739130435 0.038315450643776824
9 0.664195652173913 0.16974248927038627 0.04653260869565218 0.0397961373390558
9 0.6295326086956521 0.21842274678111587 0.04071739130434783 0.03727467811158799