9 0.3877025641025641 0.2711770726714432 0.03962051282051282 0.04605936540429888
9 0.5536 0.37158648925281473 0.041784615384615385 0.05044012282497441
9 0.3620102564102564 0.31220061412487204 0.03676923076923077 0.040225179119754345
9 0.3120923076923077 0.30310133060388944 0.03882051282051282 0.039263050153531216
9 0.32475897435897433 0.3681780962128966 0.05672820512820513 0.04017400204708291
9 0.36262564102564104 0.44496417604913 0.038 0.05760491299897646
9 0.4148512820512821 0.5358853633572159 0.04403076923076923 0.04299897645854657
9 0.2471179487179487 0.461842374616172 0.05565128205128205 0.056898669396110546
9 0.16087179487179487 0.3733776867963153 0.0350974358974359 0.03334698055271238
9 0.17442051282051282 0.33428863868986697 0.03795897435897436 0.034442169907881265
9 0.12606153846153845 0.322589559877175 0.03796923076923077 0.036888433981576256
9 0.19505641025641027 0.2834493346980553 0.039569230769230766 0.03615148413510747
9 0.22786666666666666 0.28769703172978506 0.038123076923076926 0.03430910951893552
9 0.23610256410256408 0.24282497441146367 0.03361025641025641 0.03760491299897646
9 0.3384102564102564 0.19460593654042987 0.032266666666666666 0.0359467758444217
9 0.3360205128205128 0.1269293756397134 0.03658461538461539 0.029836233367451382
9 0.2923794871794872 0.12356192425793244 0.030471794871794872 0.03344933469805527
9 0.10517948717948718 0.39932446264073695 0.0325025641025641 0.04214943705220062
9 0.3170153846153846 0.4484851586489253 0.0521025641025641 0.06637666325486181
9 0.3362461538461538 0.4880655066530194 0.03892307692307693 0.03367451381780962
9 0.35326153846153846 0.5309621289662231 0.054974358974358976 0.05728761514841351
9 0.2903282051282051 0.5524257932446265 0.055723076923076924 0.04678607983623337
9 0.5142666666666666 0.42004094165813716 0.021835897435897436 0.026714431934493348
9 0.48788717948717947 0.5681883316274309 0.041282051282051285 0.04212896622313203
9 0.4384717948717949 0.604360286591607 0.04514871794871795 0.055885363357215966
9 0.31627692307692307 0.6013817809621289 0.02990769230769231 0.03097236438075742
9 0.36583589743589745 0.6705117707267144 0.038656410256410256 0.06410440122824974
9 0.33873846153846154 0.6973694984646879 0.03684102564102564 0.03682702149437052
9 0.4483384615384615 0.6928454452405322 0.04366153846153846 0.04501535312180143
9 0.5064307692307692 0.6525486182190379 0.038974358974358976 0.04025588536335722
9 0.5406871794871795 0.6423029682702149 0.037712820512820516 0.0421596724667349
9 0.21922051282051283 0.6094677584442171 0.03955897435897436 0.04025588536335722
9 0.23297435897435897 0.6533060388945752 0.034256410256410255 0.03832139201637666
9 0.18523076923076923 0.6733060388945753 0.03721025641025641 0.03696008188331627
9 0.1838153846153846 0.7077482088024565 0.03643076923076923 0.03373592630501535
9 0.18764102564102564 0.6247082906857728 0.03855384615384616 0.0414431934493347
9 0.6317435897435898 0.5704503582395087 0.04059487179487179 0.04471852610030706
9 0.6919076923076923 0.5403991811668373 0.04998974358974359 0.06021494370522006
9 0.7109025641025641 0.49707267144319345 0.03658461538461539 0.041054247697031726
9 0.7405641025641025 0.4800818833162743 0.03666666666666667 0.036765609007164794
9 0.7735384615384616 0.5288741044012283 0.049169230769230764 0.04796315250767656
9 0.7571794871794871 0.6137563971340839 0.045261538461538464 0.053019447287615144
9 0.6256615384615385 0.6969907881269192 0.04736410256410256 0.04670419651995906
9 0.5792102564102565 0.6598157625383828 0.032 0.03175025588536336
9 0.552297435897436 0.701238485158649 0.07379487179487179 0.04709314227226202
9 0.5479487179487179 0.781985670419652 0.043456410256410255 0.04658137154554759
9 0.4868 0.7962026612077789 0.04019487179487179 0.04532241555783009
9 0.4051897435897436 0.8059877175025589 0.03390769230769231 0.03519959058341863
9 0.264974358974359 0.7924360286591607 0.03754871794871795 0.037789150460593654
9 0.20601025641025641 0.7669293756397134 0.03596923076923077 0.038075742067553736
9 0.14048205128205127 0.6055885363357215 0.03476923076923077 0.04207778915046059
9 0.1454769230769231 0.6397952917093143 0.033692307692307695 0.03259979529170932
9 0.25026666666666664 0.3482395087001024 0.10551794871794871 0.08897645854657114
9 0.24541538461538462 0.1988331627430911 0.05794871794871795 0.0493654042988741
9 0.36674871794871794 0.0898157625383828 0.04357948717948718 0.03112589559877175
9 0.42471794871794877 0.11083930399181167 0.03237948717948718 0.036806550665301946
9 0.47510769230769234 0.11691914022517913 0.04270769230769231 0.04214943705220062
9 0.43251282051282053 0.15237461617195497 0.03591794871794872 0.043551688843398155
9 0.47802051282051283 0.06584442169907881 0.038871794871794874 0.03719549641760492
9 0.562451282051282 0.21030706243602865 0.04540512820512821 0.053428863868986695
9 0.6101641025641026 0.17997952917093143 0.05424615384615385 0.0467553735926305
9 0.6277538461538461 0.22798362333674516 0.05395897435897436 0.04017400204708291
9 0.6321846153846153 0.27625383828045036 0.04417435897435897 0.04761514841351075
9 0.6940102564102564 0.29194472876151484 0.04318974358974359 0.038495394063459566
9 0.6973025641025641 0.24798362333674515 0.031200000000000002 0.03426816786079836
9 0.7665538461538461 0.29911975435005117 0.04236923076923077 0.06364380757420675
9 0.7126871794871795 0.3671750255885364 0.04015384615384615 0.0431525076765609
9 0.6658051282051282 0.18183213920163768 0.0336 0.03313203684749232
9 0.6930974358974359 0.20672466734902764 0.028482051282051283 0.026714431934493348
9 0.7640102564102563 0.19827021494370523 0.05292307692307693 0.04059365404298874
9 0.681374358974359 0.12975435005117708 0.045948717948717945 0.07617195496417604
9 0.5732307692307692 0.06927328556806552 0.046912820512820516 0.05291709314227226
9 0.515097435897436 0.06341862845445241 0.031220512820512823 0.030481064483111567
9 0.7321641025641026 0.17247697031729783 0.05847179487179487 0.06016376663254862
9 0.8149025641025641 0.19798362333674516 0.03318974358974359 0.03753326509723644
9 0.8442153846153846 0.23837256908904808 0.02872820512820513 0.034831115660184236