9 0.4029444643944241 0.13460167538322929 0.09285149003431259 0.07983781094270216
9 0.5164251152032047 0.2741553522459654 0.06534922254474206 0.061518408656903854
9 0.4896898064472549 0.31614305867613723 0.07460416803594623 0.06049711184130994
9 0.6042078989256608 0.38357880064344335 0.05585737660258204 0.05690907484186701
9 0.5801160345912556 0.2948441507962688 0.054268165093187 0.046760836042915394
9 0.4255813435380452 0.3270054471530901 0.07581433882381182 0.06163634163125267
9 0.36489413956255334 0.280932947941591 0.07018990569620438 0.0660753278166744
9 0.3410894975958852 0.32345095827528453 0.07740355033320685 0.07178458043020429
9 0.33214054420293304 0.3596049272856694 0.05896670797407597 0.047939376824307565
9 0.2568148190355667 0.26975764945723324 0.0784242007603077 0.06841930571564252
9 0.23084449052524691 0.39905288982172116 0.06181347036152763 0.06035297153932804
9 0.3909532409784916 0.5685009292010178 0.06544398272512437 0.06377066090915598
9 0.3804802107474593 0.6790316371909931 0.06665415351299009 0.06490989069909871
9 0.3259642894247639 0.6137363718524506 0.08150786359871538 0.08646353106129336
9 0.46510237784304104 0.5197822788606743 0.045891729758510115 0.04103847976556903
9 0.43898894572354846 0.49360004366876586 0.04719666072675816 0.04442996180776389
9 0.45187836055433067 0.44050176811122294 0.049522242122107 0.044456169135396975
9 0.400633643942817 0.42530601172147653 0.05547833588105272 0.047900065832857996
9 0.3923667815430563 0.3808960998904855 0.07097365567234948 0.057079422471482
9 0.6012091556384742 0.17405382286490123 0.06413905175687633 0.06037917886696112
9 0.1759712400381271 0.3529148722911394 0.07294190790327384 0.07623667027944261
9 0.1694021469332862 0.45945827601631534 0.06805384466162034 0.07055362499354595
9 0.6577851475458865 0.1362364775119122 0.0662751127914605 0.0559008816900897
9 0.6865666774706187 0.1843585166675553 0.07638289990610606 0.07514985514476619
9 0.6575294773644156 0.22693549348842326 0.05628379741430266 0.06704420997700214
9 0.6893729585704503 0.2648830865174816 0.04835945142443258 0.04444306547158037
9 0.707452471765157 0.30749242801684284 0.04366090854354361 0.04326452469018807
9 0.8166679511181325 0.19359565635020964 0.056972787210065164 0.05579605237955736
9 0.7901872973942622 0.32458663773579505 0.06850593400642728 0.05367483676547054
9 0.7387727934910981 0.3606558274124204 0.04477631915102699 0.04215150222787855
9 0.93754882509809 0.2187099429410703 0.05082717309035478 0.04784765117759183
9 0.8768359525895121 0.19967757442041476 0.06394953139611168 0.05587467436245662
9 0.883832429844673 0.2553684030083918 0.08371697325657679 0.056097436647337774
9 0.9120217086420154 0.2894138655874584 0.05194258369783816 0.04673462871528218
9 0.9264578752065821 0.34220420504531257 0.06534922254474206 0.06151840865690372
9 0.9783743346074302 0.38043968419728674 0.04325133078513963 0.04786075484140831
9 0.9733031422328876 0.32195974762162743 0.05196429525494327 0.07487467820461885
9 0.9592904028426595 0.4866100279847395 0.05716230757082982 0.060300556884061864
9 0.9268546705092351 0.43458585837910463 0.055715236332008415 0.05353069646348863
9 0.9107720199051291 0.5085633300933388 0.06534922254474206 0.06151840865690372
9 0.8833664910839317 0.4654957548414467 0.050874553180546074 0.04897377730371808
9 0.839227824662495 0.4671198201926012 0.04510797978236528 0.050034385110761435
9 0.8629959423175244 0.4375588121412664 0.04351876827297024 0.03988614631180969
9 0.8607453880334436 0.3840678211502754 0.04826469124405025 0.04219081321932811
9 0.8237601518922749 0.40363783436845696 0.04584434966831908 0.039912353639442774
9 0.8270136020223329 0.37036469899247004 0.042450737755678154 0.04212529490024534
9 0.8576656821710172 0.3108696229520772 0.077950399858396 0.05715804445438113
9 0.8316430532559258 0.34214602752023426 0.04444465851968871 0.034268619344995664
9 0.7751993091791339 0.5213577200211348 0.049522242122107 0.044456169135396975
9 0.8057704267525783 0.5981894235610858 0.08089192242623011 0.07182389142165398
9 0.7059056682205805 0.5334052011113882 0.08366959316638575 0.05497131052121165
9 0.6796027157403232 0.5027184614149753 0.04105104660704778 0.03648156060579835
9 0.7275505591075689 0.4948548395467692 0.05626208585719755 0.03890416048766547
9 0.7333319452602837 0.452539936002232 0.044681558970644665 0.0398992499756263
9 0.7923717018576368 0.47328114920780157 0.07367827778922764 0.0661146388081241
9 0.6897746741876841 0.45415744952147824 0.053983884552040014 0.040004079286158636
9 0.6372141708293702 0.4215132900086851 0.04356614836316154 0.041012272437935815
9 0.6540568813645254 0.33795064255856244 0.04351876827296998 0.03988614631180969
9 0.6832322647653206 0.35395843162388607 0.05858766725254639 0.03893036781529868
9 0.6566045504562963 0.3846783249608884 0.03742053424345116 0.03306387123597029
9 0.7038851155848844 0.4162553248347298 0.04845421160481491 0.04669531772383262
9 0.6732498266787246 0.4070239480218877 0.027786548030717523 0.02507615904255506
9 0.7141389999460845 0.3834666305389067 0.04109842669723908 0.03760768673192448
9 0.6852350628198932 0.3877356635757616 0.031511820574696474 0.030746100664635383
9 0.5788318000307213 0.49934742383060127 0.04612863020946607 0.04666911039619953
9 0.5195580848090021 0.5974714834185124 0.08340702418234361 0.07635460325379144
9 0.5635348778907511 0.5366995891181032 0.057162307570829955 0.060300556884061864
9 0.5189352448339457 0.5135423278625747 0.057020167300256455 0.056922178505683485
9 0.48450361324851987 0.49703044222136233 0.04850159169500608 0.04782144384995875
9 0.5116071069474466 0.4499686163917147 0.054505065544142826 0.05239146667354602
9 0.5548909532574515 0.4556774745241965 0.042829778477207474 0.051134303909254476
9 0.5378152992473215 0.4784031038358754 0.03625774354577661 0.033050767572153805
9 0.44372994838004787 0.3989071715955472 0.05194258369783816 0.04673462871528218
9 0.6054249685160976 0.45398133902205107 0.04738618108752282 0.04893446631226826
9 0.6157568218151556 0.49217134983171534 0.04477631915102699 0.04215150222787855
9 0.6510689420450995 0.47431018129844776 0.06380739112553804 0.052496295984078366
9 0.6143709800824597 0.2933314665875548 0.05474196599509892 0.05802209730417666
9 0.6600880022347391 0.28774630429923403 0.05818295799793088 0.05693528216950009