9 0.5704912998976459 0.350846394984326 0.033316274309109516 0.03510971786833856
9 0.6780962128966224 0.3408672936259143 0.02893551688843398 0.031024033437826542
9 0.6617809621289662 0.4984221525600836 0.033234390992835205 0.03268547544409613
9 0.4401535312180143 0.5144200626959248 0.03305015353121801 0.02896551724137931
9 0.24604912998976458 0.4877115987460815 0.03153531218014329 0.03506792058516197
9 0.2096622313203685 0.4312330198537095 0.03067553735926305 0.029237199582027168
9 0.2396417604912999 0.3944096133751306 0.03038894575230297 0.050825496342737725
9 0.2541658137154555 0.37268547544409614 0.024114636642784033 0.02721003134796238
9 0.09218014329580348 0.5785057471264368 0.023060388945752304 0.026196447230929988
9 0.08520982599795292 0.6335632183908046 0.02466734902763562 0.029184952978056428
9 0.17309109518935517 0.6187460815047022 0.025547594677584443 0.027335423197492163
9 0.21227226202661206 0.7290491118077326 0.024237461617195494 0.02573667711598746
9 0.29679631525076766 0.6762591431556948 0.02420675537359263 0.03322884012539185
9 0.42097236438075747 0.7847648902821316 0.031606960081883316 0.03202716823406478
9 0.30560900716479017 0.8310553814002091 0.03406345957011259 0.03136886102403344
9 0.12781985670419652 0.6060919540229884 0.0593654042988741 0.04964472309299895
9 0.35407369498464686 0.6944723092998956 0.020235414534288638 0.029979101358411704
9 0.5198055271238485 0.7106792058516197 0.017942681678607984 0.021807732497387673
9 0.6814431934493347 0.40553814002089866 0.022343909928352095 0.024942528735632186