9 0.46435167468302796 0.5940496229409495 0.048609594324074766 0.05257845231154971
9 0.4346528676218998 0.5636232217592182 0.04718594681513842 0.04685055136822563
9 0.5604809693300454 0.5241836653404933 0.05288053685088328 0.0697621551415218
9 0.6206995643555826 0.5554402815013583 0.04130470952057086 0.044406946423815076
9 0.37328272200462265 0.483491082915797 0.04476891275382722 0.04450636679365037
9 0.3521368577874951 0.45509403513749525 0.042244313453375835 0.039884277891057016
9 0.2867456654025129 0.47232573625521385 0.05443704899907204 0.05388310509195128
9 0.3252663284054923 0.4990867300203291 0.04009619248991539 0.043234854136527445
9 0.22936799775615702 0.5274306438193704 0.04729351205427879 0.049128455696243856
9 0.2414040755948353 0.651062757785547 0.04356039572317174 0.04333427450636274
9 0.3039859220621136 0.6811141415358457 0.05191244969862066 0.04926101618935792
9 0.22001300577029662 0.676699657551121 0.04455378227554673 0.039950558137613924
9 0.06880144184401682 0.3989619884440464 0.049549198256879576 0.04805578377879178
9 0.16306895405449903 0.2586301272297786 0.053013401490135954 0.0481552041486272
9 0.09906186816861176 0.2587609758257212 0.040820665944439616 0.03415637694773294
9 0.1315826708474999 0.25384671979989154 0.04004240987034521 0.04209590197251827
9 0.24919635894846745 0.16857786184830403 0.056585169962532614 0.05053252884648091
9 0.2866065187018951 0.3409590319901932 0.04987189397430046 0.05488949676284645
9 0.26321125034353204 0.4212490655665653 0.05674651782124301 0.05394938533850818
9 0.36320811787058205 0.3427415463662053 0.044715130134257194 0.043367414629641256
9 0.46345328924706286 0.3688684956999304 0.049710546115589935 0.05147264027081911
9 0.4418771640733742 0.34958306523370153 0.040928231183579925 0.036434281275751164
9 0.575356553792884 0.34347747666701745 0.044607564895116886 0.041089510301623035
9 0.7580639523841994 0.4792725647864746 0.045816081925772356 0.042261602588910666
9 0.7005518281889181 0.537224852760654 0.04834068122622387 0.04688369149150415
9 0.759807111791211 0.5156196136649308 0.04586986454534264 0.043400554752919776
9 0.8138344235048162 0.5680959754147175 0.03625551091966784 0.03516276861862811
9 0.747003750091496 0.6280218126211385 0.05548421817101718 0.051638340887211705
9 0.8024847844431677 0.6252921345397617 0.04586986454534264 0.043400554752919776
9 0.7521573301121938 0.6654083932937681 0.04345283048403144 0.041056370178344515
9 0.8061988834355276 0.7053728513010938 0.053228531968416565 0.052711012804663775
9 0.8425493098942798 0.6559897506939911 0.041143361661860535 0.04099008993178748
9 0.4929510362849876 0.8064929595628284 0.04372174358188207 0.046751130998390074
9 0.3485949932895775 0.823147378715101 0.04586986454534264 0.043400554752919776
9 0.5786259790643022 0.8603358722504749 0.06252018987667032 0.05411508595490078
9 0.3640115877674629 0.5821430055956991 0.04812555074794326 0.0423278828354677
9 0.544348032100651 0.21868374648892236 0.041143361661860535 0.04099008993178761
9 0.6634058913816488 0.2249348371236759 0.03977349677249447 0.03640114115247271
9 0.6830126688796619 0.17603226830411128 0.04586986454534264 0.04340055475291984
9 0.7140861165591743 0.12850672649777542 0.03751781056989385 0.03747381306992485
9 0.8027934097055113 0.21581616753057659 0.049549198256879604 0.04805578377879178
9 0.3621230851757942 0.09709242029630062 0.05773990437361806 0.050565668969759434
9 0.3883292057842081 0.15264204933278935 0.05065015004839477 0.04694997173806112