9 0.7658196380940581 0.4055164062925927 0.04204506016889012 0.042878234291168535
9 0.7425180406331554 0.5855346753375603 0.0490258804953136 0.048536511434934884
9 0.8023970797136947 0.6364461829646378 0.04083821934918293 0.03951703333863626
9 0.7556476620447774 0.7168483881967486 0.060553822232451975 0.05201459238883085
9 0.7113190325323827 0.7582075734290866 0.06636783629175558 0.05654381143720753
9 0.5163788195552547 0.4674369357836007 0.03267057547934645 0.03161362667090893
9 0.538412222092538 0.3901037315006136 0.0361910115569988 0.03611687238564925
9 0.46553817586333346 0.36025472768139327 0.03961136125318208 0.0350397609575323
9 0.3452189068329522 0.8333188848094782 0.09529778565421745 0.07137740667909043
9 0.4180713359398548 0.7364678081522051 0.03381736447017214 0.031626613337727046
9 0.27900830663050846 0.8476391157531477 0.05733364529920687 0.06425241810266209