9 0.35981155823140687 0.7041954759256841 0.04669164071190492 0.05224843407589465
9 0.5387461682098439 0.6244247132739249 0.04877748743277471 0.05639957618480061
9 0.3399660255696841 0.6602979926269559 0.042531942795548526 0.04600376302680746
9 0.288947093260016 0.6632445211392468 0.04458780070295986 0.04501087221390273
9 0.31023071427190435 0.6001102038928552 0.06213156718691131 0.04840257602437546
9 0.35827047689359925 0.5282785289426224 0.04572668826646216 0.06354734861814972
9 0.4227301128424726 0.44329944551620504 0.04977242869167616 0.05024469456435648
9 0.24570741446684607 0.49731412778745343 0.06326445698772186 0.06591024584426054
9 0.14769164289591802 0.5741319865329727 0.039397174951551914 0.03874824327908661
9 0.15617897608399864 0.6151405868216294 0.04250195398208996 0.040859730104996765
9 0.10620896489745718 0.6211555772012781 0.04354487734252491 0.04293530115944975
9 0.1693774576821117 0.668414055636853 0.044569807414884755 0.04192445246081631
9 0.20288561120263282 0.6683448276428539 0.04250195398208996 0.040859730104996765
9 0.20469890339499108 0.7140997838183761 0.03942116600231872 0.04286346961653517
9 0.3004225927801074 0.7746814777423884 0.037347314806832226 0.04076994067635372
9 0.28895677725197555 0.8417604214118065 0.041441037333579844 0.0356977392974576
9 0.24512734985555554 0.8399516150943676 0.03527346361134573 0.03867641173617227
9 0.09595332273720607 0.5421080701198152 0.03841422921803399 0.046960738068255264
9 0.3133651384419399 0.518771631128196 0.062281511254203926 0.07412274063342895
9 0.33789148702627564 0.48130360483367207 0.043526884054449745 0.03984888140636333
9 0.3608534505699589 0.44077609561465475 0.06326445698772186 0.06591024584426054
9 0.30088570101890966 0.4119822620404126 0.06217355152575317 0.055604222114910444
9 0.5059570588644055 0.5709780409953641 0.02491620315929665 0.03026638020398882
9 0.49940828353728695 0.42035664475781803 0.046667649661138004 0.04813320773844632
9 0.4553419445145446 0.3779099783580744 0.05294318311182287 0.06367305381825017
9 0.33309602626459833 0.3661490989280269 0.03422454248821902 0.035572034097357146
9 0.39149904710103406 0.30339710437976725 0.04783052827540711 0.07078491048014199
9 0.3686387018491488 0.27292798033493265 0.042513949507473364 0.04291734327372116
9 0.47700308090204946 0.2911041307284894 0.050815352052111115 0.05232026561880934
9 0.5298622953361886 0.3385421880213504 0.04459379846565162 0.04603967879826475
9 0.5619080257818163 0.3529031890370143 0.04357486615598336 0.048079334081260444
9 0.2376092485058044 0.3462052650863192 0.04562472630070317 0.04605763668399334
9 0.25695096910142384 0.30368299529862774 0.03942116600231872 0.04286346961653517
9 0.21246812924556885 0.2782206164837238 0.042513949507473364 0.04291734327372104
9 0.21535998770055131 0.24370172225040623 0.04146502838434665 0.039812965634906036
9 0.20811384771569294 0.3271697397267042 0.044599796228343265 0.047068485382626896
9 0.6433246784927368 0.43534123163283206 0.047716570784264944 0.05123758537726133
9 0.6992196976864593 0.4729517527170669 0.05915274117289919 0.06789602747007036
9 0.7123731960643845 0.5185091721495744 0.04253794055824017 0.047032569611169604
9 0.7393002739109047 0.5391328021000541 0.042513949507473364 0.04291734327372104
9 0.7787360906459917 0.4947171436641114 0.055987984515443893 0.055496474800538806
9 0.7735901044408104 0.40786379777128934 0.052925189823747935 0.06058663406516375
9 0.6544426237847496 0.3085915060704097 0.053920131082649154 0.05443175244471938
9 0.6025577021140519 0.33984817353838814 0.03629239592101399 0.03663675645317657
9 0.5816782427359317 0.29545424483320737 0.08074824584475616 0.05901388381111211
9 0.587905450411122 0.21406179841136236 0.04979042197975132 0.0533311143174429
9 0.5290106130339663 0.19245165304192655 0.046685642949213166 0.05121962749153274
9 0.44899075168229136 0.17275285420647063 0.03837224487919201 0.03975909197772022
9 0.3077206505854252 0.16955464833729966 0.04355087510521667 0.04396410774381189
9 0.24596094468539967 0.18709302683081103 0.04148901943511358 0.0439281919723546
9 0.1587012847855192 0.34037739725402355 0.04047608488813708 0.04699665383971243
9 0.16830017193102842 0.3067705833478322 0.038360249353808606 0.037701478808996
9 0.2334805704247895 0.6107073256388966 0.11812554946504697 0.10492785740927653
9 0.2085680534947607 0.7587900176380791 0.06527833055629133 0.05771570894082059
9 0.31445441971840665 0.8824727165859412 0.047638599869272644 0.037863099780553626
9 0.37520418995280164 0.8685531190234258 0.03838424040457553 0.04181670514644456
9 0.42624411443189064 0.8692074135564024 0.048729505331241096 0.048169123509903496
9 0.3883723390634951 0.8281962097188303 0.04254993608362358 0.04909018277989388
9 0.422417292344924 0.9202051710252429 0.04457580517757646 0.04295325904517845
9 0.5257702911792459 0.7861897784761173 0.052925189823747706 0.060586634065163514
9 0.5692851797083122 0.8224725843125523 0.06114262369070162 0.055586264229181975
9 0.5932480822735885 0.7767830842859956 0.0600697115168081 0.04836666025291829
9 0.604312391375337 0.7292604446623224 0.05083334534018616 0.05540668537189588
9 0.667675467773511 0.7214687918916585 0.048711512043166164 0.045082703756817076
9 0.6653530531002797 0.7652379664413709 0.03527346361134573 0.03867641173617227
9 0.7414018023864258 0.7227568195229677 0.050917314017870106 0.06980997755296584
9 0.6966340688027148 0.6484261279508619 0.0456427195887781 0.04914405643707976
9 0.6249912693772459 0.8276756979893797 0.038360249353808724 0.037701478808996
9 0.6557961502936125 0.8060464264380973 0.03213869576734912 0.03142089198845141
9 0.7249762749705168 0.8233617666127984 0.059044781444448434 0.04937750895155173
9 0.6335505757176271 0.881029977290382 0.057180851943171684 0.0832922104640454
9 0.5178380947141091 0.928832132438967 0.05498704549385092 0.06062254983662092
9 0.4585447497919159 0.9272926944074571 0.03525547032327057 0.03558999198308585
9 0.6900476827139441 0.8450628697069953 0.0674061616160032 0.06906849714026154
9 0.7755337232268844 0.8296834763026311 0.03839023816726718 0.0428455117308067
9 0.8103723490430814 0.7925502744430021 0.03321760570393428 0.039669302549077