9 0.44802728226652677 0.2640899795501022 0.036915005246589715 0.0339877300613497
9 0.6144491080797482 0.2997546012269939 0.04048268625393494 0.03892638036809816
9 0.6675655823714586 0.250480572597137 0.03316894018887723 0.03258691206543968
9 0.7389192025183631 0.2983844580777096 0.0434102833158447 0.04910020449897751
9 0.7739769150052466 0.3407873210633947 0.047324239244491084 0.05460122699386503
9 0.48465897166841554 0.49059304703476486 0.026915005246589716 0.025991820040899796
9 0.41371458551941237 0.4652760736196319 0.03073452256033578 0.02883435582822086
9 0.37982161594963276 0.5275255623721881 0.029192025183630642 0.031625766871165646
9 0.8125498426023086 0.6717484662576687 0.05820566631689402 0.07849693251533742
9 0.7284155299055614 0.599478527607362 0.026190975865687305 0.028006134969325153
9 0.8205246589716685 0.7322290388548057 0.05522560335781742 0.04457055214723927