9 0.46629132231404957 0.325625 0.02415289256198347 0.02421875
9 0.6833367768595041 0.3424270833333333 0.022737603305785125 0.02059375
9 0.7092665289256199 0.36314583333333333 0.0159400826446281 0.017677083333333333
9 0.7192871900826446 0.3743854166666667 0.014834710743801653 0.015510416666666667
9 0.7038119834710743 0.41796875 0.01743801652892562 0.017552083333333336
9 0.6827066115702479 0.3641875 0.031239669421487603 0.025677083333333333
9 0.7105888429752066 0.38604166666666667 0.017572314049586778 0.016354166666666666
9 0.6940289256198348 0.38757291666666666 0.01284090909090909 0.018229166666666668
9 0.7162603305785125 0.4026666666666667 0.017975206611570246 0.014645833333333334
9 0.7003822314049587 0.40222916666666664 0.017727272727272727 0.018958333333333334
9 0.6550826446280992 0.4912708333333333 0.019070247933884298 0.01954166666666667
9 0.6372520661157025 0.5220208333333333 0.02243801652892562 0.025302083333333333
9 0.6455061983471074 0.5665729166666666 0.02484504132231405 0.025864583333333333
9 0.5566115702479338 0.5154583333333334 0.02159090909090909 0.023093750000000003
9 0.5257128099173554 0.5750937500000001 0.018336776859504134 0.02323958333333333
9 0.5083367768595042 0.5298229166666667 0.01609504132231405 0.021229166666666667
9 0.6299173553719009 0.6455208333333334 0.021869834710743802 0.034
9 0.5950413223140496 0.6471041666666667 0.018243801652892563 0.019697916666666666
9 0.6482851239669422 0.6815729166666666 0.031497933884297516 0.02959375
9 0.5791838842975207 0.6705833333333333 0.015795454545454543 0.016354166666666666
9 0.5671280991735538 0.69103125 0.02202479338842975 0.017916666666666668
9 0.5535537190082644 0.7091979166666668 0.02415289256198347 0.02255208333333333
9 0.6091838842975207 0.7293125 0.023760330578512397 0.020135416666666666
9 0.6037190082644628 0.7459375 0.01643595041322314 0.014364583333333332
9 0.49542355371900826 0.6915833333333333 0.01847107438016529 0.020104166666666666
9 0.43539256198347104 0.73021875 0.01765495867768595 0.019770833333333335
9 0.45738636363636365 0.7426875000000001 0.016425619834710744 0.023947916666666666
9 0.4651652892561983 0.7108645833333332 0.02191115702479339 0.0280625
9 0.48569214876033057 0.492875 0.018512396694214877 0.02165625
9 0.4563223140495868 0.5063125 0.01831611570247934 0.0179375
9 0.37674586776859503 0.52225 0.02284090909090909 0.022479166666666665
9 0.3473450413223141 0.5639270833333333 0.022582644628099172 0.023854166666666666
9 0.4037706611570248 0.59534375 0.022706611570247934 0.02546875
9 0.47143595041322317 0.6922083333333333 0.020361570247933884 0.0224375
9 0.24870867768595042 0.4652395833333333 0.015020661157024792 0.017760416666666667
9 0.3718388429752066 0.39416666666666667 0.020619834710743804 0.024281249999999997
9 0.2714566115702479 0.47038541666666667 0.02041322314049587 0.024770833333333336
9 0.4358884297520661 0.5147604166666667 0.015764462809917355 0.018541666666666668
9 0.4495867768595041 0.5278541666666666 0.02097107438016529 0.022260416666666668
9 0.48246900826446276 0.5967604166666667 0.015537190082644627 0.019958333333333335
9 0.4988429752066116 0.5565208333333334 0.017964876033057853 0.018135416666666668
9 0.48445247933884295 0.5311354166666666 0.017458677685950413 0.018958333333333334
9 0.4683677685950413 0.5204270833333333 0.016580578512396697 0.018322916666666668
9 0.2989049586776859 0.6053854166666667 0.01822314049586777 0.0173125
9 0.29689049586776856 0.6372916666666666 0.018016528925619835 0.021072916666666667
9 0.28710743801652894 0.6613749999999999 0.022128099173553722 0.022260416666666668
9 0.25176652892561985 0.6724270833333333 0.02322314049586777 0.01894791666666667
9 0.25290289256198345 0.6406770833333333 0.020144628099173553 0.020916666666666663
9 0.2604338842975207 0.6573854166666667 0.015960743801652893 0.0158125
9 0.2542768595041322 0.61071875 0.016012396694214875 0.01873958333333333
9 0.28200413223140497 0.6261770833333333 0.013274793388429752 0.017322916666666667
9 0.26727272727272733 0.62490625 0.016043388429752066 0.017854166666666667
9 0.266952479338843 0.7160416666666667 0.016942148760330577 0.017635416666666667
9 0.2560743801652893 0.7295312500000001 0.018853305785123967 0.021510416666666664
9 0.2542252066115703 0.76025 0.01515495867768595 0.016729166666666666
9 0.2193595041322314 0.7998333333333334 0.018729338842975205 0.018895833333333334
9 0.2471590909090909 0.8032291666666667 0.02087809917355372 0.018010416666666664
9 0.28985537190082644 0.80053125 0.01615702479338843 0.015677083333333335
9 0.32756198347107435 0.79403125 0.018274793388429755 0.01885416666666667
9 0.3420971074380165 0.7919166666666667 0.01527892561983471 0.017708333333333333
9 0.3924380165289256 0.7825104166666667 0.0365392561983471 0.021989583333333333
9 0.2218698347107438 0.6693645833333334 0.016890495867768595 0.01821875
9 0.2321694214876033 0.6490312500000001 0.02069214876033058 0.01914583333333333
9 0.16644628099173553 0.6083958333333332 0.018274793388429755 0.021020833333333332
9 0.2222210743801653 0.5688958333333333 0.01606404958677686 0.015156250000000001
9 0.22637396694214876 0.5837916666666667 0.016105371900826445 0.0203125
9 0.18771694214876034 0.5564374999999999 0.018832644628099172 0.026447916666666668
9 0.17805785123966944 0.5718020833333333 0.015537190082644627 0.016354166666666666
9 0.1878512396694215 0.5958958333333333 0.014524793388429753 0.016802083333333332
9 0.2008884297520661 0.5847395833333333 0.02202479338842975 0.018364583333333333
9 0.17564049586776861 0.7110833333333333 0.021394628099173554 0.02234375
9 0.18022727272727274 0.7304166666666667 0.01524793388429752 0.014437499999999999
9 0.1468904958677686 0.6843854166666666 0.02041322314049587 0.019770833333333335
9 0.07770661157024793 0.42007291666666663 0.017923553719008264 0.022406250000000003
9 0.13391528925619833 0.4512395833333333 0.01628099173553719 0.01690625
9 0.15240702479338844 0.4643333333333333 0.016931818181818183 0.018770833333333334
9 0.165 0.484875 0.018088842975206614 0.02296875
9 0.13802685950413224 0.46915625 0.0193801652892562 0.021770833333333333
9 0.12959710743801653 0.48483333333333334 0.018615702479338844 0.020677083333333336
9 0.24784090909090908 0.3350520833333333 0.024008264462809917 0.024177083333333335
9 0.34044421487603305 0.21630208333333334 0.02202479338842975 0.021145833333333332
9 0.3650723140495868 0.21232291666666667 0.02452479338842975 0.025729166666666668
9 0.09024793388429753 0.28411458333333334 0.01971074380165289 0.017854166666666667
9 0.15913223140495866 0.22445833333333332 0.016983471074380165 0.017729166666666667
9 0.16736570247933882 0.21514583333333331 0.014524793388429753 0.014770833333333334
9 0.18483471074380164 0.21992708333333333 0.01875 0.02025
9 0.43925619834710744 0.58703125 0.02339876033057851 0.020260416666666666
9 0.4613223140495868 0.5568333333333333 0.046373966942148764 0.035124999999999997
9 0.48825413223140496 0.5781979166666668 0.013770661157024794 0.014447916666666666
9 0.4661157024793388 0.5828958333333334 0.031869834710743804 0.019104166666666665
9 0.43005165289256203 0.52878125 0.014979338842975207 0.014583333333333334
9 0.5894421487603306 0.8039270833333333 0.03125 0.027166666666666665