9 0.48676362793585537 0.762457524891799 0.03893394234169369 0.04318040217978001
9 0.5231377667336179 0.8066651477320312 0.04215150222787856 0.04440823657003478
9 0.4592399511172388 0.8330060238643261 0.03893394234169369 0.04318040217978001
9 0.5207022800002539 0.8799024340379976 0.09517324035536842 0.10567365998431953
9 0.6483176518576895 0.8430850143773465 0.03027504866517485 0.03297692841553992
9 0.7744931942200504 0.6507728019019324 0.036809621885998095 0.04418533242580951
9 0.15114623354934273 0.5262470361071864 0.03996502336689954 0.03994270729746523
9 0.3054337120730099 0.4938264128788222 0.03459827966290576 0.037531619345799884
9 0.3018991443198788 0.5226861058408646 0.03354233527558648 0.03858113042067484
9 0.26046755683953765 0.6413644341683642 0.03351747191347303 0.036392946613234764
9 0.3050479557090011 0.5748115041685182 0.04016393026380694 0.057448177756983826
9 0.2727853350797549 0.5920736416664041 0.03459827966290576 0.037531619345799884
9 0.30032691091745517 0.6140204893870547 0.03458584798184898 0.03643752744207997
9 0.23388943628373282 0.5346254639094202 0.05631388810001516 0.06905780922685925
9 0.19255730225184536 0.6445510570071605 0.05390363898001531 0.04489862568733102
9 0.212340532787137 0.6908029067595937 0.04212663886576512 0.04222005276259496
9 0.3069353257221176 0.6909189884493642 0.036722600118601116 0.036526689099770124
9 0.6032838708809066 0.9025040565885905 0.028088569804195593 0.028511399142970108
9 0.6353355271834393 0.8567732391795643 0.027007762054762987 0.02737272641040499
9 0.6356272974370215 0.8781303217165252 0.026970467011592645 0.024090450699245505
9 0.4533998272100711 0.21813844997945414 0.03456098461973566 0.03424934363464014
9 0.5897727976899781 0.25721459913508277 0.03579097254184891 0.048517119211844144
9 0.5837844699331486 0.3138844739842928 0.03887178393641003 0.03770994266118032
9 0.5531434351793022 0.28250410259548764 0.03566665573128183 0.03757620017464509
9 0.5266011126616649 0.36075582572289916 0.045356630433006646 0.044541979056570265
9 0.7011555345280835 0.47312219482502776 0.03564179236916827 0.03538801636720526