9 0.6411276001982962 0.27026672176797284 0.05596619328199479 0.060571421953724947
9 0.5317748351199698 0.30879565627316197 0.06262910490471402 0.06308248681449978
9 0.6613279437875805 0.3429539694163195 0.0346910593556875 0.036838346276436514
9 0.6551401240684501 0.45165020108730486 0.048106984785067954 0.04994361687558446
9 0.5822849603995206 0.5392845045925052 0.03353337770316966 0.032185809292327346
9 0.4183690217605824 0.5125188102431052 0.0547698964077873 0.05245468173635943
9 0.18885370613950375 0.4184850116146186 0.08062426998191426 0.09017896770574273
9 0.1572945906164469 0.4719662088324922 0.05812709570027316 0.05601968298891787
9 0.2031755392822558 0.5225180850611091 0.06265484838584033 0.06539195563667081
9 0.14778741182835486 0.6800367985363608 0.03811261735098931 0.04617701958442195
9 0.05684170752524931 0.6545177509955729 0.04363071906175355 0.045190281872173325
9 0.05282161359376135 0.717551574419032 0.0514126971153014 0.048889680483800976
9 0.10245917300859621 0.6791049026446508 0.07156876461077995 0.07143442241023686
9 0.2045818948812598 0.7931689071015777 0.04028639150983082 0.04278001503070033
9 0.29060842090886996 0.7143692868078529 0.033662095108801054 0.043733153403181846
9 0.35353923671865284 0.7234241013464264 0.03919306856012849 0.043901150102018414
9 0.438258893580021 0.8114668037846656 0.04706514879761829 0.05568368959124448
9 0.3257223102077286 0.8876086049995502 0.06260336142358772 0.06077301799232888