9 0.3852965660770031 0.18773056994818652 0.05860561914672217 0.05769948186528497
9 0.5267429760665973 0.16149222797927462 0.056690946930280955 0.05512953367875648
9 0.5773048907388137 0.22903626943005181 0.04443288241415193 0.047098445595854924
9 0.6026430801248699 0.32594818652849744 0.048959417273673256 0.050528497409326426
9 0.728751300728408 0.2954507772020726 0.05463059313215401 0.05649740932642487
9 0.5206971904266389 0.2792642487046632 0.040738813735691985 0.05694300518134715
9 0.5567741935483871 0.2816373056994818 0.036181061394380855 0.042010362694300515
9 0.501207075962539 0.3238860103626943 0.04387096774193548 0.04115025906735752
9 0.5469823100936524 0.4035440414507772 0.03468262226847034 0.0389740932642487
9 0.4889802289281998 0.4317512953367876 0.035234131113423516 0.041544041450777204
9 0.5223933402705515 0.4373264248704663 0.037700312174817896 0.04315025906735751
9 0.6477419354838709 0.39235233160621763 0.04554630593132154 0.07042487046632123
9 0.6326326742976067 0.450559585492228 0.03740894901144641 0.04240414507772021
9 0.5937565036420396 0.47363730569948187 0.032518210197710715 0.03077720207253886
9 0.5806035379812695 0.44207253886010367 0.029937565036420394 0.03067357512953368
9 0.6678043704474506 0.5466010362694301 0.039583766909469305 0.05065284974093265
9 0.6004162330905307 0.6233886010362695 0.04251821019771072 0.04393782383419689
9 0.43113423517169613 0.6124352331606218 0.035567117585848074 0.0365699481865285
9 0.42886576482830385 0.5396476683937824 0.031040582726326742 0.028870466321243522
9 0.4478563995837669 0.48648704663212433 0.03869927159209157 0.048590673575129535
9 0.5084079084287201 0.5074300518134716 0.0345369406867846 0.035326424870466326
9 0.4768678459937565 0.5233989637305699 0.029469302809573363 0.033139896373057
9 0.450780437044745 0.5236787564766839 0.031352757544224764 0.03369948186528498
9 0.4881165452653486 0.5669637305699482 0.0295525494276795 0.03229015544041451
9 0.5520915712799167 0.611139896373057 0.02924037460978148 0.03005181347150259
9 0.5483038501560874 0.6346217616580311 0.029937565036420394 0.029243523316062173
9 0.5040790842872008 0.6522279792746114 0.028522372528616027 0.032134715025906736
9 0.5264099895941727 0.6754507772020725 0.03363163371488034 0.03393782383419689
9 0.3724245577523413 0.77739896373057 0.049999999999999996 0.05137823834196891
9 0.6849739854318418 0.7087150259067357 0.054089490114464095 0.04792746113989637
9 0.6709469302809573 0.7563419689119171 0.050447450572320494 0.059025906735751296
9 0.6104994797086369 0.7860932642487047 0.048855359001040585 0.05038341968911917
9 0.4840374609781478 0.7065077720207253 0.03985431841831425 0.036953367875647666
9 0.516576482830385 0.7553471502590673 0.038782518210197715 0.05190673575129534
9 0.4713111342351717 0.7460621761658032 0.05263267429760666 0.07797927461139896
9 0.5567637877211238 0.6697098445595855 0.028397502601456816 0.034269430051813474
9 0.6314255983350676 0.5219896373056995 0.03793964620187305 0.09859067357512953
9 0.5960978147762748 0.5000932642487046 0.03059313215400624 0.027927461139896373
9 0.598054110301769 0.5284559585492228 0.034047866805411026 0.028963730569948186
9 0.5220083246618106 0.5421865284974093 0.06880332986472425 0.0392020725388601
9 0.5376795005202915 0.5796580310880829 0.025827263267429762 0.028797927461139895
9 0.5757127991675338 0.5478963730569949 0.03916753381893861 0.038663212435233164
9 0.4221436004162331 0.4058860103626943 0.035816857440166494 0.038393782383419686
9 0.39591050988553594 0.31963730569948184 0.04292403746097815 0.047098445595854924
9 0.418054110301769 0.3469119170984456 0.036742976066597294 0.03993782383419689
9 0.3469927159209157 0.37574093264248704 0.039094693028095734 0.039813471502590674
9 0.32602497398543184 0.34639378238341967 0.04422476586888657 0.048082901554404145
9 0.2939646201873049 0.39521243523316063 0.04208116545265348 0.04067357512953368
9 0.327471383975026 0.4352849740932643 0.04387096774193548 0.032860103626943006
9 0.26723204994797084 0.4234818652849741 0.03476586888657648 0.03419689119170984
9 0.29716961498439126 0.44552331606217616 0.03457856399583767 0.0530259067357513
9 0.2278876170655567 0.33941968911917103 0.05053069719042664 0.05645595854922279
9 0.4675338189386056 0.343119170984456 0.03848074921956295 0.038901554404145076
9 0.49754422476586885 0.3738134715025907 0.03465140478668054 0.03202072538860103
9 0.4587200832466181 0.3782176165803109 0.041945889698231015 0.043461139896373055
9 0.7383454734651405 0.21689119170984458 0.07116545265348595 0.0779481865284974
9 0.6791571279916753 0.19154404145077722 0.04335067637877211 0.04826943005181347
9 0.6159625390218523 0.16528497409326426 0.06241415192507804 0.07190673575129533
9 0.7167533818938605 0.1565699481865285 0.06755463059313216 0.050538860103626945
9 0.45782518210197715 0.08850777202072538 0.05599375650364204 0.05229015544041451
9 0.1754630593132154 0.2791813471502591 0.051633714880332984 0.04364766839378238
9 0.1088449531737773 0.38030051813471505 0.040738813735691985 0.050259067357512954
9 0.1942872008324662 0.40547150259067355 0.0404786680541103 0.042818652849740936
9 0.22976066597294487 0.4198238341968912 0.03360041623309053 0.041326424870466325
9 0.21493236212278877 0.45333678756476686 0.030301768990634758 0.03607253886010363
9 0.18036420395421437 0.4525388601036269 0.04429760665972945 0.05817616580310881
9 0.2255879292403746 0.5118341968911917 0.03716961498439126 0.048072538860103625
9 0.2507908428720083 0.4708186528497409 0.04822060353798127 0.09039378238341969
9 0.29533818938605616 0.48623834196891197 0.030343392299687827 0.028393782383419688
9 0.32138397502601457 0.5074507772020725 0.025712799167533818 0.026196891191709846
9 0.2957856399583767 0.5110880829015544 0.028574401664932362 0.029512953367875648
9 0.2936212278876171 0.5607772020725388 0.044027055150884495 0.03830051813471503
9 0.24997918834547345 0.6715544041450777 0.05034339229968783 0.049772020725388604
9 0.33746097814776277 0.7200621761658031 0.05289281997918834 0.05356476683937823
9 0.30437044745057235 0.6711502590673575 0.04441207075962539 0.05815544041450777
9 0.3623204994797086 0.5730569948186528 0.03218522372528616 0.031347150259067355
9 0.3640582726326743 0.5288082901554404 0.04645161290322581 0.04264248704663212
9 0.3988553590010406 0.49969948186528496 0.03166493236212279 0.03037305699481865
9 0.38624349635796046 0.4583316062176166 0.04204994797086368 0.034300518134715026
9 0.4158480749219563 0.4766943005181347 0.027960457856399584 0.031647668393782385
9 0.3488345473465141 0.4633367875647668 0.03577523413111343 0.03511917098445596
9 0.36791883454734653 0.47979274611398964 0.02098855359001041 0.02518134715025907
9 0.5744640998959417 0.58260103626943 0.036409989594172736 0.0362279792746114
9 0.6127367325702394 0.7269637305699481 0.061373569198751296 0.0607979274611399
9 0.553735691987513 0.713958549222798 0.05266389177939646 0.03873575129533679
9 0.31451612903225806 0.5924559585492228 0.039438085327783555 0.05570984455958549
9 0.33767950052029133 0.6141968911917098 0.03004162330905307 0.028290155440414508
9 0.3441207075962539 0.6615751295336787 0.039073881373569194 0.05770984455958549
9 0.31979188345473464 0.6333160621761658 0.050218522372528614 0.031056994818652848
9 0.3364516129032258 0.5423108808290156 0.04281997918834547 0.050518134715025906
9 0.3863787721123829 0.4016165803108808 0.03603537981269511 0.057005181347150255