2 0.27052127659574465 0.3091842900302115 0.185 0.15464249748237663
2 0.3897553191489362 0.4551057401812689 0.1775 0.15726082578046324
2 0.34092553191489366 0.5919033232628399 0.17682978723404255 0.1535850956696878
2 0.21438297872340425 0.44470292044310167 0.1737340425531915 0.14603222557905338
2 0.3835 0.7585095669687815 0.22159574468085108 0.17126888217522657
2 0.5283829787234042 0.6683081570996979 0.1376276595744681 0.1199496475327291
2 0.6171276595744681 0.7507653575025176 0.11667021276595745 0.11192346424974824
2 0.5509574468085107 0.7764451158106748 0.11713829787234042 0.1203323262839879
2 0.6997234042553192 0.6829607250755286 0.17477659574468085 0.1444712990936556
2 0.8134361702127659 0.4253977844914401 0.10409574468085106 0.1121852970795569
2 0.716659574468085 0.5384994964753274 0.25409574468085105 0.18063444108761328
2 0.703095744680851 0.2009667673716012 0.17901063829787234 0.16051359516616312
2 0.8275425531914894 0.2843605236656596 0.15539361702127658 0.17911379657603224
2 0.5812765957446808 0.4074320241691843 0.14241489361702128 0.1384088620342397
2 0.6061276595744681 0.30131923464249744 0.14413829787234045 0.12934541792547835
2 0.7048191489361701 0.30798590130916415 0.10792553191489362 0.09488418932527694
2 0.725031914893617 0.39109768378650556 0.09779787234042554 0.09026183282980865
2 0.6576808510638298 0.40464249748237663 0.09826595744680852 0.11610271903323263