2 0.6694532043158141 0.43706384888533145 0.14312933547740428 0.14588049753942436
2 0.464713866981117 0.226055344914441 0.13034351426558471 0.11945036464733283
2 0.4492160730289528 0.327347928445143 0.18121046910738065 0.1417547073688467
2 0.4845987860131579 0.40994405490949004 0.17680162275509623 0.1635235120231342
2 0.3115566748313348 0.35949527936907444 0.14616729763575795 0.16786191095954658
2 0.30314535535851705 0.490370291234524 0.12834589791738601 0.12252114329401657
2 0.4167764575410876 0.5336320992042065 0.13494561535123922 0.1279225860596023
2 0.5400750349633815 0.642980409591895 0.150879578182671 0.15339999565807733
2 0.32098750019423555 0.7020119146791719 0.148945173341573 0.18358027636296734
2 0.2237003542869159 0.7188980593534343 0.0948470016080531 0.1090534941547745
2 0.20733203268225056 0.5427470413367614 0.12361375360546203 0.1109173978733965
2 0.17934191983039002 0.6125213772646497 0.1326012170663221 0.12264263401735065