2 0.6738159523755668 0.2677326644468238 0.2297837198754509 0.23845828222243895
2 0.5410379070715641 0.4241441356104345 0.22970119467354247 0.2317318248233358
2 0.37184900090738615 0.40565347413361846 0.22612758698212618 0.2293722258228031
2 0.5039328731605401 0.240814356798768 0.21542051810819535 0.2234145050543885
2 0.195032724544884 0.4877660573079368 0.2574793865165338 0.2808385262788406
2 0.33839653531123604 0.6163428424413558 0.17587701209720927 0.17840062008440224
2 0.26944786317606234 0.7266816476153929 0.16023549783080066 0.15547016043934347
2 0.22202170613044053 0.6651576897735497 0.1697192710068505 0.15802550366348445
2 0.37014115768513567 0.7961332227522232 0.21307020611466004 0.224457283598129
2 0.6940048861079506 0.8539256335773275 0.1565243481362035 0.14189979910697179
2 0.5389105607396124 0.7804310591169316 0.27801408357446605 0.3173784961009928
2 0.9005122683448251 0.6883462601392787 0.19897546331034968 0.23214822185152922
2 0.8580255254742434 0.8363852602133733 0.24840741121959875 0.21554206284112512
2 0.6496628204468131 0.6104029576443553 0.19727739564475258 0.18919498538804752
2 0.7772880094141031 0.6118283422913381 0.18780737666902098 0.18776071839709013
2 0.7968680317455704 0.7150136247208473 0.13878009748198492 0.14019149020296276
2 0.7081540696398491 0.7552193219219382 0.13155035689724404 0.1287458348027942
2 0.6736615056588308 0.6885206202061144 0.16000167642539348 0.1364118644752179