2 0.6497502714440825 0.44428276573787406 0.21180238870792617 0.2174097007223942
2 0.5324647122692725 0.6581217750257998 0.20765472312703584 0.2047265221878225
2 0.31611292073832786 0.7326934984520124 0.1655917480998914 0.22904024767801856
2 0.20745928338762215 0.7511455108359133 0.10026058631921825 0.1199484004127967
2 0.17293159609120523 0.5618059855521156 0.15259500542888163 0.1392363261093911
2 0.1536699239956569 0.6455521155830753 0.1512486427795874 0.1089267285861713
2 0.26625407166123777 0.5209803921568628 0.14351791530944627 0.14002063983488133
2 0.39839305103148753 0.5587306501547987 0.15463626492942453 0.14016511867905057
2 0.2637459283387622 0.37455108359133127 0.1682301845819761 0.18627450980392157
2 0.41799131378935944 0.44877192982456143 0.11498371335504887 0.10629514963880289
2 0.5085450597176981 0.4042208462332301 0.12015200868621063 0.1372858617131063
2 0.42373507057546145 0.21875128998968008 0.20328990228013027 0.15725490196078432
2 0.37373507057546146 0.34883384932920536 0.12558089033659064 0.11130030959752321
2 0.4583387622149837 0.32879256965944276 0.13412595005428882 0.13285861713106295