2 0.8013221253681386 0.33615664797448275 0.20471340783809616 0.17146470406056985
2 0.6904968964527444 0.6277586330525636 0.2736189369033101 0.20665854876860104
2 0.5390725019630991 0.49956296739802647 0.13343385710535094 0.1309145719803508
2 0.4506150808728517 0.6084488903043422 0.14596244712459083 0.11517995578794514
2 0.42941352942405714 0.4998334291270541 0.16288558368370132 0.16118460569113124
2 0.33934283284164973 0.4710648098946138 0.16364804589967835 0.1824612014358121
2 0.3871525301716607 0.21774602818721833 0.15015251095406895 0.14076757833558823
2 0.3611856130116017 0.07465822962387174 0.13583213472728298 0.10650219452799398
2 0.20862615167820378 0.25214650483704315 0.15925349935980784 0.12072193534022009
2 0.2651313272129724 0.16719405996312547 0.12857144443789165 0.11701050787427318
2 0.14192306714333447 0.45422235700575364 0.12345603715123851 0.1264921298693359
2 0.3160479886573138 0.3295263329670964 0.1268836387647396 0.1308031566722983
2 0.20106219254302737 0.3718830635548992 0.10281418124863431 0.09849830947709344
2 0.24263182767922714 0.30791669936615895 0.10040203647030407 0.09207819231767166
2 0.2666336885925395 0.38405749820579577 0.09396618746208935 0.09515826637132128
2 0.2714666277680048 0.477535250347326 0.18868096998375752 0.18076063387554503
2 0.5350765783231947 0.09349566538077086 0.2233867291355583 0.17497187012842055