2 0.42869944087964257 0.6731633175405644 0.28569949671750255 0.25663593495986153
2 0.6505498751852722 0.5321816647837493 0.26939602669962326 0.2494367353065406
2 0.7091227931585227 0.3085737836324331 0.2878677072285256 0.21354751828690796
2 0.7180287038615167 0.19885131541962942 0.1534310341023365 0.12446782636651467
2 0.5057633501578807 0.18674484669218877 0.18608797800146534 0.18097320457240376
2 0.5958526864541595 0.15764270438964606 0.1527002255234491 0.17301790510499607
2 0.4712882841957432 0.2839443254930897 0.18561045837246268 0.1723151959143951
2 0.5270961535261439 0.4106344403958236 0.18848526223673426 0.18323852004545083
2 0.3100717060799564 0.29850721221283133 0.2408722187360255 0.20606959005048184
2 0.40829425331513597 0.4428054206705593 0.1416188397417403 0.13690036615653067
2 0.36935291362739997 0.5381798962309937 0.17746356640865077 0.14820323217923653
2 0.15644628627531457 0.4755975322160604 0.21628794771169998 0.2341310162229946
2 0.29364322640365254 0.41006653933736625 0.15018840442605744 0.1480757235589487
2 0.28086551998874953 0.49683490487867116 0.17596163147776184 0.16217168293995568