2 0.6498889917552764 0.7956308497905554 0.1656876844003168 0.1869843557257655
2 0.3602650811290494 0.6880080927853045 0.1980153822074363 0.25114486362388627
2 0.4980257086960368 0.5436372716789075 0.12794610473313633 0.12067093959820385
2 0.3927044502131959 0.45799174778745005 0.10991053037191778 0.13406234868923486
2 0.5036663172709982 0.43842654743802506 0.15744758497314218 0.14715020052254002
2 0.5370735050945318 0.3522569117290865 0.17893419243020875 0.14634760749888057
2 0.7912002181230849 0.3995997039969009 0.136811019689045 0.13541266389501633
2 0.9375708806005509 0.3754487402955097 0.10221472866831156 0.12456292151948217
2 0.7655508599340918 0.22883020307938082 0.11551210110217443 0.14667550796470075
2 0.8487942910187493 0.28281539336140493 0.11389253456140196 0.11632860832718084
2 0.5643402667213283 0.16362550218529057 0.12345734059412333 0.11016200213599014
2 0.681349936598648 0.3312683665495971 0.127833491411019 0.11439478897058879
2 0.6449424479805239 0.22025618423893886 0.0962753179717022 0.09312131036117097
2 0.7075117760070452 0.26087430863802635 0.08978616729443753 0.09095623052768297
2 0.6288642801264306 0.283212436179844 0.09289936042393263 0.08471659471220945
2 0.5342969308735108 0.2874216126498016 0.17614007038004623 0.17036967009259688
2 0.9093723379377407 0.5421197084446764 0.1681572931140582 0.2047911257121024