2 0.36372910036398926 0.6661241642462107 0.3157362654857608 0.25915382655657526
2 0.47950081463644995 0.49538943183895673 0.15869227227257457 0.16281685594053855
2 0.5993858766667896 0.5963981057666478 0.19146554436649393 0.14700478856338894
2 0.20140840919358335 0.40078571237820365 0.2555049580627329 0.2363629700479459
2 0.3954390442228424 0.09894609508669024 0.2564767013734898 0.19789219017338047
2 0.5738053714159277 0.18365773561698612 0.17268714605490232 0.16231225230141547
2 0.5678649519005978 0.050292595950184586 0.16786329336341319 0.10058519190036917
2 0.6786505099193236 0.10256901484827255 0.13572990380119573 0.12868065685117347
2 0.7597604453017451 0.16806885538108396 0.19188541136059098 0.13095408778824358
2 0.857621855781815 0.3650838866709487 0.12085129292315284 0.16021370066719692
2 0.7161266021000423 0.2778470056510585 0.2539923632712032 0.12061430119890429
2 0.687883812608134 0.433215997155416 0.23289461445152176 0.2108104619457054