2 0.25794844253490873 0.31626407369498466 0.12334049409237378 0.11998976458546572
2 0.3848872180451128 0.4688126919140225 0.11997851772287862 0.11840327533265098
2 0.21419978517722876 0.4338587512794268 0.12761546723952738 0.10985670419651995
2 0.4027604726100967 0.7669907881269191 0.18610096670247045 0.13969293756397133
2 0.3427604726100967 0.5880552712384851 0.12413533834586465 0.11601842374616171
2 0.5653920515574651 0.7182702149437052 0.16987110633727176 0.17461617195496418
2 0.6861976369495166 0.6768884339815763 0.12925886143931256 0.1115455475946776
2 0.7119763694951665 0.5299078812691914 0.19378088077336197 0.18617195496417605
2 0.796734693877551 0.4230706243602866 0.07005370569280343 0.06502558853633572
2 0.8101396348012889 0.290603889457523 0.13279269602577873 0.12934493346980552
2 0.7101825993555316 0.20878198567041964 0.12363050483351234 0.11234390992835211
2 0.5851772287862513 0.3943807574206755 0.09577873254564984 0.11266120777891504
2 0.6216004296455425 0.3033572159672467 0.09456498388829217 0.08979529170931423
2 0.7090977443609022 0.3069293756397134 0.09379162191192265 0.0887308085977482
2 0.6997529538131042 0.39437052200614126 0.14411385606874327 0.1055987717502559