2 0.6690899795501023 0.33776195320447605 0.2346728016359918 0.287558494404883
2 0.5113087934560328 0.4533265513733469 0.14935582822085888 0.14307222787385554
2 0.6119631901840491 0.5622380467955238 0.13264826175869118 0.17517802644964395
2 0.4106952965235174 0.19528992878942014 0.21569529652351738 0.23166836215666325
2 0.1262167689161554 0.38938962360122076 0.18813905930470348 0.23396744659206511
2 0.21833333333333332 0.5538962360122075 0.14828220858895708 0.15642929806714143
2 0.08047034764826176 0.5545676500508647 0.11286298568507157 0.15364191251271617
2 0.14495910020449898 0.6556358087487284 0.11775051124744376 0.12300101729399796
2 0.21086912065439672 0.7294303153611393 0.11757668711656441 0.17560528992878943
2 0.4019325153374233 0.8140793489318413 0.14822085889570552 0.1074262461851475
2 0.31344580777096115 0.6840488301119023 0.10531697341513292 0.23510681586978638
2 0.45988752556237217 0.6516683621566633 0.19171779141104295 0.21162767039674465