2 0.7171489183357613 0.2369341988162487 0.1340172662913796 0.12731650785366275
2 0.5470268178920745 0.3690153355985486 0.13283217035130665 0.12405941427491157
2 0.588440506319537 0.19698383134036626 0.12283463144871377 0.13130471185109807
2 0.21843671814960205 0.3958774686432016 0.1565537457574118 0.19027655466713772
2 0.41660956008201216 0.3301871676305777 0.12953241839152382 0.12826662816231427
2 0.26894973353628565 0.5572945559105893 0.19567331110209282 0.17524257185890996
2 0.31234647362139323 0.6769951691969766 0.125106540305615 0.13244255492257873
2 0.4740368772719819 0.6982962745019805 0.20849314379175596 0.1992426442359247
2 0.5896011226218365 0.7799886498387486 0.07334975137425025 0.07189484925512378
2 0.735198576699383 0.7888401926808047 0.14432931086835485 0.13727551135274507
2 0.8271167310218203 0.6863372225097496 0.12613438340849673 0.12709749796369543
2 0.6250050052692 0.567284653289632 0.1256233116876254 0.09914050871638362
2 0.7245717342386874 0.6005216043506773 0.10082888030820164 0.0973769231021391
2 0.719028279518361 0.6882655178978114 0.09968309757742679 0.09627036715779683
2 0.6229115768740929 0.6818007823218901 0.11862497601394277 0.1473085956006099