2 0.6597375078596597 0.5731410545436322 0.13499190964132476 0.1429747784743369
2 0.4546585267853858 0.7731845969082425 0.12469457601046323 0.11811365136506949
2 0.43762900444233316 0.6690139253526218 0.17479790148783309 0.1384347601051933
2 0.47184555935406813 0.5878677338200842 0.16887139574682042 0.16149266404225643
2 0.29693816086251557 0.6270483633176607 0.13770471275560367 0.16642823016976735
2 0.2867516786240705 0.4929690189805477 0.12261015460124795 0.12119947780127396
2 0.4018746835412531 0.45741370366089057 0.12921531258372948 0.12680399424637642
2 0.5256607781932328 0.3549183348499422 0.14383230064223682 0.15186289523482735
2 0.30273266978192964 0.27949579933795865 0.1391616553855533 0.18240124051854417
2 0.20399552909124094 0.25535737776912093 0.08888148010496764 0.10905101898494678
2 0.18934490129652062 0.4338976372175439 0.11801401222337422 0.1093244215441711
2 0.1600979060825057 0.3604499922197014 0.1269298090288938 0.12139725168045762