2 0.7632464265034287 0.253717530748225 0.1363878921230656 0.1360081150275121
2 0.6218748828859686 0.4206739836990972 0.13291826533335488 0.13477488356301412
2 0.8060529193885908 0.3789167013128077 0.14086213113839907 0.1251982111926304
2 0.5932042704902272 0.7414169044327619 0.2034762804518465 0.1605831907404086
2 0.6635091936510803 0.5475662827005637 0.13748634348956776 0.1316572874204402
2 0.4199114164273863 0.6932331445560871 0.18781644389818067 0.19841785416249472
2 0.292024932870285 0.651522459774144 0.14204101605422634 0.12744079017896504
2 0.26919245559641725 0.4936939519363801 0.2133095275250929 0.21149085559811762
2 0.18132103121967577 0.3812300871135689 0.07690822981047292 0.0743838394717045
2 0.172112354865121 0.23934777429693363 0.146877206041524 0.14630121601441295
2 0.28203566154406473 0.1488526315168932 0.13629405298218605 0.12831580733520445
2 0.40918403042473633 0.3454635944553589 0.1063401359314948 0.12715161083336415
2 0.37351747142183667 0.2485448033367448 0.10489313918458253 0.10293100986900766
2 0.2795966510221383 0.254391913799931 0.10372765986030938 0.10178733198157426
2 0.28650828627750546 0.34858397078569925 0.15808961476296535 0.12147425862501078