2 0.6469821240799158 0.441849173553719 0.12440588853838065 0.1296487603305785
2 0.43513144058885384 0.24447314049586777 0.11552050473186119 0.10561983471074379
2 0.4249211356466877 0.3457438016528926 0.16273396424815983 0.12178719008264463
2 0.46330178759200846 0.4249586776859504 0.1552471083070452 0.14435950413223142
2 0.29009463722397477 0.384896694214876 0.12515247108307045 0.1521900826446281
2 0.28834910620399584 0.51474173553719 0.1122502628811777 0.10875
2 0.4020715036803365 0.5509090909090909 0.11871713985278655 0.11363636363636363
2 0.5289274447949527 0.6523657024793389 0.13179810725552052 0.13775826446280992
2 0.3159305993690852 0.7230268595041323 0.12468980021030494 0.1677789256198347
2 0.22062039957939011 0.7451962809917355 0.08123028391167192 0.09901859504132231
2 0.1961198738170347 0.5716838842975206 0.10899053627760252 0.09668388429752066
2 0.17185068349106206 0.6426033057851239 0.11681388012618298 0.10797520661157024