2 0.4024921465968586 0.19466870540265035 0.13612565445026178 0.163506625891947
2 0.664607329842932 0.3396738022426096 0.15833507853403142 0.22341488277268093
2 0.5096544502617801 0.45859327217125384 0.10892146596858639 0.10211009174311927
2 0.5973612565445027 0.5561365953109073 0.08878534031413614 0.11849133537206931
2 0.48765445026178006 0.5588786952089704 0.13356020942408375 0.12397553516819572
2 0.44176963350785337 0.6372477064220183 0.15648167539267016 0.12054026503567788
2 0.20483769633507853 0.5556880733944954 0.11567539267015707 0.11615698267074415
2 0.06026178010471204 0.5578185524974516 0.08321465968586388 0.11023445463812437
2 0.202565445026178 0.7235983690112131 0.091717277486911 0.13088685015290522
2 0.13072251308900523 0.6595208970438329 0.09578010471204189 0.1000611620795107
2 0.38586387434554975 0.8151274209989806 0.10609424083769632 0.09308868501529051
2 0.29970680628272256 0.637217125382263 0.10950785340314136 0.09614678899082568
2 0.3171937172774869 0.7487461773700306 0.0821780104712042 0.07945973496432213
2 0.26322513089005234 0.7008053007135576 0.07573821989528795 0.0780224260958206
2 0.3421884816753927 0.6904281345565748 0.07993717277486911 0.07180428134556574
2 0.434565445026178 0.7003873598369011 0.14871204188481676 0.1454638124362895
2 0.11327748691099478 0.4014678899082569 0.13536125654450262 0.18146788990825688