2 0.6512379168641439 0.7777751549143137 0.24986558226486302 0.21884541322946044
2 0.5713914700235633 0.5878534542397932 0.2427733836833029 0.21880627984508172
2 0.6678286807315088 0.45440336171733914 0.24034742009608684 0.21543000668407075
2 0.7552861290765237 0.6482912237077466 0.23425156243136577 0.2053077094317673
2 0.6760540158441956 0.2644070291155945 0.2940959859980514 0.24599256536287453
2 0.4923776466818562 0.32057423236022164 0.18626873476285605 0.16693022827432527
2 0.4241202400923595 0.20751799819682268 0.16238048325087182 0.1533468688615235
2 0.5029111332180735 0.19786204044169772 0.16488897669590447 0.1612074469552701
2 0.3138537177262014 0.25736312234759245 0.23423092996691178 0.2041866331985833
2 0.1089805980816628 0.501773299306161 0.14813418869438882 0.14990537339321466
2 0.24902191366846468 0.4078054585975082 0.3322717969954269 0.2652595727103527
2 0.15422394830314196 0.7733509425426693 0.24401731417359201 0.222176030775363
2 0.08022680513531506 0.6484516633928125 0.16045361027063013 0.23636521019369663
2 0.3509526136789582 0.586076520092099 0.19848108255675215 0.18829589901211607
2 0.2898805584772504 0.6928131888246688 0.19713398974419222 0.17932076691591553
2 0.18708195266201477 0.6580496685237062 0.14662203616619557 0.13196163143154302
2 0.19237149519917127 0.5633382935118596 0.13467791041020344 0.12516995172514234
2 0.26914174910604516 0.5671254672088463 0.14344732123559026 0.15212143693666333