2 0.3480947944302991 0.6460399426109275 0.32267531704685976 0.2703573071276048
2 0.4727150936355934 0.4941049898617791 0.16470868456113313 0.16713152810750312
2 0.5784798553485833 0.6017680466854679 0.19511110575338328 0.15362629235354786
2 0.216114241044964 0.3779374244050699 0.26381382421468436 0.24398957710563268
2 0.42673969393181427 0.10580156889083563 0.2616442315553464 0.21160313778167125
2 0.5891542619358602 0.20541359942805895 0.17813843662724885 0.16752068589258604
2 0.5959103759920265 0.06719429455268633 0.17046680365746122 0.13133284415448823
2 0.6955109976303069 0.13795502280340521 0.14059231373507364 0.132522336110335
2 0.7676934923289546 0.20848022764704663 0.19348873355720392 0.13919306495824058
2 0.8440204766354766 0.4055785775814684 0.12838328424061907 0.16196856927175396
2 0.7164659099386481 0.30884719370749997 0.2520783739053951 0.13369772607922356
2 0.6769045079335008 0.4541972649446344 0.24003420444287615 0.21761083778336157