2 0.4754807360428897 0.7119950986207464 0.31812698668717365 0.28583406983171594
2 0.672892045071014 0.5373429169506833 0.30214853316219265 0.27741139703822193
2 0.6832628234668787 0.29651905282101726 0.31600483027852333 0.24245507439792585
2 0.6674305085947893 0.1809399149899358 0.1697152446968609 0.14036209570826272
2 0.4459578320064339 0.19418477944399434 0.2097895119924042 0.20075251565734265
2 0.5319372488900211 0.1526763680005365 0.17451471374668492 0.1895152852704511
2 0.431966878307322 0.2998177104350717 0.20814370145477587 0.1915868797803581
2 0.5183619247310999 0.4259016155629034 0.21104439898107044 0.20192728395441856
2 0.26902546742590394 0.3346341015506014 0.2675405835915573 0.23085247036876988
2 0.40274156599054206 0.4734289474333442 0.15948234000318884 0.15147867875147428
2 0.3838986030006055 0.5777874627703644 0.19617956390141533 0.16731533496968842
2 0.15026467409426894 0.5382551854140256 0.2460991183219481 0.25761863071519475
2 0.27723155597382465 0.4534219943091368 0.16848993380897462 0.16426826687666796
2 0.28352573793796587 0.5453667951565773 0.19679387233549828 0.17987241259525907