2 0.3632330827067669 0.35558040468583596 0.18081632653061225 0.19145899893503726
2 0.7333082706766918 0.4564430244941427 0.16908700322234155 0.17593184238551648
2 0.6625563909774437 0.5555484558040468 0.1736519871106337 0.14838125665601706
2 0.6930612244897959 0.6864217252396165 0.18638023630504835 0.1649733759318424
2 0.5716648764769066 0.8022257720979765 0.20241675617615465 0.2072310969116081
2 0.38216970998925887 0.8616506922257722 0.18861439312567133 0.15566560170394034
2 0.31991407089151447 0.6822577209797657 0.17839957035445758 0.1717678381256656
2 0.16707841031149304 0.5785410010649628 0.17088077336197638 0.14322683706070288
2 0.16939849624060152 0.7277955271565495 0.15098818474758324 0.15037273695420658
2 0.1282169709989259 0.430468583599574 0.13182599355531688 0.15380191693290735
2 0.25114930182599354 0.4338445154419595 0.14645542427497313 0.19464323748668796
2 0.5514715359828142 0.42612353567625133 0.20068743286788399 0.213258785942492