2 0.3625717221848012 0.6076017130620985 0.23361159019304437 0.21092077087794434
2 0.5095180367545395 0.26177730192719484 0.21554063024708042 0.19593147751605997
2 0.6010070499643503 0.34796573875803 0.18859938594825015 0.19700214132762311
2 0.7367365891914581 0.341541755888651 0.20883017310803675 0.21199143468950749
2 0.8385864934104595 0.480728051391863 0.2553750579513888 0.23447537473233404
2 0.8748614649102399 0.6766595289079229 0.1991675465197896 0.21306209850107066
2 0.6863813545645866 0.7066381156316917 0.21275365641799227 0.2044967880085653
2 0.5632413553652945 0.838865096359743 0.1829734344178698 0.19271948608137046
2 0.7140544991495569 0.8624197002141327 0.18525104538135617 0.1745182012847966
2 0.4088963073870153 0.8506423982869379 0.18428891552410795 0.15631691648822268
2 0.4279355392663884 0.7307280513918629 0.22969729088659271 0.1777301927194861
2 0.4565632380009878 0.4346895074946467 0.25969471237903463 0.23447537473233404