2 0.4400109179709318 0.3810305779994438 0.15492203871490276 0.1605052817436776
2 0.6378548909546748 0.5012955542302168 0.19544863820015332 0.18538533598495982
2 0.8100393175653312 0.5703607952191704 0.14035941925904855 0.13694916207497848
2 0.7389257231638959 0.6503399072692012 0.1378980096781039 0.13106696059654915
2 0.7354583855006056 0.7888034176576345 0.15119904863901387 0.14992141614575163
2 0.5876394039389504 0.8988516988947339 0.1659469223217004 0.18404091609614062
2 0.3736239846174675 0.9322333361886379 0.13775392305723433 0.1228509981552346
2 0.33876152719423375 0.7260664670689309 0.15008155476493906 0.15343571446756984
2 0.17385244179842477 0.7356738659262858 0.14402065792599358 0.14401190091234106
2 0.19708906793278724 0.5814813685739864 0.1546956168821075 0.14759448362161187
2 0.25525751653707607 0.43570627260598666 0.2436741919860388 0.1786230484523884