2 0.6274617067833698 0.6192201945328712 0.12691466083150985 0.14278791110766084
2 0.4338074398249453 0.541634330625571 0.16301969365426697 0.16210104478559173
2 0.26805251641137856 0.506710342130343 0.11597374179431072 0.12043052789107019
2 0.32603938730853393 0.4214406119538711 0.11487964989059081 0.11492681571320182
2 0.3161925601750547 0.293958771010023 0.12582056892778992 0.13292690045484717
2 0.4414660831509847 0.1681410251190554 0.13457330415754923 0.1638847024529565
2 0.6345733041575492 0.09706262311093258 0.11597374179431072 0.11716255403486095
2 0.687089715536105 0.28549881765822455 0.12363238512035012 0.1349913715239473
2 0.838074398249453 0.2492980839533665 0.11816192560175055 0.12708065377186106
2 0.8315098468271335 0.3950654550597916 0.12800875273522977 0.12977310476701068
2 0.7921225382932167 0.5381882002168608 0.2100656455142232 0.1536626292182395