2 0.5392795855375425 0.17515099538716844 0.1368809882072334 0.14498019027501277
2 0.6047456365708689 0.2586562760566352 0.12935840836083723 0.1338048328725948
2 0.9140240571241481 0.48375696103623794 0.12729344452772534 0.13803302389305422
2 0.8455108722982243 0.5509114107438976 0.12413449743836949 0.1389640550124879
2 0.706475260314091 0.7410822575308289 0.15941182694260908 0.1752595092355136
2 0.6110238124677566 0.6714594539540144 0.14691134153249943 0.1908883956180103
2 0.5356934617263235 0.5575636773288439 0.1434571880126379 0.16584540076341817
2 0.4396465617703289 0.5751376958546504 0.1112404034542526 0.11996090676295
2 0.4767186195081567 0.6264289693125535 0.10891713399444883 0.10146182505613693
2 0.5202749953369624 0.7364256901546424 0.11447315215123503 0.1255233821370229
2 0.4636907037571506 0.7829788183165238 0.1091385388173278 0.12094234453665641
2 0.3182427238141337 0.6881277248931122 0.16475874054445408 0.18092279791813118
2 0.29847070316503194 0.5769968543298932 0.13025558733007803 0.1197859754576032
2 0.25337790472933014 0.4714047477982174 0.14110931801695858 0.1451818168921027