2 0.31993314719385246 0.2230564353624171 0.14271795205757118 0.142192634001412
2 0.28867096678303245 0.3348762836503137 0.13541074586633398 0.12957362219508325
2 0.0755635298272383 0.702552006789448 0.13236856686235093 0.13519593447373693
2 0.16729551434914536 0.7321358415008453 0.1290934643948876 0.13627279220693617
2 0.373694649984363 0.8419836626357434 0.16645417679241467 0.17213479456796263
2 0.438874834717007 0.7289906558474939 0.15183031509077977 0.19003891853501345
2 0.46852149233766 0.5837075861900344 0.14937989406465754 0.16388271959759518
2 0.567842388060994 0.5518484433335763 0.11588131745287455 0.11673642207715176
2 0.5516289891968835 0.619122003841161 0.11489139273308385 0.09741824025897007
2 0.5512764741964196 0.7451492733217232 0.11956403598142819 0.12361410979849785
2 0.6237654599746372 0.7603174161793796 0.11377555696239243 0.11896947874776939
2 0.7275315676178692 0.5983843075613947 0.17118977556620948 0.17789595395399985
2 0.7045531116147901 0.48355911629791026 0.13687596683224557 0.1148405655244655
2 0.7080351519180421 0.3614496136414564 0.1471041656361457 0.14113561156926757