2 0.3790405117270789 0.36084925690021236 0.11780383795309168 0.12583864118895965
2 0.5720682302771856 0.4365180467091295 0.15171641791044777 0.14231422505307856
2 0.734904051172708 0.47009554140127385 0.10800639658848614 0.10646496815286625
2 0.6826119402985075 0.5529617834394904 0.10685501066098081 0.10052016985138004
2 0.6996162046908315 0.6774203821656051 0.11622601279317697 0.11650743099787686
2 0.5838912579957357 0.8001380042462846 0.12364605543710022 0.1461571125265393
2 0.39872068230277186 0.8690976645435244 0.10792110874200427 0.10264331210191083
2 0.3378571428571429 0.6853609341825903 0.11425373134328358 0.12012738853503184
2 0.19264392324093815 0.720796178343949 0.10948827292110874 0.11254777070063694
2 0.19152452025586356 0.5792462845010615 0.11955223880597014 0.11388535031847134
2 0.22208955223880597 0.43952229299363055 0.197910447761194 0.12869426751592358