2 0.3879007238883144 0.2169100529100529 0.10825232678386763 0.11235978835978837
2 0.3468355739400207 0.31496296296296294 0.10466390899689762 0.10153439153439153
2 0.1112306101344364 0.6166031746031747 0.10072388831437436 0.10813756613756613
2 0.19177869700103412 0.660063492063492 0.09747673216132369 0.10866666666666666
2 0.3680455015511892 0.8001269841269841 0.12549120992761117 0.13766137566137565
2 0.44040330920372284 0.7066137566137566 0.10722854188210962 0.15756613756613758
2 0.4842088934850052 0.5776825396825397 0.11043433298862462 0.13275132275132276
2 0.5782730093071355 0.5669100529100529 0.08822130299896587 0.09313227513227514
2 0.555780765253361 0.626074074074074 0.09061013443640124 0.07384126984126985
2 0.5415822130299897 0.7421269841269841 0.08970010341261633 0.09798941798941799
2 0.6058014477766287 0.7700740740740741 0.08618407445708377 0.09561904761904762
2 0.719358841778697 0.6383915343915344 0.12915201654601863 0.14165079365079367
2 0.7112099276111685 0.5277989417989418 0.10892450879007239 0.08723809523809524
2 0.7274560496380559 0.4153650793650793 0.11377456049638056 0.10986243386243386