2 0.34840210127344695 0.34181344179685047 0.20437092389920422 0.2201340891133022
2 0.7350436847771815 0.3935836856940964 0.19090679995309506 0.2021352750018099
2 0.6744289083467313 0.5035345744628157 0.19262129926975577 0.17506261358560923
2 0.7189405396969354 0.6320202632464152 0.20829754499758443 0.1942496358461184
2 0.6082699532868409 0.7660390698773045 0.22772260822352394 0.23967549206928326
2 0.4226675213542085 0.8513012058853384 0.20922178229544186 0.1845176529641052
2 0.34006176691250306 0.6783411425915468 0.19962131180091888 0.19927941194570314
2 0.17341299441371086 0.5935690231963687 0.18921698963207015 0.16838899701425786
2 0.19144337718777935 0.7450341748489031 0.17069147470835228 0.17405009731283214
2 0.11819760651315236 0.4492599318162514 0.15097377192866832 0.17422578918907175
2 0.2436214465109227 0.43639805876329785 0.16928320460095858 0.21851406307685875
2 0.5472853038818625 0.3875667867828628 0.22781830485141996 0.24511027467797916