2 0.6012058068050445 0.45981210855949894 0.054540259057973016 0.0511482254697286
2 0.5762125127476991 0.5542797494780793 0.041598413729846594 0.03444676409185804
2 0.5532347310206653 0.4660751565762004 0.05018573310767104 0.04384133611691023
2 0.5256485342281036 0.44937369519832987 0.04923709402129243 0.04801670146137787
2 0.5593326558206421 0.6826722338204593 0.05655926975351 0.04801670146137787
2 0.5676573401701769 0.3220250521920668 0.06736037186331946 0.06263048016701461
2 0.5176542058466762 0.2860125260960334 0.07159316529084145 0.06471816283924843
2 0.4357968734332174 0.296972860125261 0.05235082283054386 0.04697286012526096
2 0.44746227645476555 0.348643006263048 0.05648623023984196 0.04488517745302714
2 0.418426150754161 0.20250521920668058 0.04483387506187826 0.038622129436325675
2 0.3099795163479779 0.1722338204592902 0.05670534878084608 0.054279749478079335