2 0.3470919812650138 0.74939059021826 0.15532806702689778 0.1388275698147609
2 0.33064843312531605 0.6369402127742376 0.10105153844596108 0.10521613388721975
2 0.28246538773210617 0.5729620241651325 0.0944226004439623 0.10401272387679562
2 0.7774474967003782 0.47947632799101325 0.120970459680495 0.11427298701217402
2 0.7944340249535062 0.4062063650564563 0.11984102113828304 0.10989667430528044
2 0.5351998197500316 0.3856202433332876 0.0910471277087421 0.09306243499358804
2 0.6208466124563018 0.36617278414817117 0.11114584942308452 0.13262037744316094
2 0.5183745635418906 0.24431227060872496 0.10875212197880445 0.10099193503590997
2 0.48936555168114965 0.2976388846480862 0.08103629552581534 0.07981941148121996
2 0.43718415331909616 0.3502754729396181 0.07440093607810917 0.07752667685205947
2 0.2914181531779036 0.36476792236284766 0.12419823916444364 0.1001688096644449
2 0.45309187869337164 0.46001204595277356 0.10314345794199076 0.08564631921386079
2 0.5821442620240032 0.4724932631678046 0.18729194692902074 0.1317537102100966
2 0.44413305975301703 0.5756230622784398 0.1786738325623115 0.1675493087728137
2 0.34501795513900424 0.25873541352128504 0.06886290794407726 0.07416363183611055
2 0.3569055883867606 0.3015545794099448 0.06771420506474314 0.0665193452730079
2 0.37790936599470426 0.20207427581389678 0.0844181897067432 0.09185902498316399
2 0.3809998202982433 0.052254112273748175 0.09646314837433212 0.07572831225354566
2 0.19649899454506436 0.2721860739056481 0.09218940914236858 0.09961739693795432
2 0.09171806794767232 0.6356101708972867 0.09665579174555589 0.10840805081563723
2 0.3131636077650584 0.1394706253027474 0.12206136954846186 0.11211335200664915