2 0.5810521038302113 0.7858106794402544 0.1427809196362621 0.1333006207206297
2 0.5368183243392107 0.6501864499003815 0.13350017717686521 0.1332487915018239
2 0.41272008557032325 0.7483281364644002 0.23927111760526698 0.14497420632676494
2 0.31250823364143493 0.5968678889188771 0.1731197065101164 0.2069592462721597
2 0.5641689932771731 0.4634891531409269 0.11437170639033392 0.1019647321733437
2 0.9005926706188921 0.7166473944260792 0.13722344954245536 0.14663125641210578
2 0.9640482640770284 0.31424774228970037 0.056448064000209616 0.10609514254021712
2 0.9662080721353733 0.42001247356003013 0.06758385572925336 0.11845472283730633
2 0.9683502654637011 0.5163311619455413 0.06329946907259784 0.09505646486445345
2 0.9534584933839706 0.6066190691865746 0.09308301323205886 0.10636724593894771
2 0.9111899312943289 0.5656820213271638 0.11335336004984381 0.10975335374371019
2 0.8262399129137409 0.5516783482494354 0.12741622020587356 0.11762619779463604
2 0.7521197233811908 0.6228121555297382 0.15855648054885033 0.10777884969318363
2 0.724111246869824 0.5500212981640946 0.1153495537402714 0.09194893911077232
2 0.706103988305871 0.38919238033285014 0.1252724084718391 0.1911034210803455
2 0.7217466101165332 0.26047280754658086 0.10275052882081166 0.10078635990373401
2 0.9026730991018382 0.4482343577012844 0.11227426522352475 0.11420121807576933
2 0.800951342392232 0.11803387992779202 0.08862692017895284 0.08957275861450074
2 0.8649501343883397 0.224034710779812 0.09939174737019604 0.10744843842329646
2 0.7361726438049077 0.19245661522759655 0.08264421068434287 0.07951809363782501
2 0.886919406090233 0.34753259150722154 0.11345460752622552 0.11532128247422244
2 0.5365948645546953 0.09556567979638039 0.12556177298238033 0.14322571265029094
2 0.5081722897497156 0.319021024155742 0.18964449874792955 0.2226401478505043
2 0.6491744906130718 0.09772121488361571 0.16750735950715295 0.1534812158498393
2 0.7244286518810977 0.0889482093850499 0.08154486636274737 0.08285237222378163
2 0.3899747461347804 0.10362353666841362 0.12735547172004422 0.1142854405563287
2 0.27416502455674835 0.14714769245460627 0.1637030891604575 0.1356444079551479
2 0.16826084400334385 0.2568816102412642 0.12615487992206698 0.11205179041177313
2 0.3136049431977713 0.4019644687415454 0.2450454605704411 0.20736092271790504
2 0.8055594199502322 0.4671527293094362 0.13187434597808467 0.10762984068911689