2 0.7929405520169852 0.482734693877551 0.1113588110403397 0.10905102040816327
2 0.6589915074309979 0.5017959183673469 0.11222929936305732 0.10115306122448979
2 0.7352229299363058 0.6238061224489796 0.10901273885350318 0.1962857142857143
2 0.5795966029723991 0.6894285714285714 0.17910828025477707 0.12606122448979593
2 0.4870276008492569 0.4516326530612245 0.08491507430997876 0.08870408163265307
2 0.7703609341825902 0.19478571428571428 0.12562632696390658 0.10291836734693878
2 0.39992569002123146 0.07157142857142858 0.096656050955414 0.05820408163265306
2 0.5008598726114649 0.08330612244897959 0.10647558386411889 0.06752040816326531
2 0.5932908704883227 0.09119387755102042 0.0817515923566879 0.0762142857142857
2 0.6764543524416137 0.1188061224489796 0.08847133757961784 0.0968265306122449
2 0.6296390658174098 0.16374489795918368 0.09217622080679405 0.08684693877551021
2 0.6052760084925689 0.2355204081632653 0.09868365180467091 0.0976734693877551
2 0.6623566878980892 0.3105408163265306 0.08353503184713376 0.12739795918367347
2 0.5895435244161359 0.32427551020408163 0.07457537154989384 0.0911734693877551
2 0.43625265392781315 0.3173265306122449 0.17113588110403397 0.0843469387755102
2 0.31687898089171973 0.2852959183673469 0.08519108280254777 0.0786734693877551
2 0.5175265392781316 0.15474489795918367 0.09621019108280254 0.08475510204081634
2 0.19305732484076435 0.1958469387755102 0.0768683651804671 0.06777551020408164
2 0.3012845010615711 0.15493877551020407 0.09265392781316348 0.07453061224489796
2 0.25459660297239917 0.2625816326530612 0.06737791932059448 0.0633265306122449
2 0.42079617834394906 0.1541122448979592 0.09788747346072187 0.08526530612244898
2 0.13690021231422506 0.4221938775510204 0.12285562632696391 0.0923673469387755
2 0.3441295116772824 0.47964285714285715 0.19305732484076435 0.13826530612244897
2 0.15417197452229298 0.32505102040816325 0.12795116772823778 0.12812244897959185
2 0.15628450106157113 0.25837755102040816 0.07004246284501062 0.06154081632653061
2 0.1253397027600849 0.5516326530612246 0.09605095541401275 0.09819387755102041
2 0.15075371549893843 0.6583367346938775 0.11083864118895966 0.12898979591836734
2 0.2398195329087049 0.7663571428571428 0.09286624203821657 0.0976734693877551
2 0.39599787685774945 0.6607857142857143 0.17077494692144374 0.19089795918367347
2 0.5226645435244162 0.24162244897959184 0.08790870488322718 0.10329591836734694