2 0.7379918032786885 0.3389263803680982 0.16463114754098362 0.1895807770961145
2 0.4262602459016393 0.7756339468302659 0.1280532786885246 0.14902862985685073
2 0.5307069672131148 0.7587934560327199 0.13331967213114754 0.16348670756646216
2 0.40468237704918036 0.532719836400818 0.09253073770491803 0.08889570552147238
2 0.27387295081967217 0.548159509202454 0.11820696721311476 0.11126789366053169
2 0.31925204918032785 0.5096625766871166 0.07527663934426229 0.07401840490797545
2 0.5527766393442622 0.29879345603271984 0.12133196721311476 0.10362985685071574
2 0.6218442622950819 0.325920245398773 0.09327868852459018 0.10611451942740287
2 0.6288114754098361 0.4258895705521472 0.09640368852459016 0.0935276073619632
2 0.14766393442622952 0.60579754601227 0.14558401639344262 0.1510122699386503
2 0.3631762295081967 0.3056339468302659 0.08915983606557376 0.10881390593047036
2 0.4222233606557377 0.3557464212678937 0.07151639344262295 0.0699284253578732
2 0.6005840163934426 0.10761758691206544 0.13444672131147542 0.08749488752556236
2 0.418391393442623 0.17019427402862985 0.0745799180327869 0.09120654396728016
2 0.4792315573770492 0.19434560327198364 0.07150614754098361 0.07850715746421268
2 0.5546618852459017 0.17393660531697344 0.10133196721311476 0.08557259713701432
2 0.37845286885245905 0.6243660531697341 0.1359733606557377 0.11268916155419222
2 0.509016393442623 0.586922290388548 0.11815573770491802 0.17696319018404907
2 0.26747950819672134 0.3747239263803681 0.07172131147540983 0.06749488752556237
2 0.21244877049180327 0.4048057259713701 0.0782889344262295 0.0637321063394683
2 0.3615266393442623 0.45335378323108383 0.07256147540983605 0.0690081799591002
2 0.4676331967213115 0.45892638036809813 0.08929303278688525 0.10803680981595092
2 0.5544262295081968 0.3936605316973415 0.08382172131147542 0.08241308793456033
2 0.1510450819672131 0.3781901840490798 0.08197745901639344 0.07113496932515337
2 0.08230532786885246 0.42574642126789364 0.07521516393442623 0.09412065439672801
2 0.3370696721311476 0.14885480572597137 0.10689549180327869 0.163640081799591