2 0.8820371107791422 0.2850315184757392 0.18453474076073365 0.21667763403145618
2 0.5295243053831264 0.16269490203893083 0.20936566605218077 0.1968074059260599
2 0.565884819493439 0.3053297277685444 0.2604437436732329 0.20407549672381417
2 0.7282235123094667 0.2439964768517071 0.20969604794470595 0.2811718181804867
2 0.28843936639988355 0.6562410051042274 0.17967118173921942 0.16533963702848134
2 0.28334770633184564 0.15694303030118678 0.17378615152835264 0.1534942574081381
2 0.3359369092642847 0.26941819097352193 0.15469115899057984 0.14356184704085215
2 0.1839546432262051 0.399267374568737 0.1694579337017105 0.1566247913187013
2 0.33840346914755387 0.38798928598962423 0.17245464799110743 0.1459969763558644
2 0.21050830377614901 0.2347347563534103 0.12740218592698918 0.1185416317008124
2 0.16179596904838334 0.30599230658129706 0.0987495223480135 0.08495575924012272
2 0.2960428758136844 0.486583668829307 0.1994861252295784 0.16247018314889566
2 0.36654725859821585 0.7349756973559186 0.1707572502608157 0.16305369630259894
2 0.6261572673570195 0.4526390021049493 0.13211664749131066 0.12823161061076205
2 0.5454254045122717 0.48865217004865863 0.11760736860529956 0.12371567487992137
2 0.6433610083676514 0.6750383857767634 0.11068051766044698 0.11398839882268917
2 0.7270692359571633 0.5910228890506961 0.11162577746001283 0.10866516705444992
2 0.7965315992025372 0.49288539626522415 0.137776368855198 0.13259835775247256
2 0.6870124061495004 0.5091922563503122 0.12642473914928334 0.12279648740067534
2 0.5984550503663536 0.5973973387684981 0.12300959414406722 0.11953541347462333
2 0.46184166877975685 0.5401008452628971 0.1592446856642014 0.14790994560892148
2 0.5300115649159606 0.5642084937250993 0.11819857164532581 0.10664030635954562
2 0.550167065071161 0.6643907090097011 0.12850838061725467 0.1185602802744535
2 0.838671338550162 0.7723003316074364 0.15335965545333474 0.13606456598857825
2 0.8685088027983902 0.5149215625984186 0.15599047554968493 0.14999075202474985
2 0.7504992957715132 0.7264988117389908 0.13767980792077808 0.12939322954734447
2 0.5010448117387016 0.7954400219193654 0.19753123167416697 0.17097989454862175
2 0.4725343961669836 0.6748281213201293 0.14086964407901476 0.12517567099476398