2 0.7291606876045703 0.33287469114568174 0.1998647012244223 0.22286459546052745
2 0.3457062843979435 0.7882590279760509 0.1550929163653504 0.17509661428108472
2 0.46260506498889786 0.7787559018114903 0.16209352951958653 0.19210442760559357
2 0.34374413102565565 0.5189986430957916 0.11007046822293079 0.105835420431959
2 0.1985402576460474 0.5249435727159247 0.13986555357809852 0.133155854340426
2 0.2517164978327633 0.48622245177272266 0.0894512200874371 0.0876174103226861
2 0.5285995478997997 0.2728829888929164 0.1431613716872224 0.12412582435109659
2 0.6018801196863346 0.30894425465955894 0.11256231959365001 0.1250793521736126
2 0.6005872248564362 0.4198039831663463 0.11465838683276768 0.11038663233155606
2 0.07027960595314933 0.577913178758831 0.14055921190629866 0.17845079190680224
2 0.31836124440865965 0.26487483569163556 0.1080535578101332 0.12731547059075776
2 0.378886515572082 0.3251849746167392 0.08599708832567252 0.08307277967853123
2 0.5979138515410435 0.06569209744364754 0.15658211460267915 0.10836769534400552
2 0.3920519846249606 0.11993075446199267 0.09080928461008375 0.1068547608088976
2 0.4563150328444619 0.15141448330726917 0.08611582356515309 0.09325377515364443
2 0.5421072355375478 0.13550865316103292 0.12024816424681027 0.10363220829202524
2 0.3068754749275322 0.6177732340018491 0.16030010245217807 0.1355367603773007
2 0.4540636738735638 0.5875169092965536 0.14637882729921134 0.20558695066288607
2 0.2064453722299588 0.3332343975451722 0.08483691586882657 0.08080375498417502
2 0.14375067907410657 0.3617185823420019 0.09158686573971506 0.07631835563900048
2 0.3034229318241379 0.4276950788558596 0.0871176823693583 0.08194813921451653
2 0.4200314707185845 0.44307883051935326 0.1080535578101332 0.12731547059075762
2 0.5217036828514722 0.3780537025252073 0.09978722976395726 0.09898885881623658
2 0.07838682601749947 0.32740021794264057 0.09736134241517158 0.08540103567186791
2 0.021649400673495134 0.3751480782474508 0.04329880134699027 0.106584929335765
2 0.3033597479543523 0.09283041550253565 0.13250952903460614 0.18288354120843878