2 0.32628951456914773 0.6854664137662682 0.16128867225812432 0.17483517811675245
2 0.44241757465220855 0.6629234299411391 0.12031516531662342 0.11633194382558365
2 0.5221364247320579 0.6871194770733149 0.11801843057749735 0.10960954192051885
2 0.4379240030784247 0.18693844565565204 0.1328487103917896 0.1365640828748693
2 0.5037114175388087 0.14544211850393166 0.12719223673533148 0.1342670066836356
2 0.61573267420851 0.38412478229860764 0.10669891686524574 0.10389931810947976
2 0.6044915810312351 0.2960785127762375 0.14861066639758452 0.13004946763889524
2 0.7600249073858285 0.3523285603744527 0.1169619927986266 0.12187334096798631
2 0.7185268410116054 0.39745192418958236 0.0908318984700884 0.09255679048831109
2 0.6856251139107671 0.46479931657500423 0.0885351637309622 0.08583438858324628
2 0.7231506118009564 0.607792428474842 0.11817602416154142 0.13639525620623313
2 0.5723187242566001 0.48730983373308795 0.10111467360147455 0.11387902763253191
2 0.5140573259779695 0.36911054659795767 0.15920206229772332 0.20382706192597308
2 0.4619817490163684 0.5348994913669833 0.19417107641800235 0.20088143431162223
2 0.8078594460047447 0.5208744351300699 0.08398109264872086 0.07908601334454499
2 0.7616004669692226 0.5241970670410436 0.07606728264914774 0.07676296381967493
2 0.8515852999250748 0.4707027765527325 0.10440874852545513 0.0982929876329864
2 0.9762987209113818 0.4212571984405255 0.04740255817723644 0.09766962762571398
2 0.8470910789509407 0.6660802098868235 0.11348405869326181 0.10620938096753159
2 0.5284006665840639 0.888511929929776 0.12141756789084047 0.11188064477811618
2 0.9355913412714779 0.5110299127319214 0.12881731745704408 0.13652512287441482