2 0.46273662551440325 0.4103593429158111 0.04650205761316873 0.0483264887063655
2 0.5537037037037037 0.4452053388090349 0.030679012345679012 0.037628336755646814
2 0.4651337448559671 0.4576796714579055 0.0390843621399177 0.04550308008213552
2 0.44655349794238686 0.4830595482546201 0.04342592592592592 0.04265913757700205
2 0.6781378600823045 0.47514373716632446 0.042695473251028807 0.051201232032854205
2 0.32493827160493827 0.4280903490759753 0.056574074074074075 0.05942505133470226
2 0.28550411522633745 0.47291581108829567 0.058271604938271604 0.06379876796714579
2 0.2897942386831276 0.554558521560575 0.04243827160493827 0.04677618069815195
2 0.3412345679012346 0.5480595482546201 0.040339506172839504 0.05082135523613963
2 0.1956584362139918 0.5611088295687885 0.03484567901234568 0.04039014373716633
2 0.15639917695473252 0.6635831622176592 0.04911522633744856 0.05041067761806982