2 0.6579622649980607 0.3046609316304968 0.21351436704253354 0.1501479963049866
2 0.9423532055176632 0.36097310764846025 0.11529358896467348 0.13878801746986333
2 0.8077034188253316 0.22847043533988617 0.1125407243987482 0.10119385351553656
2 0.8178409076381821 0.33100271858464203 0.1417498206025844 0.13393531538713133
2 0.6538260064484098 0.17328650325682532 0.13180432965555353 0.12724645211867186
2 0.6550550910917384 0.4659738195075455 0.09499812678919953 0.09318672182923574
2 0.6967534782993526 0.5287125821278328 0.0874764429549573 0.09398709747919093
2 0.5706401313835004 0.47894127756379784 0.09388050176814994 0.0920904074547742
2 0.4823580542172722 0.504768569389083 0.1095649634769795 0.10849813073113475
2 0.5400597297563237 0.5462771710696223 0.08501492442803062 0.08543853652687804
2 0.5906853997292437 0.5864372399129757 0.08647195217632164 0.09606874920642432
2 0.6496538255483314 0.5875991234539711 0.0673969039902058 0.07531276077278036
2 0.6276767188711581 0.5321394139577817 0.07785663733207872 0.06614878587332879
2 0.28126443694050046 0.5811272188056025 0.12263706100233067 0.11212000491958941
2 0.346564939539635 0.6690425321045692 0.12468375397373975 0.10901602349902097
2 0.615413719240923 0.673621121915269 0.08448696463009922 0.07060802805230151
2 0.5304193709175264 0.6399414181394326 0.06627927896915645 0.07421644639831906
2 0.4475968697021922 0.758385403249693 0.13768042867081515 0.11051925361967878
2 0.4482962283725941 0.6565425186332025 0.11545477989533023 0.12245427887462935
2 0.6165964904822889 0.7372174362897307 0.08363331950801564 0.07692696791512836
2 0.5459118576492515 0.7258507519856666 0.08535432715527218 0.09497243483196277
2 0.7695516936103959 0.812054314510755 0.11068258849802896 0.1095944451055963
2 0.8022027593313152 0.5447217827203121 0.08285509721420785 0.08536455184575133
2 0.7161953640188887 0.6192593919346377 0.0804312901014192 0.07787531292733672
2 0.7782903964162969 0.6171323323522484 0.07313587475200482 0.08503162078068176
2 0.6794303133618022 0.6799131500932213 0.07149028993302396 0.06910479793164394
2 0.6912990864298686 0.739961574960355 0.08802839676393723 0.07919358134517814
2 0.7442062740694199 0.6771639486424746 0.08117180098108909 0.0683784069628152
2 0.8355772463998308 0.6469883916599063 0.14154071031597587 0.24925344771979352
2 0.39052080462540134 0.3244282524291763 0.1322808606362579 0.11033429191686227
2 0.3384432680968851 0.4105309634928195 0.15929241821213333 0.14194244707343212
2 0.4364068334224633 0.21626474035648519 0.09440846156608122 0.10692091592935041
2 0.3519987324157699 0.2446108640745446 0.13783127432736697 0.11475654175527189
2 0.27397069621122067 0.3003143989711434 0.12244850393164095 0.10682339475009765
2 0.40157531860565676 0.10344190341847122 0.11104598523631916 0.08950431880209193
2 0.31649013254204506 0.1583265664948332 0.088806619057745 0.07075599741455493
2 0.2535808868342561 0.21351220862354595 0.07383867421753658 0.07447539278226205
2 0.17299535605858565 0.37960718908894836 0.05879530654905224 0.07607614408217257