2 0.6339476854189886 0.4546835724123789 0.06027399511180968 0.05563962677241398
2 0.6093304830636099 0.5575631024068313 0.04585633450461054 0.03750213923547095
2 0.582227611314109 0.4617576358111418 0.055380295745481194 0.04771268397417028
2 0.5519991903836905 0.44443400553471385 0.054459824019453054 0.052220790261065436
2 0.59431783269186 0.6965140490957795 0.062378376055652024 0.052266755056411485
2 0.5941875057715873 0.3058897993475004 0.07442821822722276 0.06813377345156907
2 0.5397679771235134 0.2672560849978497 0.0790584801017652 0.07041737539202483
2 0.45098102376833826 0.2801901804324608 0.05780080167946691 0.05111182128751335
2 0.46546688299131744 0.33599030773154087 0.062220313560580595 0.0488807505417388
2 0.4298100902348867 0.17814092369686133 0.04946074965641033 0.042036511119706736
2 0.31176631567845603 0.14608588585321391 0.06269450104579513 0.05903876408575692