2 0.8948186528497409 0.35490981963927853 0.13180310880829016 0.17781563126252506
2 0.598279792746114 0.18218436873747496 0.16132642487046633 0.15203406813627254
2 0.5992020725388602 0.3188877755511022 0.2114300518134715 0.14856713426853707
2 0.7628290155440415 0.2904108216432866 0.1405181347150259 0.23781563126252506
2 0.26320207253886013 0.5906813627254509 0.1397720207253886 0.1268637274549098
2 0.3732538860103627 0.1340681362725451 0.13671502590673576 0.11646292585170341
2 0.3960518134715026 0.24614228456913828 0.12007253886010363 0.10972945891783567
2 0.2261139896373057 0.3379659318637275 0.13127461139896374 0.12059118236472946
2 0.3707564766839378 0.35494989979959923 0.13687046632124353 0.10910821643286574
2 0.28790673575129533 0.19244488977955912 0.09801036269430051 0.09089178356713426
2 0.22683937823834197 0.24894789579158316 0.07723316062176167 0.0638877755511022
2 0.3092227979274611 0.4373346693386773 0.16099481865284976 0.11932865731462926
2 0.31694300518134716 0.6756713426853708 0.13195854922279793 0.12632264529058115
2 0.6208186528497409 0.4633466933867736 0.10021761658031088 0.10069138276553105
2 0.5381554404145078 0.4823446893787575 0.08693264248704663 0.09901803607214428
2 0.5856580310880829 0.6692585170340681 0.08298445595854922 0.09017034068136272
2 0.6820103626943005 0.607064128256513 0.08506735751295337 0.08478957915831664
2 0.7684974093264249 0.5297094188376753 0.10598963730569948 0.10273547094188377
2 0.663740932642487 0.525490981963928 0.09635233160621762 0.09635270541082164
2 0.5621658031088083 0.5904609218436874 0.09391709844559586 0.0935871743486974
2 0.4496165803108808 0.5147695390781564 0.12324352331606218 0.11403807615230462
2 0.5066528497409326 0.5487174348697395 0.09181347150259067 0.08107214428857715
2 0.5022072538860104 0.6431663326653306 0.09948186528497409 0.09165330661322645
2 0.7430259067357513 0.7915030060120241 0.12007253886010363 0.10271543086172345
2 0.8296476683937823 0.5621943887775551 0.11896373056994819 0.11754509018036072
2 0.6726943005181347 0.734679358717435 0.10592746113989637 0.10035070140280562
2 0.4267357512953368 0.7546993987975953 0.1560621761658031 0.1280561122244489
2 0.4283523316062176 0.6393386773547094 0.11104663212435233 0.09566132264529058