2 0.7989401347479818 0.4806909708245596 0.12304170413956116 0.12232307160055
2 0.6660770724941438 0.5081279481069421 0.12299176568624803 0.11407564892013763
2 0.7542288050785194 0.6265783950718677 0.12893086476629947 0.20904098530341358
2 0.604491749263646 0.7020850588143647 0.19292152415655772 0.14656316623262328
2 0.4882834844647626 0.4680742828926694 0.0939344163114053 0.09899479121333345
2 0.747842308012728 0.19195832970666726 0.13588602908692712 0.11745637376577328
2 0.3626207268991105 0.09005711308762916 0.10341004177866105 0.0693138400021994
2 0.4661833475046237 0.09598088879001183 0.11312287489915313 0.07880814652302418
2 0.5595309869896021 0.09806846350849989 0.08956142083120969 0.08549674891083626
2 0.6454958641474613 0.12112209306359731 0.09827620025828065 0.10733819434057279
2 0.6028739187783844 0.1691313607602754 0.1014326613118111 0.09710090132517764
2 0.5856195021972564 0.2429622455408252 0.10901829860551433 0.10964000112774354
2 0.6504247826071818 0.3150205089442617 0.09738426577814925 0.13721110644536091
2 0.5786580955699648 0.333515929243414 0.08321104488416402 0.09978576793131741
2 0.4236495098016817 0.3357187386945708 0.1808630144760329 0.10403117876673555
2 0.3001247422684891 0.3107943523946853 0.09279903187137375 0.08866151775111115
2 0.4896764938856805 0.1665998764752123 0.10571826449870904 0.09616595393695312
2 0.1671333550416183 0.2284495127999314 0.08306747183088929 0.07607442772513184
2 0.2719808177606834 0.1808010337471938 0.10028479225845109 0.08470577219285232
2 0.2356440618050977 0.2923443364139292 0.07337960793705366 0.07070383254451322
2 0.39208382620712057 0.17214828007278382 0.1067974681787639 0.09722087688371144
2 0.1325967891857926 0.4601199033618787 0.13260472190011424 0.10707511008013756
2 0.3463595524504141 0.505101116158534 0.20802413337065906 0.16030115965218805
2 0.14004473804646672 0.361330794534731 0.14247985499387328 0.14337354031230246
2 0.1358805021531002 0.293721038447881 0.07659224975056121 0.06974489004458205
2 0.13339268328546727 0.5915632023309509 0.10579317217867855 0.10853708795757155
2 0.16943712388709542 0.6975096801925317 0.12423326933956975 0.1419346955782362
2 0.2698342776655006 0.8007721534163119 0.10257428805850688 0.10846510262245154
2 0.4166423589336649 0.6844838524100118 0.19116262442295184 0.21043270178240547
2 0.5036191071195123 0.25452868135092827 0.0983136540982652 0.11352376135088207