2 0.5431349567624839 0.4714773025640245 0.1459019846960139 0.14354599576569985
2 0.5072514235926026 0.6411409849161339 0.16882996569907024 0.16355456255736042
2 0.5440951778078291 0.7810209510139212 0.20648973586102573 0.1874300423014154
2 0.8397512737881765 0.7094049527020792 0.18150142827702367 0.17781557681378202
2 0.5052807402330016 0.3253498656461563 0.20990942980094096 0.24951493259402682
2 0.18539610595032607 0.27588559380374583 0.16415768520310436 0.1549310004595325
2 0.4125720494865929 0.1278507743947908 0.144911223357975 0.1508438867538479
2 0.3000458614537163 0.17531754976140956 0.1777608061904459 0.15874286322360437
2 0.36007814019268947 0.4316059454454696 0.1778199091190969 0.16189412372780604
2 0.2363158045821009 0.38674361310384775 0.14758228020164602 0.1730128106599046
2 0.3309437659433879 0.36166372910160627 0.12645851308871495 0.12895468037934307
2 0.28554121925921805 0.5879377668577312 0.2072777749097037 0.22944684902410448
2 0.36781037026738 0.7408192927654312 0.27763523262158596 0.19299904450186858
2 0.5514573375168239 0.11792834072691888 0.13726665884789233 0.16411399762046416
2 0.6899787432249473 0.548271816244991 0.1387556571185464 0.12325771144248737
2 0.9494329412833935 0.42280020524022904 0.08584615988885977 0.1280232937677994
2 0.8615785635177264 0.5677127969795878 0.12984451760338764 0.12911983094431054
2 0.7093125777657316 0.6297113709543016 0.1852280619145761 0.13601897084438305
2 0.7087041180286959 0.27135070978344006 0.1307958769889926 0.11972109962002801
2 0.6907807707226508 0.44538568996272526 0.12614329746924358 0.11214795769026745
2 0.6812080739379499 0.35454963722410177 0.12212114918843732 0.138188261138658
2 0.8738248805407411 0.4558728074695591 0.141249405176265 0.13597285383593916
2 0.8660519668162953 0.23901385965702962 0.12659641992223375 0.1363076215558136
2 0.7997973287253147 0.5549842548163182 0.1333684289515791 0.1366379226857488