2 0.49352557127312296 0.4559919028340081 0.13064200217627855 0.11880566801619433
2 0.6642219804134929 0.49964574898785424 0.1485854189336235 0.13773279352226722
2 0.8136561479869423 0.476417004048583 0.1691512513601741 0.16887651821862348
2 0.7795973884657237 0.20793522267206477 0.16264417845484222 0.14758097165991904
2 0.33744287268770407 0.4798178137651822 0.2338302502720348 0.16646761133603238
2 0.24295973884657238 0.7609412955465586 0.14042437431991295 0.13382591093117407
2 0.1204026115342764 0.5489372469635628 0.13787812840043526 0.11665991902834008
2 0.15454842219804135 0.6525202429149798 0.14300326441784547 0.14604251012145747
2 0.42749727965179546 0.6164372469635627 0.14561479869423286 0.14568825910931174
2 0.36427638737758433 0.7229959514170041 0.16252448313384116 0.11606275303643725
2 0.3514036996735582 0.6374392712550607 0.11838955386289444 0.10221659919028339
2 0.5794668117519042 0.6932894736842106 0.21203482045701852 0.16604251012145751
2 0.7485745375408053 0.6302530364372471 0.16418933623503806 0.23352226720647773
2 0.12903155603917302 0.4246153846153846 0.15359085963003266 0.10803643724696356
2 0.592633297062024 0.330334008097166 0.11102285092491838 0.11452429149797572
2 0.49819368879216536 0.08458502024291498 0.12159956474428726 0.07685222672064777
2 0.635778019586507 0.17897773279352228 0.11743199129488575 0.10495951417004049
2 0.6797606093579979 0.3190384615384615 0.11805223068552774 0.15510121457489878
2 0.3092491838955386 0.29486842105263156 0.10759521218715995 0.10770242914979757
2 0.4864853101196953 0.32297570850202434 0.1002829162132753 0.10277327935222673
2 0.3912731229597388 0.3256072874493927 0.12829162132752994 0.0975
2 0.5215342763873776 0.16060728744939273 0.12249183895538628 0.11508097165991903
2 0.296626768226333 0.15267206477732795 0.12645266594124047 0.10135627530364373
2 0.6140043525571273 0.23318825910931174 0.12534276387377585 0.10739878542510121