2 0.7071947930652396 0.795164284522669 0.24812376139545764 0.22326744378795163
2 0.2592906257685224 0.394868071123907 0.19550288812679273 0.1735028271824583
2 0.26546853596874426 0.5124817074875434 0.21186604809829757 0.18210561841643766
2 0.5307766489555044 0.40262104450851216 0.12004328162432039 0.12167578154141034
2 0.5293707268166994 0.25634364925100733 0.15132735659006655 0.15469784837854053
2 0.5664939444414266 0.3112045511522206 0.09948729576365879 0.09816135322482518
2 0.7737775471354849 0.5960160865276715 0.14227542923161884 0.1554637858552279
2 0.7347974630867263 0.6687751864238822 0.1395845382733513 0.1258720280398137
2 0.6232124175132101 0.6630624825176664 0.12597680225886715 0.1264527524366625
2 0.480009433882261 0.1097382640590766 0.20107342599445993 0.19300622208047838
2 0.7878515432766243 0.3859065054976522 0.14054442057648428 0.12250924040068221
2 0.7252866015737416 0.4442507617021449 0.09361346508273723 0.0945207459659364
2 0.957893003196154 0.6717135611772336 0.08421399360769197 0.16321190011730974
2 0.9312207638540104 0.4643484156534953 0.11788960024868059 0.10231129645326885
2 0.8980572420551122 0.528330120292201 0.1039237245124447 0.0960738390319361
2 0.9117052958427102 0.6143233304961611 0.11824289692530471 0.13067408409240008
2 0.43274691401053844 0.3616241555487513 0.1558186322473499 0.17529130364296477
2 0.458849222513228 0.5108833032293985 0.22367824245889392 0.16897859074962918
2 0.7219084894427368 0.2712919726250744 0.09127587080109355 0.09329177578965361
2 0.6951277977470934 0.2069002805683362 0.08821715403081848 0.09997104779795678
2 0.6241183010183178 0.3652319941941618 0.09253420287235359 0.0956108063323405
2 0.6051198837030887 0.48159157522418117 0.14054442057648428 0.12250924040068234
2 0.6676485025675127 0.5855264117262033 0.11153340689362859 0.11112438592442066
2 0.7317081760380191 0.1427796661197517 0.09876617327502703 0.10606959540941097
2 0.6868881626242337 0.06090070493058873 0.12130645674070792 0.10245020626314759
2 0.9309651147859883 0.3767220484222837 0.13806977042802343 0.15066172980264114