2 0.08872520136792429 0.3915541205021762 0.1608377796708728 0.20307274729273161
2 0.367749602879812 0.18832861571576798 0.18734275063141795 0.18223736348040617
2 0.38656209454825574 0.3286585663491716 0.2387595301891676 0.1860429503702653
2 0.21514998913659913 0.3140754161227952 0.17872835703876802 0.26679814306071076
2 0.7689778250599146 0.5795689315508533 0.1613104450172153 0.153419456163841
2 0.5916670890075291 0.11931553247898434 0.1568782901546574 0.1408524964558006
2 0.5839742346627823 0.23598548430022673 0.1396480027587768 0.1319925251184632
2 0.7711605064219254 0.31629212393952705 0.1526454681138398 0.14484868374568988
2 0.6248969173332898 0.3460186814753765 0.15572041823358293 0.1335699697793082
2 0.6870126056454108 0.17168663817258648 0.11369044695272654 0.10938579792612163
2 0.7577515420693777 0.22477909200458387 0.08870388854736955 0.07853364709971361
2 0.7002361956881579 0.4256532502949173 0.18157830762876304 0.147895123472685
2 0.7262080850587928 0.6717720872970628 0.15272021792199256 0.1510598638699135
2 0.38516901511194557 0.47968883311058447 0.11701456309964503 0.11881101770715197
2 0.47200490856079114 0.4919337423536813 0.10305855864524759 0.11523547940136246
2 0.45029450836014356 0.6888429376812545 0.09759311487520277 0.10573795989053543
2 0.34259898298520913 0.6329505184792101 0.09967215099153531 0.10063427618347912
2 0.24326943528103986 0.5607841511984226 0.123488379174459 0.12316870364602399
2 0.3495949225591556 0.5473003174141875 0.11268207464795728 0.1145256314980764
2 0.46320401550040496 0.6054619542479137 0.11049091381939587 0.11031254501879754
2 0.5670265093633451 0.5173897341756478 0.14292228570025997 0.13727695815001115
2 0.5139978799902165 0.5575077067692428 0.10605875895683808 0.09774558531075694
2 0.5322871230015922 0.6543593965330812 0.11476111076428971 0.10942194779101987
2 0.3064221630271 0.8283364939432859 0.1384901308377022 0.12470999844197077
2 0.18541036045451828 0.5997042527126045 0.13866454705672482 0.13920275206515917
2 0.3703875340383522 0.7632357760905434 0.12238034045881958 0.12002696371901396
2 0.6250933964781575 0.7625226737500009 0.17846598260494367 0.15606824737695463
2 0.6070778610440294 0.6439499284838289 0.12767136800984163 0.11503172960665235