2 0.7204989604989605 0.34357289527720736 0.11807692307692308 0.13469199178644764
2 0.6118087318087317 0.33649897330595485 0.090997920997921 0.08616016427104722
2 0.5461330561330562 0.2970328542094456 0.09194386694386694 0.08058521560574948
2 0.5056029106029106 0.7624024640657084 0.09907484407484407 0.1035523613963039
2 0.43745322245322243 0.783747433264887 0.09508316008316008 0.10267967145790555
2 0.3927754677754678 0.5456981519507187 0.08147609147609147 0.07731006160164271
2 0.3823804573804574 0.6262114989733059 0.11723492723492723 0.09249486652977414
2 0.25661122661122665 0.5407597535934292 0.08617463617463618 0.09351129363449692
2 0.3043659043659044 0.5095790554414784 0.068991683991684 0.06969199178644764
2 0.3493035343035343 0.4572895277207392 0.06731808731808732 0.06412731006160165
2 0.3487006237006237 0.3211806981519507 0.08466735966735967 0.10825462012320328
2 0.45505197505197503 0.46353182751540045 0.07283783783783783 0.08926078028747433
2 0.48041580041580045 0.582299794661191 0.10811850311850313 0.16553388090349075
2 0.5642827442827443 0.4464887063655031 0.1445945945945946 0.15273100616016427
2 0.2531912681912682 0.37933264887063656 0.06422037422037422 0.05868583162217659
2 0.2952494802494802 0.38732032854209447 0.057068607068607065 0.05762833675564682
2 0.20282744282744283 0.4136036960985627 0.08022869022869024 0.07187885010266941
2 0.060062370062370064 0.4283264887063655 0.06333679833679834 0.08388090349075976
2 0.2515592515592516 0.2409034907597536 0.08761954261954262 0.07761806981519506
2 0.5867047817047817 0.11582135523613964 0.09467775467775467 0.0814271047227926
2 0.1369334719334719 0.35899383983572897 0.09586278586278586 0.10434291581108829