2 0.28954584440347186 0.5944633642831035 0.1571865375724389 0.212799370869802
2 0.2886975251163811 0.8778693689212671 0.14149431423497724 0.1316315441281681
2 0.1868112596066558 0.7147795410611235 0.10445623333444527 0.11362933264598354
2 0.28454101074069577 0.7491484317374748 0.13743076964721826 0.1438598628159185
2 0.1618160932694319 0.5588947979759821 0.13099249540017527 0.13327672101283314
2 0.4467431555093702 0.6306940303544849 0.09477432500920904 0.09568850423887662
2 0.49998715832353263 0.6844516170055391 0.09575346572414112 0.08953225101321989
2 0.47583676818651527 0.5554474249935197 0.09372169343026168 0.0956464103570951
2 0.5180821513618343 0.4802104642292024 0.1117879089550692 0.11082481626473463
2 0.5467117968440924 0.5433094231707901 0.08729566766055445 0.08609632640524963
2 0.5763205830412824 0.6002521288867212 0.09784648040470002 0.08858338092554327
2 0.5664495607892782 0.6550997851102294 0.07657337623370686 0.06914646196760085
2 0.5165961737813397 0.6210965792780729 0.0682625598981507 0.07810723157450639
2 0.630247181962532 0.31225698924546125 0.11509278541994192 0.12334779212495488
2 0.7032833293979537 0.3936528168417031 0.1119716361151074 0.12632068403332966
2 0.6567982736573817 0.6437405201004559 0.07254657707795535 0.08447395420907003
2 0.6405184921437669 0.5573863571617328 0.07656112775637092 0.06811340411636119
2 0.7714543944520543 0.5084125551943272 0.1142238810010325 0.13880156601176852
2 0.6717541134108144 0.4853231131180495 0.12449297876645281 0.11752828995354965
2 0.718548699708505 0.6606658221020241 0.0788623665516398 0.08472651749975871
2 0.7208920707025113 0.5920937566399304 0.09678160034841671 0.08750822919252209
2 0.7620016641093156 0.8203863816720594 0.11180015743240514 0.11185787411597418
2 0.4954041596569061 0.7859762990028488 0.0872711707058828 0.0840302107027703
2 0.5846263813460778 0.7239761523414407 0.07987825269857934 0.08166943782782099
2 0.5705754539716238 0.7812380776659226 0.08612055130824836 0.07572365401107164
2 0.6506849527957085 0.7049338520176369 0.07134696377097738 0.0720351661124127
2 0.7067500172199764 0.7304086294049447 0.08206925519782521 0.08898503055006173
2 0.6350795750075053 0.7641987522219259 0.07040456848805302 0.08129059289178844
2 0.5881279709202627 0.8418289351463261 0.2511639740828775 0.15253823345326983
2 0.3597824772957069 0.3510045915462508 0.11415039013701732 0.1326032189043305
2 0.45361942505275216 0.32326372950287763 0.14604779791617123 0.16072553949000445
2 0.24582304476530298 0.36761509132338044 0.1095111671144722 0.09627781858381632
2 0.2891639291902451 0.2960359269201833 0.11842215883948627 0.13793688368765447
2 0.35896146057823397 0.23738927485077788 0.10982962752520507 0.12313732271604784
2 0.14200985649099138 0.3082212958674793 0.09285278901135245 0.11110018424390873
2 0.21224796432710283 0.24236428578028688 0.07364820256624638 0.08864827949581024
2 0.2780003238433366 0.19749553917549129 0.07664686709772205 0.07534480907503881
2 0.454878805802533 0.16326604420607307 0.07647538841501979 0.060881999157683435