2 0.6116992790937179 0.31278787878787884 0.18859938208032956 0.12112121212121212
2 0.8914727085478887 0.35213131313131313 0.10833161688980432 0.1191010101010101
2 0.7500308959835221 0.23306060606060605 0.09701338825952627 0.08475757575757575
2 0.7653964984552009 0.3298989898989899 0.12118434603501545 0.11302020202020202
2 0.6011431513903193 0.1872222222222222 0.1119361483007209 0.1081010101010101
2 0.6171266735324408 0.465979797979798 0.08012358393408857 0.07843434343434344
2 0.6596601441812564 0.5236666666666666 0.07343975283213182 0.0806060606060606
2 0.5370648815653966 0.48303030303030303 0.08046343975283213 0.07824242424242424
2 0.4547682801235839 0.5114646464646465 0.09280123583934088 0.09273737373737374
2 0.5113800205973223 0.547989898989899 0.07231719876416066 0.07232323232323232
2 0.5618228630278064 0.583919191919192 0.072389289392379 0.08319191919191919
2 0.6178681771369723 0.5821717171717172 0.05622039134912462 0.06447474747474748
2 0.5942533470648815 0.530060606060606 0.06729145211122554 0.05526262626262626
2 0.26734294541709575 0.5940707070707071 0.1053038105046344 0.0941010101010101
2 0.3336766220391349 0.6742020202020202 0.10776519052523172 0.09132323232323232
2 0.5894232749742534 0.6656363636363637 0.07362512873326467 0.058373737373737376
2 0.507188465499485 0.6376565656565656 0.05568486096807415 0.06465656565656566
2 0.4342842430484037 0.7547373737373738 0.1209783728115345 0.09061616161616161
2 0.429794026776519 0.6577777777777778 0.09634397528321317 0.10488888888888889
2 0.5943975283213182 0.7263232323232323 0.0723069001029866 0.06472727272727273
2 0.5260762100926879 0.7186767676767677 0.07084449021627189 0.08203030303030302
2 0.7433264675592173 0.7899090909090909 0.09388259526261586 0.09270707070707071
2 0.7611637487126673 0.5337979797979798 0.06989701338825953 0.07281818181818182
2 0.6826158599382081 0.6091313131313131 0.06915550978372813 0.06611111111111112
2 0.7418949536560248 0.6039494949494949 0.06121524201853759 0.07338383838383838
2 0.6507826982492275 0.6688181818181819 0.061029866117404734 0.058373737373737376
2 0.665427394438723 0.7251212121212122 0.07630278063851699 0.06712121212121212
2 0.7129042224510814 0.6628585858585859 0.07006179196704429 0.05652525252525253
2 0.7980123583934089 0.6291313131313132 0.10738414006179196 0.22517171717171716
2 0.3576313079299691 0.3444848484848485 0.11382080329557157 0.09170707070707071
2 0.3123480947476828 0.4287474747474747 0.1371163748712667 0.11898989898989899
2 0.39588053553038105 0.23914141414141415 0.07846549948506694 0.09288888888888888
2 0.3170442842430484 0.27036363636363636 0.11976313079299691 0.0947979797979798
2 0.24543769309989702 0.32716161616161615 0.10616889804325438 0.08935353535353535
2 0.35735324407826985 0.1332020202020202 0.09641606591143152 0.07345454545454545
2 0.2791246138002059 0.18985858585858587 0.07685890834191554 0.058888888888888886
2 0.2218949536560247 0.2456767676767677 0.06320288362512873 0.0635959595959596
2 0.154129763130793 0.40755555555555556 0.04764160659114315 0.06651515151515151