2 0.5710881829869271 0.4879550669988675 0.1388744492307849 0.13848436904393294
2 0.5187767925582834 0.6590249998790187 0.16103094935466672 0.1579182219665873
2 0.5434900878180418 0.806892862216705 0.19828215442010563 0.18024764846448924
2 0.851315873792531 0.7632489470982953 0.173879710129078 0.17257965346994922
2 0.5457543459883453 0.3336360209566903 0.19636692215636686 0.2449292731312645
2 0.22437450548626064 0.25101264187651845 0.15633658434482028 0.14905252961547252
2 0.4689950943907855 0.12079207457807006 0.1366015081735653 0.14593057254440153
2 0.34970463729034834 0.15847890099940184 0.17027119647895245 0.1518915073167646
2 0.38794836479888745 0.42883435991147983 0.17029144414650801 0.15513124813749887
2 0.2663137130719068 0.36995381232517077 0.13791008387639708 0.16974526777040913
2 0.36427068846284066 0.35383236810333824 0.12023872286428779 0.12569978538461468
2 0.2978124721236111 0.5823052137707873 0.19507184489857204 0.22327440511907992
2 0.36789424748952126 0.7479442387520605 0.2725078464277239 0.18063004357692397
2 0.6111739555254834 0.12465821608760294 0.1274152548294275 0.16059659604951568
2 0.713247183186949 0.5814823358190285 0.13411259199575332 0.1188195406237038
2 0.9753489946744263 0.47786573357655177 0.049302010651147476 0.12457705190900309
2 0.8863912280615094 0.6194858356968111 0.12371225206404314 0.12478965939957067
2 0.7259714700776472 0.6678211244988644 0.18056354885036668 0.12864277083031478
2 0.7573194258366671 0.2990092178042551 0.12597169467622557 0.11518362868527905
2 0.723613390273187 0.4761930551460382 0.12128407888889788 0.10739784994107597
2 0.721862740495393 0.3817572104152424 0.11449900182983129 0.13513602847703896
2 0.9094644622492701 0.504934691555016 0.13534692625088154 0.13075518617368562
2 0.9208317686808682 0.2813099771142887 0.1191258746144928 0.13320258475903915
2 0.8247645755951171 0.5998072312713265 0.1260796822365219 0.1324622463958621