9 0.7607968998482788 0.6628671172220985 0.06315845815210717 0.0664384574270882
9 0.7928344156106331 0.7395038129211664 0.08902585689592277 0.07910281118063975
9 0.6799305387694288 0.5342088199099412 0.05254601005325774 0.047860896348305045
9 0.6110743015187791 0.47829389871439315 0.05159433204215953 0.052115273205073614
9 0.5972328401025065 0.6155324683695865 0.06704242853608465 0.051566872746795035
9 0.6300183378788581 0.5748485025479602 0.06876668994301825 0.06877172335783786
9 0.6595080672548622 0.4579655448972073 0.06715831604545974 0.05478575686696695
9 0.5809348784274213 0.42369037980662533 0.058091034738280825 0.07912665072380623
9 0.6491730255156616 0.29365258022127705 0.06616800886456958 0.05796717235034472
9 0.5371278017381125 0.34236841792766115 0.06735146189441871 0.06015056373391974
9 0.5122594980576822 0.38814299038710115 0.03541228132219097 0.0322774075689316
9 0.5426605374550871 0.38863689721223316 0.034306086631925484 0.032239938932137814
9 0.5254074201290919 0.4464575909181285 0.04988412186892134 0.06598883378556356
9 0.46739716826168926 0.4616391351423102 0.037895074891264306 0.039863074456252826
9 0.46035965718848326 0.4196062983961098 0.07185349899506405 0.06244636102787562
9 0.4167158850608365 0.4041965237070774 0.045908841911665076 0.04763608452754284
9 0.41115504687647086 0.2957712220394405 0.06834176907530874 0.05696914825054173
9 0.33610940146812796 0.34413281701832843 0.05025636233314338 0.04564003632793661
9 0.2908063373050829 0.32866683937410546 0.04010746427179528 0.03993801172984039
9 0.36694236390434853 0.2031831657398754 0.048159860461987745 0.04878398317452084
9 0.34862870667472723 0.2775785577781338 0.06769912442254433 0.06980721609443465
9 0.434541390871119 0.17814570619962686 0.05601911080322148 0.05226514775224856
9 0.512210365631231 0.6169392288300323 0.04587021274187326 0.04656312315415228
9 0.7665403102877195 0.5001704091530677 0.054990174452539384 0.05437360186223596
9 0.7977718768356472 0.5237329855060967 0.05033362067272702 0.04778595907471772
9 0.8135009276662568 0.6383967924585252 0.06418739450278903 0.06433000331710075
9 0.383296507068474 0.35055356026231904 0.05735708051223738 0.058740384629385634
9 0.2864886581709012 0.27011550725073263 0.06449642786112321 0.07291369430422515
9 0.6850874860451455 0.3398784856442858 0.061743230103507636 0.05781729780316983
9 0.7170530068191165 0.3838273280917355 0.048275747971363074 0.05200286729469239
9 0.7951942491620003 0.390760712479255 0.06711968687566805 0.053712795493576396
9 0.6663207820346825 0.1715291413855357 0.06300394147294015 0.06214661193352585
9 0.8847468866470536 0.6225919105024775 0.069114352471144 0.07842837571835289