9 0.5896236012207529 0.656832298136646 0.048280773143438455 0.03787784679089027
9 0.6378433367243134 0.6775983436853001 0.038657171922685654 0.03818840579710145
9 0.7080366225839267 0.6660766045548654 0.04438453713123093 0.03940993788819876
9 0.7409562563580875 0.5738612836438923 0.03869786368260427 0.06645962732919256
9 0.678850457782299 0.5738509316770186 0.044404883011190235 0.04048654244306418
9 0.6957273652085453 0.4916459627329193 0.03881993896236012 0.03980331262939959
9 0.6400813835198372 0.4812422360248447 0.034791454730417094 0.033550724637681155
9 0.6553713123092574 0.5195652173913043 0.059755849440488305 0.04746376811594203
9 0.44144455747711087 0.6042443064182195 0.034354018311291964 0.034585921325051755
9 0.4774872838250254 0.655496894409938 0.034954221770091554 0.03521739130434783
9 0.24371312309257376 0.391055900621118 0.03098677517802645 0.03266045548654244
9 0.3160325534079349 0.4265113871635611 0.02666327568667345 0.028385093167701866
9 0.2290030518819939 0.47467908902691514 0.032563580874872836 0.03375776397515528
9 0.1614852492370295 0.5057971014492754 0.0381383519837233 0.036563146997929605
9 0.19963377416073247 0.5278571428571429 0.05120040691759918 0.038250517598343685
9 0.5956866734486266 0.5041407867494824 0.044649033570701935 0.043623188405797104
9 0.6086266531027467 0.5577743271221531 0.043489318413021366 0.05665631469979296
9 0.44432349949135297 0.4736853002070393 0.03744659206510682 0.05684265010351967
9 0.47662258392675483 0.39091097308488615 0.04169888097660224 0.05648033126293996
9 0.508026449643947 0.33912008281573497 0.03686673448626653 0.03125258799171843
9 0.5406612410986775 0.33685300207039337 0.036266531027466936 0.05798136645962733
9 0.5312410986775178 0.28201863354037265 0.10609359104781282 0.06105590062111801
9 0.16807731434384537 0.6928985507246377 0.08640895218718209 0.07381987577639752
9 0.5497558494404883 0.7869772256728779 0.06386571719226856 0.08832298136645962
9 0.367293997965412 0.657639751552795 0.031098677517802646 0.06777432712215321
9 0.39927772126144456 0.635527950310559 0.03309257375381485 0.04859213250517598
9 0.35484231943031536 0.5936645962732919 0.045564598168870804 0.04695652173913043
9 0.39122075279755847 0.5919668737060042 0.027293997965412 0.0315527950310559
9 0.2938962360122075 0.6263871635610766 0.0476500508646999 0.04732919254658385
9 0.2630111902339776 0.5315010351966873 0.040966429298067146 0.029751552795031055
9 0.28986775178026447 0.5472981366459628 0.028311291963377415 0.04433747412008281
9 0.26448626653102747 0.4907556935817805 0.02816887080366226 0.057401656314699796
9 0.2397558494404883 0.4425258799171843 0.0584028484231943 0.031024844720496894
9 0.09397761953204475 0.40354037267080745 0.041363173957273645 0.03715320910973085
9 0.14456765005086472 0.43034161490683226 0.05325534079348932 0.0767391304347826
9 0.18595116988809765 0.39380952380952383 0.027538148524923704 0.04372670807453417
9 0.21504577822990842 0.390175983436853 0.03549338758901323 0.06150103519668737
9 0.36382502543234996 0.19867494824016563 0.06648016276703966 0.05762939958592133
9 0.24978636826042724 0.20875776397515527 0.03420142421159715 0.0420703933747412
9 0.28652085452695825 0.21066252587991718 0.04091556459816887 0.05389233954451346
9 0.2941098677517803 0.36539337474120087 0.034292980671414036 0.025931677018633543
9 0.27402848423194304 0.3850621118012423 0.03440488301119023 0.0558695652173913
9 0.5486368260427263 0.6551242236024845 0.05190233977619532 0.06841614906832298
9 0.5721159715157681 0.6230538302277433 0.04030518819938962 0.02865424430641822
9 0.6392878942014242 0.6044720496894409 0.053641912512716175 0.05956521739130435
9 0.4751068158697863 0.5733850931677018 0.03126144455747711 0.043447204968944095
9 0.49275686673448627 0.5968426501035197 0.029857578840284844 0.04129399585921325
9 0.5217802644964394 0.6100207039337474 0.04264496439471007 0.029606625258799174
9 0.5045778229908443 0.636687370600414 0.027243133265513735 0.029875776397515527
9 0.5120040691759918 0.6844202898550724 0.03224821973550356 0.033240165631469976
9 0.5849237029501526 0.5947722567287784 0.030508646998982706 0.033146997929606625
9 0.27333672431332656 0.696231884057971 0.06185147507629705 0.044699792960662524
9 0.24666327568667346 0.6640993788819876 0.044832146490335706 0.04549689440993789
9 0.13933875890132247 0.5784472049689441 0.0431943031536114 0.04009316770186335
9 0.49949135300101727 0.4999689440993789 0.05385554425228891 0.04468944099378882
9 0.43923702950152593 0.4102070393374741 0.03138351983723296 0.038633540372670805