9 0.27232486861072597 0.5681498044796626 0.03151906565627723 0.032436302894444796
9 0.3153413191735262 0.5512208926783161 0.03390183541757262 0.03586551741450633
9 0.3332639584729383 0.5243931363277438 0.03501542116367507 0.0359171534993708
9 0.2939925301171648 0.4968986959973589 0.03258078531268285 0.0313792915291984
9 0.27761060421266426 0.5264206168459117 0.031570931745974064 0.03354495034455566
9 0.2870486148273073 0.5503203179421383 0.03734632483527363 0.03823772056932134
9 0.3956232250722962 0.5452857996678528 0.03851177667107278 0.03939800410429681
9 0.43488245449683527 0.5611652598145058 0.032840115761167 0.036922528779752724
9 0.45662637995544 0.5120354642495552 0.030249881641084296 0.029058724459247853
9 0.42356967126900974 0.49420903446098113 0.028022710148879398 0.028955452289518912
9 0.4079398036651132 0.5076555672829264 0.0314153334768837 0.030219007994223064
9 0.39153501508052274 0.49016324367149633 0.041800667819683425 0.038444264908779224
9 0.3704821532663492 0.46514275029118035 0.0319858604635487 0.04241412994544257
9 0.3465385245427672 0.49003721020828556 0.03273638358177334 0.03470523387953099
9 0.32842522536294017 0.4615616842654758 0.0644354453696101 0.04723751875684469
9 0.3003018533994257 0.44516586327017804 0.03353877278969494 0.028104985263730276
9 0.31194417282618386 0.4219480477366929 0.033798103238178966 0.0336482225142846
9 0.3024024300321471 0.40026564154068806 0.029136295894981845 0.029007088374383257
9 0.27068050556422046 0.3657836819580189 0.03719072656618314 0.03491177821898887
9 0.34794197932934 0.41253516087025394 0.03395370150726932 0.036974164864617194
9 0.3766374134618989 0.39295157582181295 0.031570931745974064 0.03354495034455566
9 0.34929203284383675 0.3599260430748523 0.033694371058785304 0.03143092761406287
9 0.3637183166358511 0.336579137329206 0.030249881641084296 0.029058724459247853
9 0.33788618118547287 0.33058637689780035 0.027970844059182695 0.02784680483940792
9 0.37088189521573034 0.290337905767715 0.039677228506872185 0.04055828763927214
9 0.26537651282933017 0.2891457728542296 0.03496355507397824 0.03480850604925993
9 0.49660559390621745 0.6075309964647326 0.032684517492076515 0.033596586429420254
9 0.465373326925652 0.6100854542910484 0.033694371058785304 0.03143092761406287
9 0.4608167869442278 0.5887250094382089 0.03151906565627723 0.032436302894444796
9 0.4356543051127704 0.6396726844329192 0.030249881641084296 0.029058724459247603
9 0.41606589274134254 0.5952250426332311 0.039417898058388044 0.03501505038871769
9 0.41579129299686524 0.6367218678850918 0.02680539222338329 0.026686521304432588
9 0.4305928383479919 0.6172294101724012 0.030301747730781127 0.030167371909358465
9 0.41112795047128886 0.6651472861175122 0.033746237148482135 0.03253957506417374
9 0.3726726454370507 0.6320837904941408 0.030353613820477954 0.03127601935946933
9 0.3606581348159387 0.6038785898096319 0.033746237148482135 0.03253957506417374
9 0.32578611299011956 0.6248548207749383 0.0314671995665804 0.03132765544433393
9 0.2968176142954627 0.6621509469827207 0.03739819092497046 0.03934636801943246
9 0.3258349087150578 0.6713147415098656 0.03151906565627723 0.032436302894444796
9 0.3317796341870617 0.65112672502598 0.03151906565627723 0.032436302894444796
9 0.35499713765488805 0.6417533294104267 0.030353613820477954 0.03127601935946933
9 0.36380055626193475 0.667341819724252 0.03946976414808487 0.03612369783882856
9 0.3690298202270384 0.6980741318181694 0.03724259265587997 0.03602042566909987
9 0.4045867649677715 0.6980847482776729 0.03734632483527363 0.03823772056932159
9 0.3930741107652554 0.7185309451858809 0.031622797835670895 0.03465359779466652
9 0.4509821047449621 0.6920615846804093 0.03845991058137608 0.03828935665418594
9 0.49262563911317575 0.6807275462144818 0.029136295894981845 0.029007088374383257
9 0.5068032562055612 0.6983231419956407 0.026960990492473778 0.030012463654765432
9 0.5095597523435896 0.7225326596010543 0.030353613820477954 0.03127601935946933
9 0.47970193673999006 0.6957079599994321 0.029188161984678676 0.030115735824494123
9 0.45894346698562494 0.7237734540122766 0.031570931745974064 0.03354495034455566
9 0.5272917317625869 0.6404016209570997 0.033642504969088605 0.030322280163952005
9 0.5354086922723403 0.6687875479386342 0.04200813217847074 0.04287885470922294
9 0.551268886915114 0.6979206697762285 0.06210454169801167 0.04491695168689402
9 0.5713927646618826 0.6715439649809826 0.026857258313080244 0.02779516875454345
9 0.582193027722257 0.6544495284655395 0.03136346738718675 0.029110360544112198
9 0.5754291085639591 0.7277751684274499 0.02563994038758388 0.025526237769457127
9 0.5843698683071443 0.6316706196534023 0.030301747730781252 0.030167371909358465
9 0.6081441646480219 0.6222714059954169 0.031570931745974064 0.03354495034455566
9 0.6139348270333147 0.5816250477693448 0.03136346738718675 0.029110360544112198
9 0.6095079522761325 0.5574929842912281 0.034807956804887755 0.03148256369892721
9 0.5782344829547256 0.5965553538439058 0.06257133650528313 0.0548947787378918
9 0.6340372947545729 0.6863390673454818 0.02442262246208803 0.023257306784371053
9 0.6002666597436218 0.6956486820421919 0.029136295894981845 0.029007088374383257
9 0.6114009820222669 0.7189166052860664 0.03618087299947448 0.037077437034346135
9 0.6710403492773002 0.7504446915719576 0.041593203460896115 0.03400967510833602
9 0.6685691166326043 0.7201376129909344 0.06464290972839767 0.05167210855728815
9 0.6605299552573961 0.6900887148342335 0.0403758855354 0.031740744123249696
9 0.6609723522021984 0.6568809274157721 0.06352932398229497 0.05162047247242381
9 0.5582539220180132 0.8098803890289722 0.03719072656618314 0.034911778218989005
9 0.5269591251988957 0.7781442300291479 0.04692926997015188 0.053063226099678604
9 0.48843821996134673 0.7583586857646746 0.028022710148879398 0.028955452289518912
9 0.4942761428891984 0.7879565323660489 0.03623273908917118 0.038186084484457
9 0.6109266763586986 0.44403734695189007 0.05669221123658991 0.047984713612904385
9 0.6580496765740238 0.3987088349605554 0.037709387463151556 0.04599825272009752
9 0.6354179693888558 0.3599335206235825 0.029136295894981845 0.029007088374383257
9 0.5685265606705427 0.3409103727980977 0.02447448855178473 0.024365954234481915
9 0.5554121984169422 0.3005875042896661 0.028022710148879398 0.028955452289518787
9 0.6082663190159671 0.3346427019849657 0.028126442328273056 0.031172747189740516
9 0.5773803101849071 0.38917449975433116 0.02680539222338329 0.026686521304432588
9 0.5690040192266695 0.36633181002335097 0.033798103238178966 0.0336482225142846
9 0.5612821125913597 0.4363831437197933 0.04169693564028977 0.0362269700085575
9 0.4248343322648645 0.3602950553794566 0.025743672566977793 0.02774353266967898
9 0.4038958663789398 0.36845653137516987 0.033798103238178966 0.0336482225142846
9 0.4793328984381946 0.3948271226725151 0.029188161984678676 0.030115735824494123
9 0.45516047785811475 0.3533576438375617 0.036180872999474346 0.037077437034346135
9 0.4305120513764878 0.46457169660872094 0.02574367256697767 0.02774353266967898