9 0.7433642880187807 0.5227547428206577 0.043696609519880816 0.043534404008637194
9 0.5671723728945242 0.4765753869176606 0.0345967405735382 0.036809140843347216
9 0.8574968109506793 0.5891733315627963 0.0504540495118158 0.0469227222435317
9 0.7996968971558894 0.5785717037698687 0.037907998851683895 0.03684767082172163
9 0.7998299425565751 0.6089120613267461 0.04034037676318709 0.04239212127088064
9 0.5643511142028995 0.718701419351552 0.04590411503864461 0.043560090660886966
9 0.6033422566096494 0.7279809578409757 0.028673206469697433 0.026811149378285954
9 0.5764623951769945 0.8264072166741608 0.051917598099581186 0.055765587644711526
9 0.4130264280061677 0.6871534024952656 0.02297454475859632 0.02233192171013418
9 0.3956484133644608 0.6803318143840394 0.0252270247559079 0.02346136112176585
9 0.4243356805062321 0.6668752530340734 0.04567924264590496 0.03804132686397722
9 0.47443369025958076 0.6509097546450864 0.027479504753219725 0.024590800533397524
9 0.46763223939668763 0.4704526001492085 0.021825817520666393 0.02121532562462765
9 0.4967589467217802 0.4542430785638501 0.030046806100366762 0.03344650926070223
9 0.22205288453908928 0.3865076622502415 0.022974544758596258 0.022331921710134307
9 0.2035992384821484 0.2991378093563865 0.018469584763972854 0.020073042886871218
9 0.4655728035582736 0.2845344768239827 0.047437003379189706 0.027029485922407885
9 0.4979311248065739 0.2799464675274463 0.019438414087710975 0.01677462793485041
9 0.4387135513299347 0.41054171131559036 0.028628231991149403 0.025707396618904057
9 0.4184965104348352 0.4152709971994998 0.017635678875878448 0.026682716117037847
9 0.3973574927295035 0.3973733515160803 0.020632115804188684 0.018994976779738965
9 0.39485577506522024 0.41720237120658 0.03189451579074732 0.024642173837896564
9 0.33000608716793367 0.3960380322427755 0.023898399603786598 0.017929753998731472
9 0.6984440265835383 0.25966344297789656 0.03432689370225052 0.03018662428705583
9 0.747953612045848 0.2834073572744084 0.037907998851683895 0.03684767082172163
9 0.6989303192803652 0.23098513622315442 0.04007052989189966 0.03576960471458937
9 0.6657053003025385 0.22784045454095514 0.030361627450202225 0.04117277857637552
9 0.4217056862989911 0.10143956538415955 0.03225431161913056 0.03347219591295185
9 0.3296444624848143 0.0893360417219807 0.02421322095362181 0.025656023314404825
9 0.7997699929785854 0.4991400350727465 0.03653439922101431 0.030212310939305348
9 0.21479879806794713 0.7229082306653489 0.03097066094555704 0.029044341549299524
9 0.23483127055157096 0.6188861480785056 0.024213220953621935 0.025656023314405012
9 0.2173183324742203 0.6087533016891339 0.022974544758596258 0.02233192171013418
9 0.10507006714405001 0.4938145431756286 0.03367288572834789 0.04121130855474993