9 0.6490278159990046 0.7479252273612091 0.06811846670451244 0.06836494478274517
9 0.5703108523935462 0.7560584606047951 0.08355476752343526 0.07555362780889575
9 0.5703852558394946 0.8467789269558577 0.06032408728296954 0.061488327558510025
9 0.5016206680984224 0.8490404732212382 0.061517429022513385 0.06590927600223488
9 0.42140544670509383 0.8747237577531878 0.06811846670451244 0.06836494478274492
9 0.3981384775247203 0.7964274537969314 0.059283203567588566 0.06363193053710464
9 0.45431492952224595 0.5613128697632934 0.05491639134051433 0.06345360722172433
9 0.4062545853537356 0.564368518136197 0.04488778646404661 0.05429964453235945
9 0.4253566504979859 0.7045924667247414 0.09652906863425538 0.11761950926754841
9 0.29733928916688457 0.5108843109523956 0.06184775474153327 0.08013247075059361
9 0.2561327102127118 0.5710454280542566 0.06720463134260073 0.07597900727993936
9 0.5108162305403925 0.5939833171679633 0.05951189060383317 0.07347875767058386
9 0.5752262544982043 0.6148537337816586 0.05481475265773892 0.05907723960684468
9 0.6333773585453173 0.6704109495067568 0.06469089951004378 0.06166665087389034
9 0.7228988347664721 0.5727525794792373 0.10808042818622034 0.09841624411788598
9 0.5752162880120568 0.47439666664018526 0.05864887458330921 0.08328100397521812
9 0.6318074356606983 0.45623642135072456 0.06768741508578364 0.09676675345061769
9 0.6956965613692863 0.499535721990678 0.07360239165904915 0.06968194083069049
9 0.6062009512103586 0.5725993145989221 0.04585244116734597 0.04887376584260484
9 0.6387995848892523 0.577826441155889 0.08518098644784075 0.14557550964697016
9 0.8182082392074231 0.5076494815902447 0.06377706414813213 0.06928071337108477
9 0.32386326011140204 0.21412999607694772 0.06997245988209617 0.10123228272318757
9 0.23815140892819 0.24167732260870264 0.06380247381882591 0.07037480527480457
9 0.17640574926096528 0.2939327402288611 0.05826772952290156 0.06686962541941943
9 0.21453867084425007 0.3191553724459983 0.05367223025958279 0.0568444749705599
9 0.24938377842188228 0.3450587931015307 0.04917836967903935 0.051195692136580026
9 0.43519064944803476 0.2576782144695798 0.0587251035953907 0.08656327968637785
9 0.40445871378207165 0.21903670402031053 0.0637516544774382 0.06818662146736473
9 0.46351368670494886 0.14175091510112942 0.06700135397704997 0.06722627205018013
9 0.480446876137142 0.18751423733328174 0.09437015940834556 0.07162306848246708
9 0.5220704327000969 0.22680403139782002 0.09203429527064533 0.06496935540245738
9 0.5790032417285054 0.26437560195480714 0.06809305703381853 0.06727085287902526
9 0.4887081397257882 0.3249017184991173 0.06260913207928194 0.06595385683107984
9 0.44116686824036844 0.3995312249079852 0.06192398375361489 0.08341474646175336
9 0.3767573006740899 0.3551601227787342 0.12844164120441537 0.08285190131014404
9 0.34726724413139215 0.4274129076560783 0.07040351150082497 0.07283047405531498
9 0.40098892455776286 0.4388823054247453 0.05692192975919455 0.05588412555337523
9 0.6701214196795728 0.3092956116329333 0.09500540117569153 0.09897536607546495
9 0.8000830772102859 0.3958050512551503 0.06314273516385252 0.088929786809198
9 0.7468682210231922 0.4329558719587517 0.057785858562785127 0.09308325027985224
9 0.7689323383694078 0.351715371701704 0.08279339018568657 0.08973224172840966
9 0.10305152121892229 0.6581826737245748 0.05834395853498305 0.07015190113057916
9 0.319155625160043 0.7690472809984652 0.06446221247379919 0.05181982374041113
9 0.31934482851564705 0.8313436482672325 0.07718241687768079 0.08294478616186467
9 0.26519209647054764 0.7914724418306928 0.042197099719699205 0.07933001583138208
9 0.2063295216440071 0.7665497994097523 0.055703178348956855 0.050369085205930586
9 0.1801046077854676 0.6982117746590876 0.0945997592276566 0.12847126664705763
9 0.1920911264799607 0.5343106788366225 0.04351657702964587 0.0422200527625952
9 0.19064277525041193 0.5966739173486575 0.079823197063707 0.10272760208651324
9 0.06828583739410442 0.4644921787489937 0.0726377369557497 0.07510781952044497
9 0.11446540953973752 0.5659000167669189 0.1185673199182437 0.17426523210532083
9 0.2575579337292331 0.3922728538681637 0.0665185702338671 0.04643852587950172
9 0.2707590963101646 0.4343628873382541 0.042653561009121786 0.05202229906722934
9 0.12458614300436649 0.38841193380564515 0.04255192232634644 0.04764593145234956
9 0.14909772965720486 0.4365984199951817 0.06822010538728779 0.07274131239762482
9 0.20292104876635092 0.4436914501489691 0.09810264265114031 0.09145046523596068
9 0.18744800261598704 0.3820192144840329 0.09132373727428436 0.08133615312941099
9 0.5290820585094124 0.6528088710014871 0.057074387783357654 0.062448676975694825
9 0.4947433187795239 0.6990263543337786 0.055577042778554096 0.09189999671844205