9 0.5973776848824557 0.29491003941289273 0.036505910894415246 0.036254145991695144
9 0.6310826037142506 0.2034935112746047 0.038820725709230064 0.03629427257773701
9 0.644340667686427 0.3320385421748138 0.030577455507265466 0.028107852515096243
9 0.6224509400529098 0.33816687117899324 0.029399845478413265 0.02693836393471889
9 0.6047838606275983 0.35399509360012815 0.03652611351585978 0.037403571279051466
9 0.5238875718446164 0.6917067371284229 0.04696298280397123 0.038733566203596304
9 0.47755379929796066 0.6574417659383821 0.03411028559382166 0.031616318256227786
9 0.7529620123816493 0.5836811216649982 0.057420054713527215 0.04121298641549733
9 0.7391669642817912 0.5563256426381873 0.028242438071005595 0.026918300641697854
9 0.7341218665794126 0.4339620077672914 0.05871888047104763 0.04927902672001249
9 0.7023250814672731 0.3045885642680609 0.03409008297237674 0.030466892968871596
9 0.7712224404733137 0.40399960591652456 0.03764311568037813 0.03512478399735972
9 0.8312834809373008 0.4288284152914635 0.054984024170044186 0.03427630810531747
9 0.8323529055407369 0.39086728586917346 0.0317550655361174 0.02927734109547334
9 0.7933630862154926 0.5438884149926398 0.07309263227460913 0.07710599313281558
9 0.7600234292290993 0.5243452763150009 0.035328300865563315 0.035084657411317784
9 0.8143567261872506 0.4538420083649385 0.030537050264375882 0.0258090019403836
9 0.8439615268726407 0.4585028081860079 0.03059765812870999 0.029257277802452564
9 0.8837636943813356 0.41757070787280376 0.047043793289750134 0.04333126735302159
9 0.8490460158110403 0.2537546323389256 0.032993283429303445 0.03389510553791966
9 0.7911482705010328 0.22026500672277247 0.038820725709230064 0.03629427257773695
9 0.7909042243842992 0.3381212252628374 0.03181567340045151 0.0327256169575423
9 0.7962266011281083 0.31158412718853723 0.034090082972377006 0.030466892968871728
9 0.8197788017051503 0.33417136707524486 0.029460453342747113 0.030386639796787854
9 0.8439227362891484 0.32455463562295456 0.03289227032208028 0.02814797910113805
9 0.8378600348700781 0.3419063630449146 0.025907420634746253 0.02572874876829973
9 0.44826698322315467 0.2756490921063134 0.040200361952529115 0.04895801403167745
9 0.4141436673260809 0.27739038453778747 0.032973080807858914 0.03274568025056334
9 0.4954248199233804 0.2909284827619539 0.04480978896071409 0.04788884191640494
9 0.5433532852310344 0.3171173820009689 0.045744967532229716 0.035265227048506306
9 0.5131798821526631 0.3130413264700881 0.0272264490137112 0.03494421436017134
9 0.5103339411952265 0.3487337002571968 0.029460453342747377 0.030386639796787854
9 0.49328304172397824 0.3996193939426996 0.032952878186414125 0.03159625496320702
9 0.44967823773175347 0.3888775145574216 0.037845141894824984 0.04661903687092294
9 0.44388695736905387 0.3228658137065169 0.07610019420360341 0.050729401402683005
9 0.38545515692389465 0.35779708762759627 0.04458756012482231 0.0352451637554854
9 0.3618247745273393 0.5283734858958136 0.04828201118293617 0.04794903179546765
9 0.41778862583745147 0.6165109708939444 0.03532830086556305 0.03508465741131805
9 0.8031316543365319 0.6385755581483898 0.040099348845305686 0.043210887594895914
9 0.764105973420325 0.6248798623726374 0.04367258417475134 0.04901820391074036
9 0.681280634615639 0.6222913993178875 0.02826264069245065 0.02806772592905444
9 0.7005091738772516 0.6294316193508579 0.024810621091672955 0.029156961337347923
9 0.7065112674319878 0.6086316160668289 0.03642510040863661 0.03165644484226986
9 0.7174893641734433 0.5745229371596081 0.02826264069245065 0.028067725929054307
9 0.6817221632948923 0.6803474079758921 0.029399845478413265 0.02693836393471889
9 0.6987297285307214 0.6599315160518424 0.025907420634746253 0.02572874876829973
9 0.7159161883670228 0.6826291040501651 0.043591773688972435 0.044420502761315074
9 0.7546287286508367 0.6785087078718947 0.04249497414589914 0.04784871533036301
9 0.727190152111956 0.6324184394734453 0.04405643398220052 0.07085728437051048
9 0.6983087027991769 0.37249494104067815 0.03540911135134195 0.03968235856074307
9 0.6588962430829909 0.3697288171413211 0.027105233285042978 0.028047662636033404
9 0.6368015602424968 0.39713154560810304 0.03894194143789828 0.04319082430187488
9 0.6678941825966019 0.4535064517136965 0.028282843313895176 0.02921715121641063
9 0.7230805333073576 0.26686107150809313 0.032993283429303445 0.03389510553791966
9 0.5325110491808964 0.1942793509514995 0.03532830086556305 0.03508465741131785
9 0.4883073388635233 0.18239807792537563 0.034090082972377006 0.030466892968871596
9 0.526373395261107 0.14149607255170293 0.03417089345815564 0.035064594118296884
9 0.5018889451050791 0.09880392178277012 0.03415069083671098 0.03391516883094056
9 0.5691743377212065 0.17237295775873748 0.03532830086556305 0.03508465741131785
9 0.7604131370216081 0.48064705210243985 0.029460453342747113 0.030386639796787854
9 0.743314659989278 0.49589053023338614 0.029440250721302585 0.029237214509431533
9 0.716459030479764 0.5159022475044357 0.052952046055455386 0.05032813554226417
9 0.7296913341717002 0.47830516614910396 0.03892173881645375 0.04204139901451856
9 0.664293572327519 0.4133267248887776 0.03699077380908786 0.06384035288824687
9 0.728131488994796 0.3236874017066578 0.03768352092326718 0.037423634572072366
9 0.7479762082104718 0.3658850930039962 0.03059765812870999 0.029257277802452564
9 0.6999972363492061 0.3368226305465903 0.046983185425416026 0.039882991490952625
9 0.5912293289994154 0.7026120316504497 0.03534850348700784 0.036234082698674105
9 0.5663724446797933 0.7375361827176 0.03061786075015465 0.030406703089808886
9 0.5906245646892073 0.767009942681935 0.03059765812870999 0.029257277802452304
9 0.4989498770392156 0.7220331870461479 0.0317550655361174 0.0292773410954736
9 0.4722486961830665 0.7178969416362042 0.02706482804215366 0.02574881206132076
9 0.4552007257043481 0.7360139829855412 0.025907420634746253 0.02572874876829973