9 0.1894360810628073 0.4530091804641875 0.10519213382512028 0.10487050649282187
9 0.28481660151684934 0.37082779085314166 0.07247242878873578 0.07724170238048154
9 0.43667616151998534 0.18549794669624192 0.16601615740962147 0.11215690097293465
9 0.22050721405108173 0.6935224502151093 0.10150537589765615 0.0881492927482545
9 0.7426152912514388 0.35470605437820607 0.09887106367243632 0.1068447456703538
9 0.6852841137668606 0.2860522383612609 0.07432149979496289 0.06790306709908217
9 0.6662305345256136 0.3783878333289396 0.10250729711417002 0.08608414177422125
9 0.887204174547269 0.49721029247250265 0.07882445322678 0.07630912986961629
9 0.8015715687174235 0.47804737039515116 0.09728101103408025 0.08911822997772016
9 0.3894613433056725 0.47516837283297997 0.13822138171510603 0.1429159772718285
9 0.3349012782575493 0.3029687264588528 0.07776062343954596 0.07629094751031609
9 0.46930639286125575 0.44269606547313056 0.07315342306665854 0.10015836904714821
9 0.4892464534843133 0.7558987223994662 0.060244078278039154 0.059333363094845736
9 0.5463689458953942 0.5491680727778296 0.0593040656322457 0.06348184740221233
9 0.5726852069199233 0.3970911945308695 0.1772817271045449 0.20501069318066978
9 0.7716174752663558 0.7045034123326268 0.14296378331442378 0.08781673809429644
9 0.8273870603250526 0.6669345018885221 0.1530644742506522 0.10568871266133187
9 0.7750028764555993 0.7826465946919269 0.0786696817999795 0.07110079653628294
9 0.4589612656117557 0.3092536379839959 0.07910304179502109 0.08568412986961628
9 0.2864733596803398 0.2297819604959596 0.08901800701908885 0.0973061044366517
9 0.30929108256245114 0.15677174593951493 0.08314168094643634 0.07846519264015056
9 0.20575538538681115 0.7874932746199889 0.1002444363132716 0.11727959469632054
9 0.7549651560220473 0.6271746171487403 0.06237173785250724 0.05936972781344636
9 0.7237922701655881 0.5084727091402678 0.11179997866142574 0.1841099025966893
9 0.25866329803450117 0.5999516377148346 0.17613641854622028 0.16646902651400333