9 0.6046169560776302 0.589379679144385 0.03115423901940756 0.03557219251336898
9 0.575444330949949 0.4306096256684492 0.02501532175689479 0.02698395721925134
9 0.5381920326864147 0.4666524064171123 0.0254341164453524 0.027786096256684493
9 0.49617977528089885 0.3915508021390375 0.020858018386108276 0.0273048128342246
9 0.5517364657814096 0.4415294117647059 0.02072522982635342 0.025058823529411765
9 0.39414708886619 0.5223101604278075 0.016537282941777327 0.017871657754010697
9 0.5576506639427988 0.7563529411764707 0.02575076608784474 0.027262032085561494
9 0.3712972420837589 0.20106951871657755 0.01850868232890705 0.01948663101604278
9 0.19477017364657814 0.3719358288770053 0.018416751787538304 0.016588235294117647
9 0.21671092951991827 0.37210695187165777 0.01122574055158325 0.01871657754010695
9 0.3420326864147089 0.3962032085561497 0.020122574055158323 0.01879144385026738
9 0.37712972420837587 0.37837433155080213 0.016945863125638408 0.017005347593582888
9 0.4436567926455567 0.4469090909090909 0.019090909090909092 0.018588235294117645
9 0.5489785495403473 0.4960855614973262 0.02372829417773238 0.01890909090909091
9 0.5597446373850868 0.4827486631016043 0.021123595505617977 0.01898395721925134
9 0.3898569969356486 0.21255614973262033 0.015321756894790603 0.016919786096256686
9 0.41063329928498465 0.5588449197860962 0.018028600612870274 0.019647058823529413
9 0.3936567926455567 0.5371122994652406 0.01969356486210419 0.015390374331550803
9 0.43532175689479063 0.5780641711229947 0.014330949948927476 0.015294117647058824
9 0.20061287027579164 0.5294652406417112 0.014770173646578141 0.017935828877005348