9 0.09787960739425762 0.5669979074745749 0.09070843046029024 0.10517980544801328
9 0.22484123601901748 0.467202204031951 0.12300068204244224 0.10419911203682991
9 0.325631469665603 0.5099125633633801 0.07160784499519235 0.06904744238747614
9 0.3622013187997723 0.4320098467358521 0.0762670945677749 0.07151660621197112
9 0.4054866254794693 0.46391808720680233 0.05991940913549557 0.06059142780340748
9 0.44853137188744346 0.4114212138836276 0.06518333763168824 0.09730716697036836
9 0.30253224828538955 0.3477171349903198 0.08204076662320214 0.07174917971405116
9 0.22887111754536485 0.3369954456799571 0.0831955010342876 0.07179569441446702
9 0.19968318407041602 0.38893414259813985 0.0785967193540661 0.0727511881242186
9 0.17361841336906925 0.5907544212653841 0.07999332533459576 0.08649633296162076
9 0.2213614099801453 0.6316090230259946 0.06482053027752213 0.0767592217648889
9 0.16918249033220212 0.711281240620554 0.10786819891360928 0.0967451058629291
9 0.4033511049477641 0.25810043239838 0.0809868120327185 0.07741042757071268
9 0.35350896584005936 0.3034563025998497 0.07622678263953415 0.06923350118914007
9 0.5145771824504722 0.33062004362836855 0.06700906331497099 0.07000293609722759
9 0.5009638520172826 0.4480943230526198 0.061316015116025094 0.07433657264080977
9 0.5524532353592997 0.4728276455521649 0.05045981824148807 0.0476622325745087
9 0.5700028232521823 0.1977726048521552 0.0681033298336954 0.06662479326339706
9 0.6436307978179135 0.17769563370450672 0.06822426561841749 0.07347410833189022
9 0.7046532401564722 0.21801531641033325 0.05645520590223922 0.06045188370215947
9 0.6464688548657179 0.3110479613882512 0.08777412675038866 0.06969864819330003
9 0.7113355415277066 0.2970276130508003 0.07650896613721897 0.08521523634895742
9 0.7603067406524022 0.36635125554617487 0.04930508383040275 0.047615717874092724
9 0.8200980582492283 0.3456909082921028 0.09097630245008063 0.05499800964614616
9 0.5412927884598959 0.1572920630460964 0.0504598182414882 0.0476622325745087
9 0.47092453525810457 0.15613402598151765 0.10426290393151053 0.08861469418177234
9 0.4021040577677455 0.1326692002439202 0.07525345190553186 0.0794609590914638
9 0.3388254587454297 0.12209965488552132 0.07172878077991446 0.07589675745596922
9 0.08167462464121218 0.7005469514594754 0.062349813742388446 0.06753377227273247