9 0.6949893664518603 0.2758180038191423 0.07748143006962381 0.07718140522012634
9 0.6142560601219085 0.25732947984307636 0.09360471239801087 0.08585721075263023
9 0.6240059276173217 0.1644257485308008 0.06813015677058239 0.06882244151447779
9 0.553142238968393 0.15318880489788209 0.07057145192888643 0.0734632028490532
9 0.47334310478312197 0.11607200838533273 0.07748143006962381 0.07718140522012634
9 0.44039901285529387 0.19261347782577726 0.06709346800661915 0.07103720823948034
9 0.4735394709481373 0.44029466018998226 0.06257879532038892 0.07082598035491017
9 0.42357913832492217 0.43060153894723746 0.05200687444219521 0.06014663598197379
9 0.4584394846744328 0.29021234047526345 0.11119966524791156 0.13081419542345624
9 0.3052385610578326 0.4708959638674923 0.07229798624980893 0.08825523884513908
9 0.26873410794276076 0.40411901096904274 0.077803357996205 0.08511791315663428
9 0.5350308118746495 0.414880775886581 0.06863604351235249 0.08129409684327599
9 0.6037770537203787 0.401688495314797 0.06239483650519974 0.06629083296261992
9 0.6699459517249353 0.3527291220575848 0.07269081916060981 0.07016745624712066
9 0.7522160722750494 0.46464944705735195 0.12170452199893281 0.11206788871764843
9 0.5887603797807199 0.545269389477911 0.06904995084652826 0.09149817847592905
9 0.6450079091148851 0.5710995614493847 0.08093449871146882 0.10676547721229812
9 0.7162203613993409 0.5353899648295772 0.08317076063120904 0.07857922692391166
9 0.6315990046699933 0.44882142299801503 0.05177692592320848 0.05447770174161098
9 0.6659314044949044 0.44816446192171827 0.10332006247038353 0.15873641085612966
9 0.8438518441929402 0.5436247262648329 0.07301274708719098 0.0781039641836286
9 0.30018441927586087 0.7767667982184104 0.08224712569821556 0.11135343157573108
9 0.2146729596771061 0.7376852865780394 0.07305873679098815 0.07923775103170116
9 0.15641242058754698 0.6761144254067087 0.06723143711801116 0.07443856878369816
9 0.19894635111656706 0.6554717568342466 0.06117418892604759 0.06397045229533209
9 0.2369196192555596 0.6334840735291417 0.05525490984547595 0.056903696351183704
9 0.42065490098636116 0.747322558811559 0.0703165881294777 0.09495234599128918
9 0.38490351669837397 0.7824280013262123 0.07296675738339356 0.07697017733555604
9 0.4368624810082482 0.8691658212667487 0.07630677219426896 0.07599481140091134
9 0.4598305977787238 0.8244092072849466 0.10475342500219448 0.08298391991983843
9 0.5068916586341853 0.7903987279057553 0.10109148226473803 0.0760227779179752
9 0.5698690481509459 0.7599620132427413 0.07743544036582639 0.07604761837205379
9 0.4829319077344747 0.6857331093121206 0.07170012010044399 0.0735160098201959
9 0.4418562550176879 0.6034652095656926 0.07243595536120094 0.0916565993893569
9 0.3706897924370294 0.6403085930335727 0.1414226829376041 0.09827918517327137
9 0.3478107995765554 0.5622869653696434 0.07992272522792811 0.08182216655470174
9 0.40453260401742847 0.558150996323908 0.06451420373692297 0.06299508636068725
9 0.6693211995762394 0.7261394843255343 0.10928917211179963 0.11148701203508009
9 0.8134621012543859 0.6553663949666696 0.0749232402233024 0.0974311475720046
9 0.7620530929615558 0.609958988009639 0.06946385818070402 0.1017022601085821
9 0.776247663228049 0.6960615612649719 0.09533124671893337 0.10064924674871611
9 0.11953817970395812 0.2947256054266554 0.06736940622940304 0.07783992932791572
9 0.3555170310409666 0.2107089915563567 0.07114824365487647 0.05991056764332503
9 0.36251229223465825 0.14709889389496877 0.0882832994668041 0.09352968383342534
9 0.301907213320506 0.18047568962044933 0.05188997975417836 0.08503713966842764
9 0.23840094221007646 0.19787385553062886 0.06202691887482133 0.05722053817803929
9 0.2039142747765151 0.2641584363672777 0.11053089411432693 0.14209925693303926
9 0.19837438560707873 0.4330786934715574 0.04924365135730973 0.04756936671089045
9 0.20367664454343404 0.36938938535345567 0.09249711864982826 0.11409626801215914
9 0.06259597859633174 0.48783432930251075 0.08227204097863787 0.08419535419313202
9 0.12116697333171511 0.39042498014650173 0.13955049779119516 0.1909856718595086
9 0.25078940609787875 0.58660432350609 0.07317563147900506 0.05434724734524724
9 0.26883948005963587 0.5455783321224003 0.0496575586914855 0.05777344834354351
9 0.11279295609317369 0.5727922585142246 0.0483449317047387 0.05318549398011081
9 0.14302843142307747 0.5266782095727403 0.07766538888481302 0.0817165526124166
9 0.19993419467913975 0.5270773879192949 0.11122458052833376 0.10365611804085731
9 0.1776099337618264 0.587707017774113 0.10290999599325512 0.09308238761020633
9 0.5608330567142301 0.35667714064133577 0.06479014195970687 0.06979780744912263
9 0.5300054765205323 0.3048770481379712 0.06716053213379149 0.10046285931822439