9 0.529531737773153 0.526265690376569 0.051685744016649326 0.05205020920502092
9 0.4479604578563996 0.4586715481171548 0.05398543184183143 0.05207112970711297
9 0.5528511966701353 0.4747907949790795 0.0458792924037461 0.04780334728033473
9 0.607086368366285 0.4494246861924686 0.07499479708636836 0.07143305439330544
9 0.44733610822060355 0.8418514644351464 0.11190426638917794 0.10729079497907949
9 0.519843912591051 0.8194874476987447 0.051071800208116545 0.05308577405857741
9 0.5441831425598336 0.7658891213389122 0.054089490114464095 0.0472907949790795
9 0.5847658688865766 0.640847280334728 0.046493236212278875 0.040564853556485356
9 0.6404890738813735 0.6269769874476987 0.04227887617065557 0.06015690376569038
9 0.7309989594172737 0.5924895397489539 0.0658792924037461 0.06553347280334727
9 0.37611862643080124 0.4986297071129707 0.08701352757544226 0.09785564853556485
9 0.3579812695109261 0.5756694560669456 0.036763787721123826 0.04
9 0.36184183142559834 0.6426464435146444 0.056586888657648285 0.05361924686192469
9 0.44988553590010405 0.7002301255230126 0.049771071800208115 0.07009414225941422
9 0.7727575442247658 0.6676778242677823 0.05902185223725286 0.06988493723849373
9 0.4597710718002081 0.15316945606694563 0.054724245577523416 0.05486401673640168
9 0.13337148803329862 0.3014330543933055 0.062320499479708635 0.06342050209205022
9 0.2081789802289282 0.30567991631799163 0.0731945889698231 0.06786610878661087
9 0.1782726326742976 0.36438284518828457 0.04586888657648283 0.06755230125523012
9 0.09020811654526535 0.4115690376569037 0.09298647242455775 0.07550209205020922
9 0.1317273673257024 0.46526150627615065 0.04452653485952133 0.051736401673640166
9 0.19127991675338188 0.6202824267782426 0.03571279916753382 0.05464435146443515
9 0.18656607700312175 0.5444874476987447 0.0531009365244537 0.10743723849372384
9 0.14224765868886574 0.537081589958159 0.057190426638917796 0.07505230125523013
9 0.1062330905306972 0.5746234309623431 0.04971904266389178 0.041976987447698746
9 0.11968782518210197 0.6145188284518829 0.06862643080124871 0.04858786610878661
9 0.2676586888657649 0.5134832635983263 0.056472424557752345 0.08462343096234311
9 0.35239334027055147 0.18820083682008368 0.10045785639958377 0.05889121338912134
9 0.5862434963579605 0.25511506276150625 0.09109261186264309 0.061464435146443515
9 0.6721540062434964 0.41793933054393306 0.049073881373569196 0.046976987447698744
9 0.6861602497398543 0.3783682008368201 0.059635796045785644 0.044236401673640166
9 0.5134339229968783 0.36404811715481167 0.07194588969823101 0.04669456066945607
9 0.5667950052029137 0.3954393305439331 0.0526534859521332 0.05817991631799163
9 0.5074297606659729 0.4030439330543933 0.04515088449531738 0.0422071129707113
9 0.4485431841831426 0.35309623430962345 0.05111342351716961 0.04642259414225942
9 0.33495317377731526 0.6803451882845188 0.04261186264308013 0.04489539748953975
9 0.2661914672216441 0.8558995815899582 0.16675338189386057 0.10377615062761505
9 0.19867845993756506 0.7516108786610878 0.04389177939646202 0.05661087866108786
9 0.24639958376690946 0.7710146443514645 0.0490426638917794 0.05052301255230125
9 0.392840790842872 0.5842259414225941 0.03775234131113424 0.04397489539748954
9 0.40554630593132157 0.667531380753138 0.04147762747138398 0.05243723849372385
9 0.5331945889698231 0.586244769874477 0.06183142559833507 0.039476987447698744
9 0.4611134235171696 0.5911506276150628 0.06203954214360041 0.08763598326359832
9 0.49478668054110303 0.671255230125523 0.06908428720083247 0.07171548117154812
9 0.4434859521331946 0.6519979079497907 0.034630593132154004 0.03683054393305439
9 0.5456919875130073 0.7011297071129707 0.10188345473465141 0.09488493723849371
9 0.6452029136316336 0.30348326359832634 0.1511446409989594 0.10669456066945607
9 0.5215712799167534 0.30476987447698745 0.09415192507804371 0.07723849372384937
9 0.4838293444328824 0.20153765690376568 0.14100936524453694 0.11651673640167363
9 0.4032049947970864 0.13551255230125525 0.04864724245577524 0.05337866108786611
9 0.3438085327783559 0.14612970711297069 0.0381165452653486 0.03835774058577406
9 0.3250676378772112 0.2458786610878661 0.09137356919875131 0.061924686192468624
9 0.262060353798127 0.26968619246861925 0.03519250780437045 0.03880753138075314
9 0.305057232049948 0.3272489539748954 0.09352757544224766 0.09089958158995816
9 0.33491155046826226 0.39390167364016737 0.07711758584807492 0.1035878661087866
9 0.314047866805411 0.47292887029288705 0.0322372528616025 0.03984309623430963
9 0.2324557752341311 0.22306485355648537 0.04675338189386056 0.04757322175732217
9 0.24616024973985431 0.17596234309623432 0.0422996878251821 0.045638075313807536
9 0.2922268470343392 0.15489539748953976 0.03372528616024974 0.03426778242677824
9 0.2824557752341311 0.18968619246861926 0.03840790842872008 0.03967573221757322