9 0.3384728033472803 0.7692759706190976 0.06257322175732218 0.06165792235047219
9 0.4134832635983264 0.7749108079748164 0.0776255230125523 0.06867785939139559
9 0.4101673640167364 0.8618572927597062 0.055899581589958156 0.055120671563483735
9 0.4759100418410042 0.8625498426023085 0.05610878661087866 0.05935991605456453
9 0.5515481171548117 0.8856453305351522 0.06260460251046025 0.061521511017838405
9 0.5771757322175732 0.8099895068205666 0.05440376569037657 0.057890870933892974
9 0.5325 0.5856348373557188 0.049979079497907954 0.05792235047219308
9 0.5782949790794979 0.5877439664218258 0.04102510460251046 0.049349422875131166
9 0.5548744769874477 0.7223609653725078 0.0876673640167364 0.10842602308499476
9 0.6851778242677824 0.5335362014690451 0.056663179916317995 0.07301154249737671
9 0.7222071129707113 0.5903567681007346 0.06182008368200837 0.06878279118572928
9 0.4769142259414226 0.6178488982161594 0.054905857740585776 0.06696747114375656
9 0.4146129707112971 0.6395697796432319 0.050638075313807526 0.053609653725078706
9 0.3569142259414226 0.6943336831059812 0.05980125523012553 0.055204616998950684
9 0.2744246861924686 0.6023819517313747 0.1000836820083682 0.08857292759706191
9 0.4199163179916318 0.5047324239244491 0.05343096234309623 0.07647429171038825
9 0.3665899581589958 0.4883630640083946 0.06217573221757322 0.0891710388247639
9 0.30313807531380754 0.5314060860440714 0.06832635983263598 0.06307450157397691
9 0.38669456066945607 0.5999055613850998 0.042018828451882845 0.04387198321091291
9 0.35533472803347277 0.6053830010493179 0.07646443514644351 0.13575026232948584
9 0.18561715481171548 0.5422140608604408 0.05838912133891214 0.06338929695697797
9 0.6717259414225941 0.24951731374606506 0.062479079497907944 0.09344176285414481
9 0.7524267782426779 0.2736201469045121 0.05864016736401674 0.06402938090241343
9 0.8094037656903765 0.3226757607555089 0.05359832635983264 0.06103882476390347
9 0.7717468619246861 0.3479538300104932 0.04923640167364017 0.051647429171038824
9 0.7379811715481172 0.37368310598111226 0.04497907949790795 0.046663168940188876
9 0.5629707112970712 0.29373557187827914 0.05358786610878661 0.07958027282266528
9 0.593723849372385 0.25607555089192025 0.05883891213389121 0.061878279118572924
9 0.5401464435146444 0.18288562434417627 0.061841004184100413 0.06128016789087093
9 0.522071129707113 0.22763903462749213 0.08782426778242677 0.06377754459601259
9 0.480836820083682 0.26611752360965374 0.0857845188284519 0.05727177334732424
9 0.42448744769874475 0.30332633788037777 0.0625836820083682 0.06114375655823715
9 0.5088702928870293 0.35927597061909755 0.05790794979079498 0.06017838405036726
9 0.5520292887029289 0.4300314795383001 0.05654811715481172 0.07707240293809024
9 0.6153138075313808 0.3862014690451207 0.12076359832635984 0.07287513116474292
9 0.6409414225941422 0.45503672612801677 0.06471757322175732 0.0657292759706191
9 0.5885564853556485 0.46678908709338934 0.05200836820083682 0.050451206715634835
9 0.3350836820083682 0.3482161594963274 0.08768828451882844 0.08979013641133263
9 0.20685146443514643 0.4346274921301154 0.0574163179916318 0.08156348373557189
9 0.2567573221757322 0.4691500524658972 0.052541841004184096 0.08570828961175236
9 0.23922594142259412 0.39138509968520463 0.07646443514644351 0.0820881427072403
9 0.8660983263598326 0.670430220356768 0.05377615062761506 0.06409233997901365
9 0.6544351464435146 0.78196222455404 0.0596652719665272 0.04573976915005247
9 0.6518410041841004 0.8416054564533053 0.07081589958158996 0.07514165792235047
9 0.7047907949790795 0.8020776495278069 0.03809623430962343 0.07352570828961175
9 0.7626778242677824 0.7770619097586569 0.05163179916317991 0.04464847848898216
9 0.7901255230125523 0.7107240293809025 0.08542887029288702 0.11855194123819518
9 0.7853033472803347 0.5534312696747113 0.03980125523012552 0.037911857292759706
9 0.7845502092050209 0.6133263378803777 0.07179916317991632 0.09422875131164743
9 0.9070188284518829 0.4838929695697796 0.06740585774058577 0.06806925498426024
9 0.8588912133891213 0.5824134312696747 0.10635983263598327 0.16048268625393494
9 0.7281380753138076 0.41885624344176287 0.061945606694560666 0.0412906610703043
9 0.7140899581589958 0.4593913955928646 0.03880753138075314 0.04688352570828961
9 0.8557322175732218 0.4121196222455404 0.03899581589958159 0.04289611752360965
9 0.8306485355648536 0.45911857292759706 0.062280334728033473 0.06610703043022036
9 0.7782112970711297 0.46717733473242395 0.09137029288702929 0.08193074501573977
9 0.7957426778242678 0.4077649527806926 0.08426778242677825 0.07385099685204617
9 0.4569979079497908 0.6754564533053515 0.05243723849372385 0.056967471143756554
9 0.48823221757322177 0.7189821615949633 0.05065899581589958 0.08547743966421825