9 0.5957157390705883 0.34607785695370225 0.03310556809985582 0.03839274973004543
9 0.5281999197803143 0.3271311761312992 0.0502654146489413 0.05817383881565816
9 0.6608827573538433 0.33999147297128873 0.036477782140348275 0.036219216871767594
9 0.7008360200262916 0.3031136241265008 0.0307313502941161 0.03719025648404875
9 0.7238837760857344 0.42235959619874824 0.02555065715551082 0.02569436090114643
9 0.4588582870512663 0.6474447181069678 0.03779997152044486 0.03966137258567502
9 0.530934942607191 0.4821125532756696 0.03332169686341848 0.042938204275499846
9 0.527578635559508 0.5211683071085408 0.040902024606484 0.031806021545579134
9 0.6537125549070678 0.6399479559003655 0.03591204343272086 0.04868615206695107
9 0.736891140419862 0.4766344521693694 0.026980910917388867 0.03140924388778114
9 0.8176749751928061 0.6162505996776251 0.02555065715551082 0.02569436090114643
9 0.804686716444937 0.6476554714356008 0.03056925372144398 0.03378116557495797
9 0.7709121431458463 0.6926531897590167 0.03172934652886857 0.033814230379774234
9 0.7339639782802916 0.6830889211345698 0.042440342750143106 0.039793631804940846
9 0.6582893841399643 0.6996566440166812 0.032673310572730506 0.02930184063913647
9 0.9381880333654488 0.7995549897060533 0.02549662496462029 0.024557997264782794
9 0.705697489858599 0.7951982236130732 0.022960310586208444 0.019946413109695207
9 0.5020900930529469 0.8257093895241899 0.02180021777878385 0.019913348304878686
9 0.14075131225464416 0.6576700786006133 0.024282499966305097 0.023388568823602636
9 0.16294246376902305 0.6736226865806277 0.01815784278383814 0.016405062981338214
9 0.16442826304407981 0.49776737378520425 0.014515467788892433 0.012896777657797998
9 0.19560138067123226 0.48333574682674874 0.021908282160565177 0.02218607557760596
9 0.31240843587769124 0.5156029676332627 0.03229508523649599 0.021347295184590755
9 0.28009744364838574 0.45737345147407843 0.016997749976413547 0.01637199817652195
9 0.2966613368009494 0.4402557871826895 0.020640124971359256 0.019880283500062164
9 0.16209057113969652 0.4364202698239761 0.01953406435482539 0.020983582331609407
9 0.20243636684446437 0.41998043403132523 0.021800217778783916 0.019913348304878686
9 0.19933271446170062 0.40343703169441963 0.01953406435482539 0.02098358233160928
9 0.24541223361334039 0.3979414420688976 0.022960310586208444 0.019946413109695207