9 0.3152923076923077 0.6647527749747729 0.07372307692307692 0.06781029263370333
9 0.34348717948717944 0.6126236125126135 0.036564102564102564 0.03631685166498486
9 0.37417435897435897 0.6279212916246216 0.03263589743589743 0.03394550958627649
9 0.5102461538461539 0.6349747729566094 0.03733333333333333 0.037820383451059536
9 0.3325025641025641 0.5513622603430878 0.034194871794871795 0.03312815338042381
9 0.34844102564102564 0.5766599394550959 0.03443076923076923 0.03143289606458123
9 0.2561128205128205 0.7077093844601413 0.040871794871794875 0.03893037336024218
9 0.7882051282051282 0.6143895055499495 0.03523076923076923 0.05688193743693239
9 0.8801948717948719 0.5845509586276488 0.03551794871794872 0.05745711402623612
9 0.8441846153846154 0.48394550958627647 0.05207179487179488 0.04264379414732593
9 0.7958666666666667 0.4978102926337033 0.02283076923076923 0.02719475277497477
9 0.8164820512820513 0.5119778002018164 0.028358974358974356 0.027447023208879918
9 0.8139794871794872 0.45300706357214937 0.02711794871794872 0.03078708375378406
9 0.7122153846153846 0.47356205852674066 0.03228717948717949 0.04803229061553986
9 0.7515487179487179 0.4876589303733602 0.026615384615384614 0.0432694248234107
9 0.7599897435897436 0.5477800201816347 0.036564102564102564 0.04755802219979818
9 0.823548717948718 0.5729263370332996 0.04584615384615385 0.031937436932391525
9 0.619323076923077 0.5810090817356206 0.03796923076923077 0.03787083753784057
9 0.5827282051282051 0.6195660948536832 0.03555897435897436 0.03199798183652876
9 0.7214769230769231 0.5886881937436932 0.04387692307692308 0.030494450050454085
9 0.7159076923076922 0.6141271442986882 0.028492307692307692 0.027749747729566093
9 0.6922666666666667 0.6273763874873864 0.03133333333333333 0.03036326942482341
9 0.5543897435897436 0.21665993945509587 0.06004102564102564 0.04287588294651867
9 0.5292 0.25249243188698284 0.0813948717948718 0.04868819374369324
9 0.5865641025641025 0.25539858728557013 0.03418461538461538 0.04507568113017155
9 0.6853538461538462 0.29699293642785063 0.03190769230769231 0.03182643794147326
9 0.7302358974358975 0.3990716448032291 0.049948717948717955 0.03213925327951564
9 0.7519589743589743 0.3791019172552977 0.02885128205128205 0.0298284561049445
9 0.6601641025641025 0.397204843592331 0.03971282051282051 0.044873864783047425
9 0.6953435897435898 0.4232593340060545 0.037353846153846154 0.03710393541876893
9 0.6495076923076923 0.4286478304742684 0.03181538461538461 0.045923309788092836
9 0.7261538461538461 0.5243390514631685 0.04577435897435898 0.03648839556004036
9 0.6282153846153846 0.484117053481332 0.041148717948717946 0.028183652875882946
9 0.6815692307692307 0.4974167507568113 0.028317948717948717 0.046922300706357216
9 0.6492205128205129 0.5592028254288597 0.0252 0.046619576185671044
9 0.6607076923076923 0.6526437941473259 0.037599999999999995 0.03749747729566095
9 0.4279282051282051 0.7464883955600403 0.029835897435897436 0.0415438950554995
9 0.4060410256410256 0.702452068617558 0.06699487179487179 0.04768920282542886
9 0.22868717948717948 0.3807467204843592 0.0485025641025641 0.04634712411705348