9 0.3395337335042428 0.6057181493374388 0.04512633533941638 0.044954977291249726
9 0.5053659323542306 0.6143752782259939 0.03388328670051512 0.03544833458506547
9 0.4811099846363988 0.5641851291984856 0.03611648234991426 0.03665682247965108
9 0.5683069140565363 0.5372485151327683 0.03378052617797398 0.03082939694072367
9 0.5016060196479024 0.5850370577103152 0.030443577769193063 0.02959403230438805
9 0.46951096560034306 0.39135124192016896 0.02369261055972531 0.02365909979846033
9 0.18829576105415705 0.5113015914984346 0.03501272959053224 0.03662994573790093
9 0.7947831350618098 0.4480608533829349 0.024847743580377904 0.025995445362381242
9 0.6792786001469461 0.21024173189325063 0.02264023806161411 0.025941691878881214
9 0.6726684672270048 0.23463897660567046 0.022460407147167176 0.017858551001283064
9 0.6101628334585967 0.3665753091128299 0.026002876601030248 0.028331790926302287
9 0.617490444320456 0.40909890675986604 0.02261454793097876 0.024786957467795766
9 0.5290993852547458 0.46491731947359455 0.0237696809516311 0.02712330303171681
9 0.448472207842727 0.5684421963133688 0.02607994699293604 0.03179599415955864
9 0.45862388735859655 0.5831984146108541 0.02602856673166547 0.029486525337387735
9 0.7783933680912432 0.46577158230459254 0.021459414910326168 0.02245061190387472
9 0.42849228258876587 0.4004288222425195 0.024847743580377654 0.025995445362381242
9 0.4552649402509195 0.387081701918578 0.02043273254285006 0.025887938395381057
9 0.40207882532653877 0.42242301227872686 0.019200529130291927 0.020087389598203793
9 0.5217121633559724 0.17714704317965055 0.022537477539072842 0.021322754234539415