9 0.6767372881355933 0.5466246056782335 0.02875 0.029852786540483702
9 0.764385593220339 0.5674658254468979 0.028146186440677966 0.031335436382754996
9 0.6480614406779661 0.5936382754994742 0.022139830508474574 0.02459516298633018
9 0.639989406779661 0.5740483701366982 0.020752118644067796 0.023301787592008412
9 0.6234745762711864 0.5606940063091483 0.030317796610169492 0.028412197686645636
9 0.3054555084745763 0.5247844374342797 0.02962923728813559 0.03742376445846478
9 0.33185381355932203 0.4793796004206099 0.02551906779661017 0.027160883280757095
9 0.4300847457627119 0.7192323869610936 0.030752118644067798 0.046898002103049424
9 0.453135593220339 0.7041219768664564 0.020847457627118645 0.0223869610935857
9 0.5645762711864407 0.6856677181913775 0.037658898305084745 0.047097791798107254
9 0.6796080508474576 0.6425552050473187 0.024576271186440676 0.02705573080967403
9 0.596197033898305 0.7161934805467929 0.02789194915254237 0.02997896950578339
9 0.5806779661016949 0.7728180862250263 0.023866525423728815 0.04679284963196635
9 0.615656779661017 0.7699684542586751 0.02284957627118644 0.02512092534174553
9 0.47097457627118644 0.7514195583596215 0.06219279661016949 0.056277602523659306
9 0.4849364406779661 0.7191377497371187 0.02850635593220339 0.027308096740273395
9 0.5558474576271186 0.7600105152471083 0.020190677966101692 0.025173501577287066
9 0.5546610169491526 0.7876550998948475 0.023559322033898305 0.024553101997896953
9 0.5963771186440678 0.8186645636172449 0.03341101694915254 0.03808622502628812
9 0.7423411016949152 0.7693796004206098 0.02760593220338983 0.026235541535226076
9 0.7671292372881355 0.713459516298633 0.02891949152542373 0.0319348054679285
9 0.6589830508474577 0.726161934805468 0.02643008474576271 0.025394321766561513
9 0.6840254237288136 0.7281808622502629 0.024639830508474576 0.02713985278654048
9 0.665656779661017 0.7520084121976867 0.024830508474576272 0.023449001051524712
9 0.6771822033898305 0.7723449001051524 0.02222457627118644 0.026035751840168247
9 0.6604661016949153 0.7689589905362776 0.02077330508474576 0.01967402733964248
9 0.6777436440677965 0.41011566771819136 0.039841101694915254 0.02997896950578339
9 0.6723305084745762 0.3798317560462671 0.026832627118644065 0.02664563617245005
9 0.6688135593220339 0.4546792849631966 0.03945974576271186 0.03497371188222923
9 0.6504661016949153 0.5005573080967403 0.026938559322033897 0.038107255520504736
9 0.6507097457627119 0.4729863301787592 0.029904661016949153 0.020399579390115666
9 0.6174470338983051 0.47449001051524714 0.024120762711864405 0.023406940063091485
9 0.5695762711864406 0.46485804416403786 0.025381355932203392 0.02625657202944269
9 0.5741207627118644 0.42438485804416404 0.03970338983050847 0.02814931650893796
9 0.6340783898305086 0.411608832807571 0.03685381355932203 0.0646267087276551
9 0.5959322033898304 0.3626498422712934 0.026525423728813557 0.03697160883280757
9 0.4372033898305085 0.3604626708727655 0.03808262711864407 0.037802313354363834
9 0.3628707627118644 0.4207255520504732 0.02859110169491525 0.028696109358569925
9 0.3857415254237288 0.7706729758149317 0.0348728813559322 0.032008412197686645
9 0.3934851694915254 0.7337854889589905 0.04001059322033899 0.033743427970557315
9 0.3863877118644068 0.6590536277602523 0.02252118644067797 0.02159831756046267
9 0.3825529661016949 0.6769821240799159 0.024226694915254237 0.01913774973711882
9 0.40213983050847457 0.6800946372239748 0.02481991525423729 0.028990536277602525
9 0.43439618644067796 0.6868559411146162 0.021779661016949153 0.021766561514195582
9 0.3339406779661017 0.666372239747634 0.021218220338983053 0.02270241850683491
9 0.35435381355932205 0.6786330178759201 0.020233050847457627 0.020988433228180864
9 0.3353813559322034 0.6973396424815983 0.03590042372881356 0.03441640378548896
9 0.34372881355932206 0.7314511041009464 0.03891949152542373 0.03290220820189274
9 0.38248940677966103 0.7013774973711883 0.06110169491525424 0.03039957939011567
9 0.6173093220338983 0.6467297581493164 0.032383474576271186 0.027739221871713984
9 0.6157097457627119 0.6108307045215562 0.02235169491525424 0.021482649842271294
9 0.5879237288135594 0.5938380651945321 0.03524364406779661 0.030220820189274446
9 0.5398305084745763 0.6281072555205047 0.023665254237288134 0.022534174553102
9 0.7164088983050847 0.6573396424815983 0.027055084745762712 0.026235541535226076
9 0.761822033898305 0.4774763406940063 0.029120762711864406 0.027960042060988434
9 0.7674152542372882 0.4358885383806519 0.024576271186440676 0.027066246056782334
9 0.8094809322033898 0.46599369085173503 0.028792372881355933 0.026529968454258677
9 0.8455720338983052 0.43901156677181913 0.0274364406779661 0.02740273396424816
9 0.7853177966101695 0.5077917981072555 0.02893008474576271 0.027413249211356468
9 0.5249364406779661 0.7143007360672975 0.0243114406779661 0.02284963196635121
9 0.5089618644067796 0.701030494216614 0.023548728813559322 0.022681388012618296
9 0.4877542372881356 0.6789800210304943 0.04001059322033899 0.042050473186119874
9 0.5237182203389831 0.6867718191377498 0.03348516949152542 0.030662460567823343
9 0.575582627118644 0.6206203995793902 0.05533898305084746 0.02509989484752892
9 0.6654025423728813 0.6680441640378548 0.029936440677966105 0.02900105152471083
9 0.628739406779661 0.6906309148264984 0.02361228813559322 0.0246267087276551
9 0.6499894067796611 0.6440904311251314 0.030953389830508472 0.03804416403785489
9 0.30322033898305084 0.5866876971608833 0.029247881355932204 0.027497371188222923
9 0.268771186440678 0.5685068349106204 0.02459745762711864 0.02423764458464774
9 0.24439618644067798 0.5933859095688748 0.023802966101694915 0.02395373291272345
9 0.2754978813559322 0.5060147213459517 0.0231885593220339 0.025131440588853835
9 0.2758156779661017 0.48125131440588853 0.01986228813559322 0.022407991587802312
9 0.25747881355932206 0.46783385909568875 0.019883474576271185 0.02139852786540484