9 0.4685345717234262 0.5815139031925849 0.03922600619195046 0.04069001029866117
9 0.3214035087719298 0.7571163748712667 0.04444788441692466 0.04312049433573635
9 0.28533539731682145 0.42218331616889804 0.04847265221878225 0.057250257466529356
9 0.2939525283797729 0.47359423274974255 0.04121775025799793 0.031132852729145212
9 0.2556449948400413 0.46817713697219365 0.03941176470588235 0.0637384140061792
9 0.47207430340557277 0.371513903192585 0.05747162022703818 0.03732234809474769
9 0.5063673890608875 0.42051493305870236 0.03767801857585139 0.06203913491246138
9 0.5217234262125903 0.46693099897013385 0.0520639834881321 0.04732234809474769
9 0.6711764705882353 0.2697013388259526 0.07899896800825593 0.0549124613800206
9 0.5069143446852425 0.24105046343975284 0.05643962848297213 0.051894953656024714
9 0.4481217750257998 0.30536560247167865 0.0395046439628483 0.05973223480947477
9 0.6410732714138287 0.7570030895983522 0.040546955624355 0.06188465499485067
9 0.4099277605779154 0.30784757981462413 0.03925696594427244 0.04028836251287332
9 0.4666150670794633 0.7771266735324408 0.038441692466460266 0.07846549948506694
9 0.5352425180598555 0.8007415036045314 0.05113519091847265 0.06086508753861998
9 0.13693498452012384 0.661967044284243 0.0388235294117647 0.043089598352214216
9 0.5468937048503613 0.41225540679711636 0.039133126934984525 0.04507723995880536
9 0.4029308565531476 0.41801235839340883 0.03667698658410733 0.039474768280123584
9 0.7253353973168215 0.44559217301750775 0.04821465428276574 0.04722966014418126
9 0.768421052631579 0.5000514933058703 0.04203302373581011 0.04160659114315139
9 0.7527760577915378 0.5471266735324408 0.052961816305469554 0.0501750772399588
9 0.64671826625387 0.554346035015448 0.04535603715170279 0.04486096807415036
9 0.5968524251805986 0.5625437693099897 0.047203302373581016 0.04678681771369722
9 0.5236738906088751 0.5917198764160658 0.04069143446852425 0.045880535530381045
9 0.645593395252838 0.601956745623069 0.04045407636738906 0.03871266735324408
9 0.5113931888544891 0.6885066941297631 0.04515995872033023 0.04460350154479918
9 0.5961609907120743 0.747816683831102 0.04713106295149639 0.04867147270854789
9 0.3878224974200207 0.6201338825952626 0.038142414860681116 0.05266735324407827
9 0.4769143446852425 0.5033058702368692 0.03668730650154799 0.03890834191555098
9 0.3240247678018576 0.6516992790937177 0.058307533539731685 0.04208032955715757
9 0.3213725490196079 0.6859835221421215 0.03538699690402477 0.03155509783728115
9 0.28716202270381835 0.6094026776519053 0.02811145510835913 0.029907312049433574
9 0.41726522187822496 0.3537281153450052 0.04027863777089783 0.04389289392378991
9 0.5048090815273478 0.29702368692070036 0.039907120743034055 0.038434603501544796
9 0.6530650154798762 0.3453553038105046 0.04352941176470588 0.04557157569515963
9 0.4507120743034056 0.2411534500514933 0.057048503611971106 0.08731204943357364
9 0.36786377708978324 0.25703398558187435 0.04835913312693498 0.045355303810504635
9 0.5963467492260062 0.6851287332646756 0.03726522187822497 0.03737384140061792
9 0.6017543859649123 0.6513594232749743 0.04520123839009288 0.040041194644696194
9 0.6356759545923633 0.6403295571575695 0.03786377708978328 0.037209062821833165
9 0.6972858617131062 0.6794026776519053 0.039349845201238395 0.03842430484037075
9 0.6644272445820434 0.6703913491246138 0.03370485036119711 0.0392173017507724