9 0.5982912032355916 0.5814802981895634 0.04924165824064712 0.05371671991480298
9 0.5552072800808898 0.7482002129925452 0.04155712841253792 0.049925452609158684
9 0.5681900910010111 0.42650692225772097 0.031071789686552075 0.031309904153354634
9 0.5442264914054601 0.4355697550585729 0.0275530839231547 0.02471778487752929
9 0.5324165824064712 0.4596059637912673 0.030758341759352884 0.030425985090521832
9 0.5492922143579373 0.48694355697550584 0.04276036400404449 0.05685835995740149
9 0.38963599595551063 0.5223429179978701 0.02171890798786653 0.03850905218317358
9 0.40540950455005054 0.5528434504792332 0.019625884732052578 0.02096911608093717
9 0.3878665318503539 0.5526837060702876 0.018179979777553083 0.021512247071352502
9 0.43135490394337717 0.5712886048988286 0.01884732052578362 0.019882854100106498
9 0.39518705763397366 0.599552715654952 0.020262891809909 0.02082002129925453
9 0.49030333670374115 0.3860276890308839 0.026137512639029324 0.028881789137380192
9 0.36911021233569263 0.1940468583599574 0.024580384226491406 0.030745473908413208
9 0.3869565217391304 0.20780617678381255 0.02453993933265925 0.023556975505857294
9 0.19588473205257836 0.36424920127795524 0.01891809908998989 0.022481363152289668
9 0.21345803842264915 0.36717784877529286 0.018645096056622852 0.017199148029818954
9 0.3400505561172902 0.39140575079872203 0.022992922143579373 0.024568690095846647
9 0.35527805864509604 0.3790415335463259 0.019079878665318503 0.020021299254526094
9 0.20217391304347826 0.5271033013844515 0.02159757330637007 0.022332268370607027
9 0.37017189079878665 0.632332268370607 0.018928210313447925 0.017859424920127796
9 0.32664307381193125 0.8195314164004259 0.03239635995955511 0.036687965921192764
9 0.34562184024266934 0.8107135250266241 0.014782608695652174 0.016570820021299254