9 0.5636761040570307 0.23106937049772308 0.044750347289421476 0.046618167907158954
9 0.48717935565600473 0.3084727788631672 0.043400312560479444 0.04210190033065483
9 0.4946622665885959 0.20575445173336906 0.0717700248755065 0.052330018314687976
9 0.4538766601242671 0.16402104026562053 0.0320056349743943 0.037117795994184376
9 0.41385143438614314 0.1367965573693006 0.03987662579948698 0.038597740458285124
9 0.3771190758862293 0.2257734576999554 0.04985803207972671 0.059102881070318566
9 0.2977926410959241 0.2171613932720718 0.04216725948172252 0.0398177756112935
9 0.2925561102759073 0.25600373966220613 0.035295358435015904 0.036157670152268374
9 0.21489666400074348 0.27919971094860824 0.03558781256047932 0.04173802729512551
9 0.17294201193624437 0.34324694065417055 0.037995427892900224 0.045190205305276746
9 0.2141441728039377 0.3609068436143056 0.03893602684619361 0.041893972881780935
9 0.25813651224305956 0.37843679191889457 0.04110967887824378 0.040881865177646456
9 0.3527417478346192 0.3583673426992154 0.05608653405041381 0.05048620081505791
9 0.41781694611291914 0.2658327620248468 0.041226660528429146 0.04311400803478931
9 0.41720753820125644 0.23285667301977117 0.03646992068868001 0.037325723443058276
9 0.4294353245940705 0.18865412309664537 0.036703883989050744 0.04179000915734399
9 0.6540462714828648 0.23692947344627915 0.04210876865662984 0.03870170418272207
9 0.7796533065186223 0.2747122633854239 0.06518583220245285 0.07540364527915866
9 0.8169199719737692 0.291996067149038 0.03294623392768768 0.033821563570688565
9 0.8228465283153719 0.3196899254144498 0.03394532370607374 0.031641402575764185
9 0.7794343513753662 0.3345780304006508 0.043458803385572 0.04321797175922626
9 0.7897350843177104 0.3710185235768694 0.04116816970333659 0.04199793660621788
9 0.6783880063958961 0.2637656309850862 0.04110967887824403 0.040881865177646456
9 0.4610544214793299 0.3756985124976709 0.038702063545823 0.03742968716749522
9 0.42252783040878505 0.34504784252230897 0.03412079618135179 0.034989616861478466
9 0.3925986197251809 0.3503576028022076 0.03593875751103542 0.04843445586655409
9 0.3580810230493899 0.3855291561814508 0.03277076145240976 0.03047334928497428
9 0.38738421568999465 0.4216439934142411 0.03294623392768768 0.0338215635706887
9 0.37140115211172275 0.4475613194214845 0.03294623392768768 0.0338215635706887
9 0.43287518979669565 0.43574775463978804 0.045632455417622175 0.04220586405509178
9 0.45981424977285734 0.40540436001035995 0.03417928700644447 0.0361056882900499
9 0.6644963752655292 0.3936335454361279 0.05755355042954134 0.05723461124870496
9 0.6294816065764504 0.4193184916725139 0.03294623392768768 0.033821563570688565
9 0.6230436409661283 0.4459100432794717 0.031713180848930884 0.03153743885132724
9 0.6703035770810413 0.4297239303469347 0.03294623392768768 0.033821563570688565
9 0.6971967815133199 0.47322318652098555 0.03506139513464517 0.031693384437982655
9 0.6840576415797587 0.5213839683063298 0.03294623392768768 0.033821563570688565
9 0.66196068480508 0.5694025692751361 0.039818134974394424 0.03748166902971369
9 0.7054850976434605 0.5780039461511536 0.03406230535625911 0.03387354543290704
9 0.7269607821269505 0.5501526036899607 0.039818134974394424 0.03748166902971369
9 0.7198596635316835 0.5213946558581959 0.038702063545823 0.03742968716749522
9 0.7158727959217602 0.4880164767254899 0.04439940233886525 0.03992173933573032
9 0.5896816235367593 0.5671750422453703 0.04175307795426316 0.05315865089193217
9 0.6219480943481654 0.6171368086108665 0.03922848097165702 0.04747433002463808
9 0.5210187310188806 0.5485565520524448 0.03893602684619361 0.041893972881780935
9 0.4810448774781336 0.5543341490923097 0.03417928700644447 0.0361056882900499
9 0.7325561474269222 0.6142227471083809 0.04210876865662984 0.038701704182722195
9 0.5984157394828108 0.6484403290822106 0.035236867609923096 0.03504159872369682
9 0.6041059596481375 0.6822985711358747 0.04598340036817815 0.04890229262652035
9 0.507217209002058 0.6694699041438058 0.029598019641973394 0.03366561798403315
9 0.5324339334155743 0.7236758026137221 0.035236867609923346 0.03504159872369682
9 0.5623362715625374 0.707179337117 0.03523686760992322 0.03504159872369682
9 0.5405191336321123 0.6858195729966131 0.052738319764699525 0.05033025522840262
9 0.6842805114022864 0.7070936712780439 0.033121706402965856 0.03716977785640298
9 0.7148238757493638 0.7135026609981452 0.040992697228058414 0.038649722320503344
9 0.7677250327081319 0.6875440406805495 0.04780610744967235 0.041193756350957296
9 0.5326244140479671 0.791354069628949 0.035295358435015904 0.03615767015226824
9 0.453885260384494 0.783274049984242 0.03306321557787305 0.03605370642783155
9 0.42997746090784733 0.7860657671647961 0.03206412579948698 0.03823386742275581
9 0.4463580958822416 0.8211042886702417 0.03417928700644447 0.0361056882900499
9 0.47640191534012594 0.8286553407500238 0.03188865332420893 0.03488565313704152
9 0.39987040487305986 0.7986559826615183 0.038819045196008366 0.03966183002463808
9 0.4026534648167726 0.8304120365135856 0.03641142986358733 0.036209652014486844
9 0.36641038880074756 0.8326594827499715 0.04786459827476503 0.04230982777952873
9 0.33455098088908486 0.8011388858870132 0.03271227062731695 0.02935727785640298
9 0.31232440718301113 0.7719666217666262 0.03159619919874552 0.02930529599418438
9 0.27535731448104334 0.7283771666382559 0.07428513035449173 0.1003210897432594
9 0.199174376088628 0.7157029066237168 0.0438097483361281 0.04991440033065483
9 0.2819264989969822 0.6402457408732142 0.03288774310259506 0.032705492142117265
9 0.2776621854187104 0.6656172573271635 0.037819955417622175 0.04184199101956259
9 0.32387403243376556 0.6080845196752652 0.03776146459252949 0.04072591959099116
9 0.33216157766222276 0.5847632095606938 0.031713180848930884 0.03153743885132724
9 0.35220423693094205 0.5295681170995009 0.04404371163649883 0.05437868604494055
9 0.303613249094329 0.4563125701596683 0.03406230535625911 0.03387354543290704
9 0.2745732651666413 0.4252200543554494 0.05679316970333646 0.042725682677276514
9 0.22933600826923636 0.45865329256862514 0.030480127770174153 0.029253314131965906
9 0.1481015030357033 0.44565491521978345 0.032829252277502316 0.03158942071354571
9 0.16994551350276943 0.47820138455699396 0.038702063545822875 0.03742968716749522
9 0.19602221925965577 0.4954469712285069 0.034003814531166486 0.03275747400433561
9 0.2730603932436307 0.4924182584497182 0.03188865332420893 0.03488565313704152
9 0.21974191097981488 0.414348317530188 0.05068164938283472 0.05357450578967996
9 0.1827289627339639 0.4446015132052966 0.03412079618135179 0.034989616861478466
9 0.20860332347893115 0.44731218037427184 0.03752750129215876 0.03626163387670532
9 0.2574156393347054 0.4500732907963399 0.03065560024545214 0.032601528417680194
9 0.2338200478924474 0.5015180788441882 0.07605409236270365 0.07034310675848625
9 0.23598420842087656 0.542812721701331 0.028189494087938614 0.028033278978957528
9 0.19600560912831902 0.5698476577462716 0.0708879167473058 0.05674232216675522
9 0.2528643882844639 0.576709180847096 0.030597109420359456 0.03148545698910864
9 0.2643420563563774 0.6035850940871298 0.02948103799178803 0.031433475126890285
9 0.25323271426804006 0.6371069926454993 0.03605573916122078 0.05066659872369682
9 0.1894142978275495 0.6255350392894142 0.13289151563570126 0.1776449867062502
9 0.12020760685081663 0.5431705230123712 0.029539528816880774 0.03254954655546172
9 0.10100280214063688 0.5289612594532617 0.03523686760992325 0.03504159872369694
9 0.8762796193534678 0.41062067869366065 0.03881904519600811 0.03966183002463808
9 0.792409052140637 0.4967584958089198 0.09925288331052227 0.08812381543142703
9 0.748338467967497 0.4350397623513225 0.06689155763376167 0.06546296614645275
9 0.7250542534870891 0.8019704302584815 0.03294623392768768 0.0338215635706887
9 0.6587918576739155 0.8184821991344469 0.039993607449672605 0.040829883315427855
9 0.5791002406776228 0.8669457231503613 0.03987662579948698 0.038597740458285
9 0.4604480971744004 0.8551307024715528 0.03506139513464517 0.03169338443798253
9 0.38743315484061086 0.8602096215897197 0.038585081895637634 0.035197544310352366
9 0.4060190601355069 0.8839574741539049 0.034003814531166555 0.03275747400433561