9 0.14432551946303768 0.5692092654464462 0.059849839657963526 0.05641902601225381
9 0.11807350331472799 0.5054250983423254 0.04816829952701054 0.05138522080980316
9 0.14329187940822335 0.467559501381005 0.05515585858331272 0.053942540968310665
9 0.13216018940717786 0.42346411810456414 0.05270204293463926 0.050389483631524214
9 0.04853727457124926 0.43681105767418416 0.054169307259509115 0.05737434563325071
9 0.09088676744212286 0.4618955608678342 0.05520927113898675 0.05509994837571807
9 0.0038808930740512736 0.6398166488543576 0.007761786148102547 0.053012937150822066
9 0.2044062298845394 0.6566449563127219 0.051768904166509686 0.05497869570387153
9 0.15087629233695274 0.7249742547590609 0.054115894703835085 0.056216938225843296
9 0.18127560134233742 0.7857234418941759 0.05646288524116043 0.05745518074781507
9 0.2357732037282288 0.8080687459215489 0.05046187750866191 0.05146605592436725
9 0.3367503713012267 0.7039792266654067 0.04592813410103312 0.0524617931026462
9 0.35117475326856273 0.7635581484913601 0.09953502856979922 0.07283951925614192
9 0.28807473748380386 0.5554765152306262 0.07603999787487409 0.0847222320346993
9 0.239364492607715 0.5317717160094353 0.04566107132266311 0.046674756065609294
9 0.41504002033907295 0.4712705167116878 0.04790123674864033 0.045598183772766115
9 0.3496227972186664 0.42504404148022146 0.051555253943813634 0.05034906607424203
9 0.4190192557367877 0.385043664859836 0.05144842883246545 0.04803425125942735
9 0.3384109883841099 0.38268476931489176 0.06427675795424413 0.05310847401916005
9 0.2752449123943504 0.37451127707738247 0.05665141014218544 0.08634994837571794
9 0.22581359801666215 0.36643147785619157 0.06206487976226971 0.07960759171768428
9 0.16312507311563726 0.39752900235596983 0.025364470143515994 0.028626546480702147
9 0.25159746382474124 0.4527648806261158 0.0864427985819821 0.11166594286332646
9 0.297976442736672 0.44015280796446077 0.03971347614583856 0.041843038649569016
9 0.31622922318320473 0.4787973525638756 0.06262413064068109 0.06691652779348484
9 0.4862855358526114 0.2919642177278381 0.06235706786231108 0.06112949075644781
9 0.38468946600935583 0.273012144660143 0.04910143829514017 0.046796008737455576
9 0.3670917798479128 0.20776743846899884 0.05030163984163976 0.04799383370214517
9 0.3563999529530951 0.16654536493243544 0.04086026513666425 0.0418834562068512
9 0.308567853333296 0.1734310268929766 0.048114886971336444 0.050227813402395745
9 0.6226120745793453 0.20338395282471672 0.04686127286916296 0.047872581030298754
9 0.596766891434763 0.2424271659720856 0.04686127286916296 0.047872581030298816
9 0.6206169235339074 0.3334508247075626 0.05481025792759739 0.07126323452213959
9 0.5713709721449124 0.34616394126242295 0.04598154665670728 0.05361920051005374
9 0.3246668260235347 0.32077082389548245 0.0676919996050501 0.07749486468927998
9 0.2756219621964002 0.3167217418215763 0.03845986204366481 0.03948780627747216
9 0.45396636677831165 0.6449606190853432 0.05766308678766027 0.05865300571250453
9 0.4178975070791423 0.6202325230303453 0.06558378461209204 0.05662111379866459
9 0.3687960687840022 0.667028531767801 0.06241048041798498 0.062286898163855214
9 0.26449326413070434 0.6447052803710889 0.08865467677395665 0.08516682516480237
9 0.5529248389403663 0.6218289920117965 0.06465064584396246 0.061210325871011904
9 0.4781635804893372 0.7284611296726722 0.09718803803247394 0.07160127673417041
9 0.5707864259678479 0.7309743445698579 0.05832916277741971 0.04827675660311991
9 0.49613515454049845 0.7856039840119644 0.08662816157067542 0.09087302708727531
9 0.6258920339078182 0.6285015276050003 0.10126935567303909 0.08561141829490572
9 0.7529625609182696 0.5668245559732241 0.044460869776163266 0.04547693110091971
9 0.6449272011924534 0.526144456287122 0.050942590509728096 0.061882722591034056
9 0.6391979991068224 0.4518150189676012 0.05307593082435752 0.05849133548337607
9 0.6782862491577399 0.3863057548021034 0.05608899735144236 0.049353328895963215
9 0.6064375559471109 0.4050153470572983 0.049208263406488234 0.049110823552270394
9 0.6907516720944701 0.42630979459533624 0.07657096151928253 0.04660862270481895
9 0.7295288475598475 0.42956522727737395 0.03595263383931733 0.03477734153327816
9 0.7217259565514336 0.462194931249833 0.057795037220679295 0.036702682529045835
9 0.6814532295271835 0.49134690597520275 0.04184681646046798 0.03845165154191116
9 0.7082943647440734 0.517555749895865 0.04075344002531619 0.039568641392036384
9 0.7474721343770059 0.5121306270223471 0.044514282331837164 0.046634338508327114
9 0.7274819499033924 0.3250623622506963 0.04488817022155549 0.05473619036017897
9 0.745307429904533 0.3729661661093704 0.07481150909437144 0.05810186166432879
9 0.6631549413058059 0.32964056027330957 0.05870305066713764 0.056378608454971765
9 0.6486095906101204 0.28508772596501136 0.04910143829514017 0.046796008737455645
9 0.41529460544509855 0.24246760806056014 0.057823324454682225 0.06212522793472675
9 0.531173706074167 0.23722802736765908 0.058756463222811806 0.05753601586237917
9 0.48074169675567374 0.2384276961843685 0.0782518760668485 0.058223114336175205
9 0.5832269785483799 0.11406333851995563 0.049208263406488234 0.049110823552270456