9 0.5227860443673582 0.45817515366123535 0.06219817203639383 0.06141278470286938
9 0.4311700373139042 0.5210769909072313 0.0643959742341959 0.061438471355119026
9 0.543114062998439 0.5148000842252812 0.05544489166145693 0.055816960949210945
9 0.5984529227050722 0.5467250459838688 0.08921129353614156 0.08379607971750284
9 0.46127348039858657 0.11827106371978614 0.13331545188922067 0.1273433270522649
9 0.535811134579683 0.1488675145118075 0.061131245693798686 0.06250369413612646
9 0.55731799120043 0.20823898364818327 0.06313719935376462 0.055906864232084706
9 0.5898223147975041 0.3436666465729115 0.055221068367314566 0.04809069163353766
9 0.6475567049320234 0.36341821966298615 0.05363078653932751 0.06903630740954408
9 0.7401084359056692 0.408709839488666 0.07803043400929405 0.07704512989996336
9 0.35885205240101054 0.47223651127009647 0.10545922734102053 0.11377721078656176
9 0.3459983978603425 0.3890251895349489 0.044168107865691406 0.04575475285352575
9 0.3549729992020716 0.31936033243264117 0.06662575118830431 0.06256791076675057
9 0.45240325931309167 0.26743180614984025 0.06274174289359692 0.08017658161236164
9 0.7901479420528124 0.33359647023945904 0.07266382754001265 0.08139592430686689
9 0.4196115578980003 0.8430649434634261 0.06555882484570917 0.06365882020000758
9 0.08714086075582166 0.6553847292328 0.07466978119997864 0.07479909440282514
9 0.16637365152377198 0.6583231444096497 0.08581866597051993 0.08044629146098276
9 0.13976186617643965 0.5934907064439261 0.05825021422907427 0.07681395002971667
9 0.05894632497133927 0.5359165296776723 0.08937116731767172 0.08931484351441246
9 0.09863631525559256 0.4830066488773515 0.054441914831473995 0.05911537590123188
9 0.17378221690861453 0.3258944922807636 0.044615754453976246 0.061207291484872334
9 0.1628975861758378 0.4055188108697581 0.07048624071402164 0.11998874090685893
9 0.11517532526440512 0.4088368774546424 0.07059392436743486 0.08578524869214484
9 0.08039583887383218 0.3656303649058644 0.058581721176629915 0.05033672713067598
9 0.09791007894997962 0.3251250526443032 0.07861773900729817 0.059397929075977865
9 0.24541532085599643 0.4459591332133428 0.07088169717418945 0.09571902352658193
9 0.30886400927987423 0.795777733000042 0.11419824600411217 0.07415770138393664
9 0.5608817223243351 0.7486672359529954 0.10547098672551543 0.07626246029370184
9 0.6644551661454083 0.5862542654599439 0.057642693859259124 0.05584264760146059
9 0.6761417420809052 0.6291786114776522 0.06856775533565794 0.0537635753439449
9 0.493046810088648 0.6269020142399067 0.08188246754769547 0.05833270629497062
9 0.5510546373503582 0.5991729536873724 0.06458782277203241 0.06806098791141053
9 0.48964995452936844 0.5855369724153351 0.053055240925818335 0.04916875774066991
9 0.4233944893336524 0.6321325764863601 0.05980852130075524 0.05476458149432822
9 0.33011559745791463 0.2771419827081216 0.050953362996934266 0.05245432936656602
9 0.27127127394210965 0.0862637802724159 0.1893913826894828 0.1291020894440125
9 0.1917953691046849 0.18877228359491188 0.05350288751410323 0.06462129637201648
9 0.24411096264180582 0.17325514168926498 0.058837519227078354 0.05916674920573117
9 0.38323313619775556 0.3841735054091775 0.045426882746122686 0.05128635997656
9 0.4027171271839048 0.29782392365489313 0.05117718629107675 0.060180598682239246
9 0.5314190310756262 0.3956911111579724 0.07063765850823579 0.04937425095866708
9 0.4557606087252281 0.38332584588493956 0.07760300279282027 0.10021109452085845
9 0.49739848284908267 0.30279003778475927 0.0826498616990408 0.08482277252013594
9 0.4417542112589523 0.31724195690939866 0.04077548030006985 0.042404964597005525
9 0.5537739458405943 0.27563211860110315 0.1208118679693297 0.11285326459292726
9 0.6266356991050597 0.7037336826841057 0.17407071681747946 0.13112978839702866
9 0.496517722846445 0.6897966565354877 0.10924731136680978 0.09285728166280473
9 0.4484564235966198 0.795250383341572 0.1655353060767191 0.1398570638630855
9 0.35844080605705836 0.8564773264593076 0.05893344349599649 0.06247800748387687
9 0.29694019896715046 0.8395300869091247 0.0463659100634936 0.0457804395057754
9 0.2850474388142537 0.732568815858079 0.10547098672551543 0.07626246029370184
9 0.2203839071451142 0.7013048987512436 0.04303723201048422 0.04463815676801909
9 0.26986808305055915 0.6449681697376537 0.11186078539659072 0.10723175418701918
9 0.3069605866831845 0.5782870660973086 0.09569701647613486 0.11807663188896589
9 0.29131171726080457 0.4934522235384003 0.03977250347008701 0.04570337954902646
9 0.1854631106462325 0.7480863444074023 0.055412916905150836 0.05471320818982917
9 0.19627460877697064 0.7987498030669086 0.05098533775324036 0.05355808212594798
9 0.24321183646031536 0.8252523259745228 0.0396126296885567 0.04018461575211709
9 0.23551530077434962 0.7872499157325961 0.04639788481979963 0.0468841922651573