9 0.2829467084639498 0.5087866108786611 0.03657262277951933 0.038002092050209206
9 0.45147335423197493 0.5360460251046025 0.02800417972831766 0.03238493723849373
9 0.17308254963427375 0.45643305439330545 0.04320794148380355 0.0405020920502092
9 0.2277951933124347 0.4612238493723849 0.031619644723093 0.031767782426778246
9 0.2260083594566353 0.4324476987447699 0.03326018808777429 0.036098326359832636
9 0.44343782654127484 0.30646443514644356 0.0387251828631139 0.03765690376569038
9 0.4064158829676071 0.30130753138075317 0.02359456635318704 0.023127615062761505
9 0.4271682340647858 0.20544979079497908 0.04322884012539185 0.04957112970711297
9 0.5872413793103448 0.3224058577405858 0.018390804597701153 0.01984309623430962
9 0.6040020898641588 0.32698744769874477 0.021285266457680252 0.019728033472803348
9 0.5778683385579937 0.3426046025104602 0.038338557993730406 0.032437238493723854
9 0.5315673981191222 0.36239539748953975 0.023155694879832812 0.02042887029288703
9 0.5454858934169279 0.5330648535564854 0.017335423197492164 0.01832635983263598
9 0.519007314524556 0.5509309623430962 0.02496342737722048 0.02878661087866109
9 0.7806060606060605 0.589560669456067 0.020094043887147337 0.018891213389121336
9 0.8018704284221525 0.6707531380753138 0.016091954022988506 0.018263598326359834
9 0.5558725182863115 0.7086610878661088 0.041619644723093 0.022290794979079497
9 0.5254336468129571 0.716234309623431 0.016917450365726228 0.0149163179916318
9 0.575141065830721 0.5868828451882845 0.024284221525600835 0.021527196652719665
9 0.5940647857889237 0.5806589958158996 0.013510971786833855 0.02382845188284519
9 0.6146917450365726 0.595836820083682 0.017826541274817136 0.01698744769874477
9 0.6165726227795193 0.5765167364016737 0.026812957157784745 0.02117154811715481
9 0.6786102403343782 0.5905020920502092 0.02043887147335423 0.014654811715481171
9 0.337742946708464 0.7542468619246862 0.02895506792058516 0.026202928870292887
9 0.2892163009404388 0.7362238493723849 0.03165099268547544 0.0319142259414226
9 0.337889237199582 0.7815899581589959 0.03468129571577847 0.030052301255230125
9 0.36931034482758623 0.7814853556485356 0.023970741901776386 0.037102510460251044
9 0.6048066875653082 0.87831589958159 0.027199582027168236 0.02893305439330544
9 0.6924033437826541 0.881234309623431 0.0203239289446186 0.021705020920502093
9 0.23110762800417972 0.5367259414225941 0.03082549634273772 0.02547071129707113
9 0.7728526645768025 0.26965481171548117 0.026415882967607107 0.025460251046025104
9 0.7588505747126437 0.370397489539749 0.020114942528735632 0.021631799163179918
9 0.7750783699059561 0.3779916317991632 0.019059561128526643 0.01944560669456067
9 0.8859979101358412 0.4763702928870293 0.026990595611285265 0.03694560669456067