9 0.6959209474171106 0.5052778735134227 0.0446778504965067 0.04608351171703253
9 0.5261986606056526 0.5548292656099217 0.03581170931491113 0.03925811372145211
9 0.802667589351755 0.43720162813945934 0.052396275781706435 0.050697039310991544
9 0.746942793942752 0.4493962376567646 0.03794934811291693 0.03824707191599939
9 0.7445568593186297 0.4193910612345089 0.041392495802104814 0.04488268312086372
9 0.5037942703193147 0.31684789520092477 0.04684704789346983 0.04615942643331894
9 0.5415442907059789 0.3067443805786044 0.028988531134450123 0.028160804355201578
9 0.5074293123663587 0.21034513474956157 0.05373334327184523 0.05943064884304773
9 0.35786423450956784 0.3509110226714157 0.023470861845170714 0.024710147999268104
9 0.3413743438396442 0.35795035795144164 0.025640059242133837 0.024786062715554634
9 0.3703113641101174 0.37093172836043853 0.04560465620020238 0.04068668646648002
9 0.4209087997512647 0.3857592024540387 0.02784081523805404 0.025948933953580052
9 0.42932223185226465 0.563407582474307 0.022323145948774752 0.0224982775976467
9 0.4587384342740643 0.5785818446058538 0.031347080125156204 0.03475845820192277
9 0.19442517436950033 0.6514803600055744 0.024523901944695076 0.02366114883567236
9 0.18322369686507378 0.7381332228795593 0.019037791254372865 0.021297449001477894
9 0.4413897457026427 0.7460801175959026 0.047489826206550956 0.03097999248711413
9 0.4738488101596966 0.7499362296445465 0.02002771415598295 0.018074536794403646
9 0.40533645629126935 0.6229555435888932 0.0289569725354928 0.027073847833462325
9 0.3853818354657106 0.6184489846371568 0.01814254414963426 0.02778123077376953
9 0.36584908276053263 0.6368064700000856 0.021175430052378787 0.02028640719602505
9 0.3615364433985948 0.6170704444971369 0.032210768630937484 0.027187719907892247
9 0.29954654845785006 0.6393823755011763 0.024397667548866273 0.01931332274871584
9 0.6726359818388844 0.7650535787768681 0.03562235772116805 0.032736374591017324
9 0.7194730535998444 0.7411232882370845 0.03798090671187413 0.039334028437738394
9 0.6756115537106833 0.7934472990955865 0.04120314420836162 0.03836094399042894
9 0.6434738784101699 0.7972188613781882 0.031567990317856356 0.04236715385409668
9 0.413327107709203 0.9273482304661997 0.03354783612107653 0.035921329439948434
9 0.32388507685040013 0.941627031446283 0.024618577741566554 0.026922018400889754
9 0.7533631437051663 0.527417287826258 0.03667539782069266 0.03168737542742134
9 0.16006118256502128 0.3205952609138181 0.031252404328284605 0.031497588636705376
9 0.1880372957687285 0.42276400214263854 0.024618577741566554 0.02692201840088963
9 0.17201080795065266 0.4325397074060838 0.02347086184517065 0.024710147999268104
9 0.07094125850150136 0.5481452843036302 0.03485334501225828 0.043567982450265365