9 0.294786254361693 0.3561214360432384 0.08999887566372736 0.09099672842429148
9 0.35590769104412545 0.37001879999157644 0.04767241227495047 0.046094971056516935
9 0.3485069620481528 0.40413059659577166 0.044297091306527786 0.04183737617660484
9 0.37933474071314766 0.5398918136275572 0.04873173430884877 0.04612528046093208
9 0.41455058740067224 0.34278548530878883 0.04434643002320961 0.0428790428432715
9 0.3933409377391285 0.36529698280150635 0.042227785955413 0.042818424034441215
9 0.23526394484713345 0.30879981054832156 0.05215639399395334 0.05142454200751061
9 0.47794322243787307 0.8077492518699325 0.06794754706906397 0.049795849740404206
9 0.5338217687917859 0.8901182577202582 0.06905620781964433 0.050867825811486016
9 0.6258187839748137 0.8280305660251048 0.05799573004694603 0.06303442236291966
9 0.5982981597022723 0.7844871583977344 0.034220467117941814 0.03010625820353544
9 0.5893447215055818 0.808212597739678 0.03658580476914801 0.03537521034569882
9 0.648431666312266 0.7903542830568905 0.0397144321541611 0.03442447189227759
9 0.5994256483121401 0.6963147780423256 0.059226277214467944 0.04434504117174972
9 0.596127256168267 0.7386538250644011 0.05257431271098646 0.03791318474525932
9 0.5378413353202826 0.7622261517116479 0.05947297079787753 0.049553374505083285
9 0.5299748092653581 0.8312944004580066 0.045948477940609266 0.05436768558101998
9 0.46488736888276516 0.6328856441898004 0.04988973377611096 0.048238923198680554
9 0.41538074034832095 0.6066605554240218 0.04333644670599337 0.043890400105523024
9 0.48563706298441056 0.7350351697902404 0.043731156439448894 0.052223733438856355
9 0.45864902047834477 0.7363288929361592 0.03769446551972825 0.03644718641678064
9 0.4386191188928775 0.7165619622156314 0.039961125737570685 0.039632805225610926
9 0.8158827798548752 0.47368273216415635 0.06050908384819817 0.07142837450508317
9 0.772190818015083 0.458243596376302 0.07319773927140018 0.09363677795364952
9 0.7854976677715725 0.5152321689988175 0.05609764982945485 0.04529577962517119
9 0.7704524369457443 0.6230997143493714 0.0420797698053673 0.03969342403444121
9 0.6799341228884113 0.6940112633067763 0.04720515484123522 0.05856466165210179
9 0.7061472711688813 0.7099505042674802 0.03981310958752474 0.03650780522561092
9 0.6623275814130941 0.6246287735997138 0.057453004163445044 0.05157608902958633
9 0.6457383251288105 0.6663050215103117 0.04873173430884877 0.04612528046093208
9 0.6272466075027453 0.6230248172787461 0.05710763314667133 0.04428442236291966
9 0.5518809639531844 0.722709010645421 0.05023510479288443 0.05553058986534722
9 0.5654112198031881 0.6164494294014898 0.04035583547102622 0.04796613855894426
9 0.5669915191117735 0.6722089054725716 0.05590029496272708 0.041129112958504285
9 0.49570784567394327 0.6565161475328438 0.054692956778783074 0.03797380355408938
9 0.40351201524942426 0.692011029823582 0.04878107302553059 0.047166947127598745
9 0.24375020411642667 0.48796647721498826 0.050554346076553736 0.03993589926976213
9 0.2824996105457631 0.4550438865138803 0.06721038706836172 0.07890189759824058
9 0.5582395813871471 0.19629404988184168 0.06102567999859525 0.06000035057616498