9 0.2717060809870787 0.40675887152805457 0.04698023519871078 0.056483043364504826
9 0.2479755081350747 0.3541039297052541 0.04651447771323332 0.046302047889391705
9 0.25879441316181756 0.27565516180854727 0.04798784464638244 0.05424692940336859
9 0.3568979312941379 0.23438062543723007 0.07550686826556154 0.04924905775052793
9 0.35821145041953933 0.3029248573754905 0.049098955757493616 0.05427325888114638
9 0.4460166353840398 0.28009167881410296 0.047677339656064154 0.04745959908662651
9 0.4587517706108705 0.3421118752133991 0.039640807719687754 0.04161918414489703
9 0.4171764337851448 0.32697108356463084 0.05876410712217825 0.07145222049522379
9 0.33216111607651594 0.5684328429756664 0.04075191883079873 0.04164551362267488
9 0.27603936491376924 0.5308646151085975 0.04186302994190997 0.04167184310045248
9 0.565623744144744 0.7778057433723735 0.03943380439280885 0.03709429726706897
9 0.5258353427842115 0.6992902059562347 0.0336712455103744 0.032437763000351894
9 0.4762553941770163 0.7983369842781803 0.04064841716735941 0.03938307018376085
9 0.44493268442643763 0.8751674351165415 0.04312939354818026 0.04509183773660112
9 0.4201290477016809 0.8338115457494222 0.04713548769386989 0.05987670852287587
9 0.43533774748823184 0.39195098165145836 0.05243228909082695 0.05435224731447969
9 0.37747017164037605 0.3803876885930119 0.06687673353527139 0.05469453052559079
9 0.4722006950857372 0.5587281426630221 0.06545511743384193 0.047880870731070856
9 0.560226586970478 0.5189134735708903 0.06677323187183194 0.052432087086676765
9 0.6147897684425861 0.48113697444406794 0.037522087160904855 0.04382896862825547
9 0.6164457950576171 0.44493787942144347 0.06651447771323345 0.0467759784893917
9 0.6756056099276031 0.4525682259395682 0.07892242315906313 0.12390969123469082
9 0.24351106832500818 0.8771891299555055 0.09021313041033042 0.10383732454001997
9 0.13313680536928085 0.45726654217448487 0.1024596962775496 0.08039762216475618
9 0.2759799552277351 0.6537338190585723 0.0762557235546347 0.04135683519210669
9 0.29935439934115254 0.6169169271331576 0.05630747438635442 0.042014126311563836
9 0.3455918239898372 0.6638767390545 0.055817373255879876 0.05556245746727015
9 0.3463178674047762 0.6236920385359984 0.037056329675427456 0.03364797315314222
9 0.3118277168676589 0.733288425021946 0.05703198603043044 0.05785123038396177
9 0.4144487103794146 0.763465163320865 0.03772909048778375 0.04835385550608339
9 0.39687946769937865 0.7341714083524892 0.05160427578331135 0.036252699803167344
9 0.45857047801104234 0.7594146799555308 0.06498935994836441 0.03769987525595786
9 0.5108170438782615 0.7844341509974615 0.040831076849241296 0.06763728369240833
9 0.5557941496597228 0.944042677176999 0.04555861909728138 0.04966938356998489
9 0.5265856474997429 0.8895592553861241 0.08850535296357975 0.06650700779793878
9 0.5643664888192464 0.8417592647383615 0.05044141384048051 0.03509514860593248
9 0.5675339296057851 0.8089933290907747 0.06979606021484693 0.04572374520326812
9 0.7696253253222497 0.6342891804290606 0.0702374740553273 0.07963406730920068
9 0.7615811345315588 0.761498964912419 0.04969255855140747 0.04298737116435397
9 0.7584441644734687 0.7206565003619665 0.06338814770677875 0.05122187693388657
9 0.5921778008671985 0.7201139085925596 0.03186302994190985 0.041434877800452546
9 0.57164658895664 0.7434087988400457 0.06418875382757151 0.04446087609492209
9 0.2740804921627343 0.45211305821744613 0.07951296241125129 0.06403392853680243
9 0.30817791614936496 0.42404362396573686 0.03661797937667264 0.0483275260283058
9 0.3266452218745863 0.348607216712117 0.07183868629691297 0.06611206563127196
9 0.36397239518670615 0.529550978694671 0.05064841716735941 0.039620035483760786
9 0.3386892973831106 0.5108326884555809 0.04832269328169774 0.03730493308929118
9 0.32344577858873624 0.47932914900384643 0.0378325921512232 0.05061629894499755
9 0.2952402905638394 0.5001772894679741 0.035945218564316345 0.03362164367536462
9 0.24380650263991144 0.49386247101375086 0.0395373060562483 0.039356740705982995
9 0.33834687223788545 0.40890425105444983 0.03943380439280885 0.03709429726706897
9 0.23717473732547276 0.7603968333347665 0.05553427545228437 0.0736356755008045
9 0.272625259446726 0.787849416508673 0.0546545113130491 0.054404906270035275
9 0.3669204961350582 0.902762465855757 0.04899545409405416 0.052010815442232225
9 0.44213983597324474 0.4985622827970843 0.05512026879852657 0.0645859017451484
9 0.5399525974476551 0.560899851667195 0.045092861611803856 0.03948838809487176