9 0.5537904967602592 0.3318730158730159 0.027613390928725702 0.03356613756613756
9 0.49317494600431966 0.3136613756613757 0.0416414686825054 0.05148148148148148
9 0.6155399568034557 0.3262751322751323 0.03176025917926566 0.031714285714285716
9 0.6552591792656587 0.29264550264550265 0.026187904967602593 0.03291005291005291
9 0.6679805615550756 0.40341798941798945 0.021965442764578832 0.022455026455026453
9 0.4034557235421167 0.6115132275132275 0.031997840172786174 0.03448677248677249
9 0.48339092872570194 0.45846560846560847 0.028250539956803458 0.0384973544973545
9 0.4772138228941684 0.4943915343915344 0.03564794816414687 0.027904761904761904
9 0.5852159827213822 0.6051957671957672 0.029870410367170627 0.043354497354497354
9 0.6755939524838013 0.4539047619047619 0.022829373650107992 0.027693121693121697
9 0.7402267818574515 0.5841904761904761 0.021565874730021597 0.02237037037037037
9 0.7258639308855291 0.6133227513227514 0.026328293736501078 0.029322751322751323
9 0.6903887688984881 0.6549206349206349 0.02744060475161987 0.03005291005291005
9 0.657257019438445 0.6462116402116401 0.03704103671706263 0.03536507936507937
9 0.5851619870410367 0.6608571428571428 0.02830453563714903 0.0251005291005291
9 0.8386933045356372 0.7555555555555555 0.021468682505399565 0.020761904761904763
9 0.6222786177105831 0.7502328042328043 0.019146868250539958 0.017206349206349208
9 0.4295680345572354 0.7772910052910053 0.018099352051835854 0.01725925925925926
9 0.10603671706263498 0.6192063492063492 0.0206695464362851 0.020571428571428574
9 0.1251403887688985 0.6342433862433863 0.01584233261339093 0.013386243386243387
9 0.14024838012958965 0.47058201058201055 0.012505399568034557 0.011597883597883598
9 0.1704427645788337 0.4573333333333333 0.01881209503239741 0.019322751322751325
9 0.27722462203023757 0.48776719576719574 0.0282829373650108 0.017608465608465608
9 0.2510583153347732 0.43387301587301585 0.014697624190064795 0.014666666666666666
9 0.2679049676025918 0.417978835978836 0.01673866090712743 0.01711111111111111
9 0.14296976241900647 0.4137248677248678 0.015755939524838013 0.01822222222222222
9 0.1821598272138229 0.39817989417989413 0.01826133909287257 0.01707936507936508
9 0.1802267818574514 0.38315343915343913 0.016706263498920088 0.01752380952380952
9 0.2237365010799136 0.3785502645502646 0.01900647948164147 0.017407407407407406