9 0.6372239035493971 0.18692040715678265 0.08029218571970842 0.0781324572391442
9 0.5325186592766377 0.19451821596756355 0.14562718727127524 0.13320623637375628
9 0.4536326357322855 0.3712741634724453 0.0508894134843221 0.04952057148959843
9 0.38042616193154877 0.42281069254559084 0.05777059288448347 0.05940559006603806
9 0.40420818134579467 0.3906781992969546 0.04963063860389082 0.04404374673050555
9 0.3964317087690638 0.3501586074163575 0.04507516042675611 0.03854782624993246
9 0.36052134652328366 0.3056473802401594 0.037478777003366555 0.04178554527763846
9 0.4161917131774725 0.3119863303555349 0.08879562170416268 0.06833655202961206
9 0.5173823105516338 0.2781144027542427 0.05428204104994365 0.05282194292223838
9 0.4372474223183872 0.111376414415019 0.07341100631954729 0.0682474386627047
9 0.39465453349900886 0.1953605161412234 0.050761514459098 0.045144203874718784
9 0.377967409093161 0.22589324559748677 0.049694588116502986 0.04623193053794537
9 0.3477038947325797 0.26181686906618235 0.06842809692593868 0.08572108291975633
9 0.2226765115209869 0.19436435600400842 0.052116213608447544 0.05390330434497152
9 0.2955136239256145 0.18658195521891927 0.13462641689776922 0.17033534345480605
9 0.1645071587791568 0.2716947929409859 0.06923922521808526 0.07588062102677057
9 0.3304976428349979 0.3497766929867544 0.09977287330867864 0.10559296392052969
9 0.32039639363171957 0.4552801788098053 0.07382667815152605 0.08247063341106357
9 0.2941868690332816 0.49833767799440715 0.054250066293637565 0.05172785101851846
9 0.2320526465094999 0.4400007188701155 0.0553169926362327 0.050640124355291874
9 0.24699807129314644 0.5002521564606314 0.06791650082504173 0.06821561246023773
9 0.20208701264157866 0.5049145951671421 0.049758537629115036 0.0484201143453852
9 0.1668800950345319 0.4844733898727821 0.08645816109664117 0.10114021341972922
9 0.11924953039835942 0.45247420194393567 0.08927524304875355 0.08474793058541073
9 0.18641369985372966 0.34456647886724107 0.1600205852104027 0.09937850072534642
9 0.19670184249907585 0.4146361000090158 0.10378478062861024 0.09248932203786428
9 0.279538400145816 0.3166643174327079 0.08578669121421391 0.07816428344161118
9 0.26089658761164036 0.24271763532421298 0.08432430841145108 0.10331566674618241
9 0.1741374401195288 0.5824200762176878 0.09091771500485768 0.10335385818914257
9 0.13643741611708832 0.6270518782326889 0.06898342716763675 0.06712788579701114
9 0.23657119483456004 0.613411102989475 0.08000441291295382 0.06828563010566499
9 0.47592710187618925 0.49501475768118297 0.09131317146502549 0.07929020154779806
9 0.5231815008275259 0.4389522778415632 0.06684957448244679 0.06930333912346433
9 0.5480741807251679 0.3696333903474367 0.08322540731254999 0.10330930150568896
9 0.6102782324538093 0.41156215353617637 0.06323312362268288 0.058343324364784996
9 0.5848899438334233 0.4639226165226442 0.06820427363179633 0.07806243959371695
9 0.49869273337736775 0.5596871195700323 0.05205226409583537 0.0517151205375317
9 0.43833898952081995 0.5434758813592039 0.05079348921540409 0.046238295778438694
9 0.5256621207363142 0.6178203909985354 0.049758537629115036 0.0484201143453852
9 0.5001837875392576 0.6483021985308517 0.05202028933952941 0.05062102863381166
9 0.5671224820018959 0.5890720173089532 0.07729501461425481 0.05076742916515951
9 0.5770487946419699 0.6279632018149571 0.04859568701760189 0.04622556529745205
9 0.625545981095585 0.5768305007825703 0.08161491011275188 0.08579746580567692
9 0.8307576688791044 0.39916541807884814 0.0758326318114921 0.07591881246973085
9 0.7093711798927446 0.41869957660290064 0.08038810998862643 0.08141473295030395
9 0.7035653828224945 0.4832064422389218 0.10553493623812761 0.07718476586677214
9 0.7900806891430213 0.4547190434095683 0.12162299626147614 0.10134390111551769
9 0.8734222360963004 0.5995974720161206 0.10136315513666556 0.084817948230838
9 0.7730714383734129 0.7373953999898177 0.06320114886637654 0.05724923246106508
9 0.6162979426266649 0.6927310423112071 0.05079348921540409 0.046238295778438694
9 0.6201238811010076 0.6544664692632304 0.06294535081592835 0.04849649723130578
9 0.707466303091834 0.6166856544927511 0.14413282971220645 0.15726352777460753
9 0.7203956665296091 0.6643454873297477 0.04294130774156596 0.0407232795763854
9 0.7815083485501865 0.6313353203541668 0.05877356971446631 0.05612967959537164
9 0.6009504545884925 0.8818880020853777 0.06213422252378153 0.058336959124291425
9 0.5648482438048762 0.8308122234868599 0.062006323498557434 0.05396059150941178
9 0.4799164150236099 0.7067088105699992 0.05418611678102552 0.049539667211078636
9 0.4199346088582398 0.7408194346897936 0.04297328249787205 0.04181737148010531
9 0.37565881733913525 0.729623906032859 0.06216619728008774 0.059431051028011335
9 0.42067755964411624 0.6910509835515243 0.0766757348599445 0.06717244248046488
9 0.4453826189975799 0.652907350072922 0.09558087683540555 0.07493929489489194
9 0.42838915811175593 0.5789702158251672 0.04849976274868363 0.042943289586292316
9 0.411654071571449 0.6078618074258506 0.05767466861556521 0.05612331435487832
9 0.37784393555596335 0.616417220200315 0.07263185278370682 0.07918199245941039
9 0.33695746820530137 0.721195433337691 0.053055240925818335 0.048439210066865156
9 0.25931495926533804 0.696132798669456 0.1208875768664369 0.0761797873299597
9 0.30407202382762305 0.667403520701354 0.11752692405712144 0.07397250780103967
9 0.349587299451827 0.7962011985271923 0.1926880859861861 0.12691539029265236
9 0.5168760645352425 0.8059214503119464 0.17669264683457656 0.21871090111673758
9 0.6973709335808033 0.7035927605728103 0.24342608167629415 0.24644511313933856