9 0.5586225329613116 0.4429084018470232 0.03559480779015318 0.03911421575884005
9 0.4659093692739832 0.5235073224369109 0.033074628622276475 0.03327334502387806
9 0.4434968234875232 0.47112872500186165 0.042366816819498554 0.03931581179744411
9 0.5134741664785343 0.6794990015713589 0.03583292230735572 0.0691037111072944
9 0.5948171276781072 0.6753477474914823 0.03837782978279147 0.05072875854922902
9 0.6539825456585884 0.6384147816252418 0.027326150634583903 0.030795879502870598
9 0.5491911434771231 0.575803657141152 0.04478185885747063 0.04284721371023506
9 0.8235163852757893 0.2568580855372514 0.028402250241189277 0.02967474443155238
9 0.9638298826540902 0.3933677695199222 0.03564737635510537 0.040268950169925495
9 0.838880075433888 0.5383506655534606 0.028377521933630235 0.05389056772457947
9 0.7828177587605104 0.48236111066708964 0.0330746286222766 0.03327334502387806
9 0.29082210076195847 0.30904070884697626 0.03328490288208574 0.03789228266821987
9 0.30802421836402866 0.3644573393386922 0.04483442742242295 0.044001948121320515
9 0.3201612493227865 0.4073398880073048 0.03661833883180611 0.036838346276436514
9 0.39009691557326537 0.4433125654978986 0.05234239636110062 0.060369825915120884
9 0.4465087077934188 0.3678303942193648 0.035279396400439283 0.032185809292327346
9 0.3945730234687977 0.22119418806278615 0.029583486977699153 0.030863078182405197
9 0.3420064327191911 0.2988682304743051 0.05423175274954953 0.05235388371705746
9 0.3553170041854308 0.2540749622498419 0.031998529015671226 0.03439448009519622
9 0.324396130751282 0.26479738691778637 0.027221013504679526 0.028486410680699632
9 0.48693982355918464 0.22248061264066335 0.03919108656463513 0.043833951422483815
9 0.48259833267142516 0.18167233741585026 0.02716844493972708 0.02733167626961418
9 0.586211610066215 0.19588541465365308 0.03375801996665659 0.04828489236798892
9 0.5527458291566305 0.1882328867635324 0.030712155149256716 0.030896677522172563
9 0.5164954702794905 0.21698809216237078 0.025331657116230488 0.03650235287876312
9 0.5240389757045897 0.2617371398066809 0.02963605554265147 0.032017812593490645
9 0.5607423076379351 0.3344473655544092 0.04123814864794099 0.03928221245767675
9 0.49458068623960266 0.3888861439556518 0.03205109758062354 0.035549214506281596
9 0.4926279531073391 0.3451238340235905 0.06698724233395566 0.0354360596279837
9 0.4241177783646835 0.38925400107448244 0.02963605554265147 0.032017812593490645
9 0.5560234173004488 0.6609348098336856 0.026144913898074152 0.02960754575201778
9 0.5499316876656491 0.6957112395253185 0.023677303295149763 0.024921409428141247