9 0.7602780638516993 0.5655671175858481 0.047518022657054584 0.04371488033298647
9 0.7804531410916581 0.5051716961498439 0.0368486096807415 0.04042663891779397
9 0.7560556127703398 0.4739958376690947 0.0431307929969104 0.04300728407908429
9 0.7638208032955716 0.43266389177939646 0.041318228630278064 0.03971904266389178
9 0.838908341915551 0.4344120707596254 0.04256436663233779 0.04527575442247658
9 0.8024304840370752 0.4625910509885536 0.043058702368692074 0.043912591050988554
9 0.9101853759011328 0.6107180020811654 0.04129763130792997 0.04432882414151925
9 0.7113182286302782 0.651987513007284 0.04037075180226571 0.04339229968782519
9 0.7627703398558188 0.7067845993756504 0.04228630278063852 0.044755463059313216
9 0.7381668383110196 0.76525494276795 0.04407826982492276 0.04625390218522373
9 0.691081359423275 0.7922892819979188 0.038671472708547885 0.04054110301768991
9 0.5957981462409887 0.7114151925078043 0.034778578784757985 0.04266389177939646
9 0.5861585993820803 0.7670863683662851 0.08124613800205974 0.05404786680541103
9 0.6314006179196705 0.5715712799167534 0.05907312049433574 0.06809573361082205
9 0.6736560247167869 0.5443808532778356 0.035447991761071065 0.03741935483870968
9 0.5139649845520082 0.5121331945889699 0.0384140061791967 0.03578563995837669
9 0.5701853759011328 0.46185223725286156 0.03967044284243049 0.039334027055150884
9 0.5058496395468589 0.4347138397502601 0.04054582904222451 0.03761706555671176
9 0.5776622039134912 0.42223725286160246 0.051555097837281155 0.04049947970863684
9 0.6332131822863029 0.40668054110301766 0.040247167868177135 0.07225806451612903
9 0.6770339855818743 0.393423517169615 0.046261585993820804 0.06532778355879293
9 0.7346035015447991 0.41386056191467224 0.019618949536560248 0.022726326742976068
9 0.6587744593202883 0.47425598335067637 0.06368692070030896 0.09196670135275754
9 0.6162924819773429 0.4685639958376691 0.030895983522142123 0.0331633714880333
9 0.6027291452111225 0.5064932362122789 0.0486508753861998 0.05338189386056191
9 0.44123583934088567 0.3595421436004162 0.04801235839340885 0.04808532778355879
9 0.530875386199794 0.3295629552549427 0.039577754891864055 0.036555671175858485
9 0.542615859938208 0.268366285119667 0.03961894953656025 0.03786680541103018
9 0.5505973223480948 0.22986472424557752 0.03211122554067971 0.033007284079084286
9 0.5931822863027807 0.23028095733610823 0.036694129763130794 0.040020811654526534
9 0.31524201853759015 0.29701352757544225 0.03575695159629248 0.03847034339229969
9 0.33960865087538616 0.32876170655567116 0.0358908341915551 0.038043704474505724
9 0.32324407826982493 0.41359001040582727 0.04052523171987642 0.05826222684703434
9 0.3683419155509784 0.41868886576482833 0.03484037075180226 0.04371488033298647
9 0.5867559217301751 0.36460978147762746 0.05140061791967044 0.06240374609781477
9 0.6303913491246138 0.354630593132154 0.0296086508753862 0.031227887617065558
9 0.4881256436663234 0.6731633714880333 0.04526261585993821 0.047075962539021854
9 0.519114315139032 0.645993756503642 0.052780638516992794 0.04411030176899063
9 0.5654994850669414 0.6822788761706555 0.04856848609680741 0.048730489073881375
9 0.6569207003089599 0.6487825182101977 0.0701956745623069 0.06625390218522373
9 0.39887744593202884 0.6648074921956295 0.05046343975283213 0.04775234131113423
9 0.4710298661174047 0.7511862643080125 0.0788259526261586 0.05356919875130073
9 0.3889804325437693 0.7651300728407908 0.04709577754891864 0.035931321540062434
9 0.4577136972193615 0.8048595213319459 0.06714727085478887 0.07258064516129033
9 0.33400617919670444 0.6802081165452653 0.08109165808444901 0.06521331945889698
9 0.21778578784757982 0.6405202913631634 0.03516992790937178 0.03614984391259105
9 0.31216271884654995 0.5905098855359001 0.03809474768280124 0.05020811654526535
9 0.3132028836251287 0.5230905306971905 0.04088568486096808 0.04644120707596254
9 0.2750154479917611 0.4686264308012487 0.044438722966014414 0.03882414151925078
9 0.3398661174047374 0.476732570239334 0.03810504634397528 0.03875130072840791
9 0.2657569515962925 0.5060457856399584 0.06380020597322349 0.03360041623309053
9 0.23102986611740475 0.5142663891779397 0.02800205973223481 0.026659729448491157
9 0.2399382080329557 0.5428303850156088 0.047919670442842434 0.02639958376690947
9 0.27779608650875387 0.5636836628511968 0.033439752832131825 0.03056191467221644
9 0.25500514933058704 0.5903954214360042 0.0317610710607621 0.030853277835587927
9 0.21983522142121525 0.5904578563995837 0.03435633367662204 0.03735691987513007
9 0.22760041194644695 0.42008324661810614 0.03374871266735325 0.045192507804370445
9 0.21406797116374873 0.46496357960457857 0.060690010298661175 0.043558792924037464
9 0.2851081359423275 0.41592091571279916 0.04640576725025747 0.04467221644120708
9 0.2961791967044284 0.3734339229968783 0.03908341915550979 0.03621227887617065
9 0.5022760041194645 0.30619146722164414 0.04444902162718846 0.050249739854318416
9 0.39809474768280123 0.31584807492195627 0.04682801235839341 0.04572320499479708
9 0.4433058702368692 0.3103642039542143 0.06337796086508754 0.04327783558792924
9 0.3455509783728115 0.21171696149843913 0.037826982492276 0.03845993756503642