9 0.6106094808126411 0.3042401917311899 0.03724604966139955 0.04128218639123154
9 0.5141083521444695 0.36010069743250217 0.03724604966139955 0.03563884553344373
9 0.5496613995485328 0.26185031984193907 0.0654627539503386 0.041774710796655345
9 0.5220090293453724 0.2104142578676065 0.025959367945823927 0.033184499428159146
9 0.4909706546275395 0.17370998505217308 0.033860045146726865 0.0333224062616778
9 0.43002257336343114 0.2509589393480238 0.040632054176072234 0.05262797103545803
9 0.35553047404063204 0.2229138313178459 0.03611738148984198 0.03449047638566925
9 0.3391647855530474 0.2593168769628336 0.029345372460496615 0.032114934185252395
9 0.25733634311512416 0.2618738659101201 0.028216704288939052 0.03773857406682329
9 0.1986455981941309 0.3136883843934917 0.030474040632054177 0.0411639805339298
9 0.23363431151241534 0.34129435841970535 0.0327313769751693 0.03668870980013351
9 0.27200902934537247 0.3699698976888257 0.034988713318284424 0.0355994435810099
9 0.3696388261851016 0.3744734381896261 0.04853273137697517 0.042607864324958625
9 0.458803611738149 0.30068229808880315 0.033860045146726865 0.037837078947907984
9 0.4672686230248307 0.26836749787778547 0.030474040632054177 0.033263303333026996
9 0.4909706546275395 0.22845039137271486 0.029345372460496615 0.03775827504304027
9 0.6963882618510158 0.333216958170756 0.03611738148984198 0.03336180821411169
9 0.8081264108352144 0.4018083222476255 0.05304740406320542 0.06751736800409278
9 0.8397291196388262 0.4283447310309324 0.028216704288939052 0.029837896865920352
9 0.837471783295711 0.45716517135808415 0.029345372460496615 0.027600261499022144
9 0.791196388261851 0.4602302477260942 0.03724604966139955 0.036767513705001295
9 0.791196388261851 0.4986049655590513 0.034988713318284424 0.03672811175256747
9 0.7127539503386005 0.36509833690500065 0.034988713318284424 0.0355994435810099
9 0.46952595936794583 0.4190052968282861 0.0327313769751693 0.03217403711390326
9 0.44130925507900676 0.37943010114341635 0.028216704288939052 0.030966565037477915
9 0.4102708803611738 0.37658587347470984 0.02708803611738149 0.044490882119951745
9 0.36681715575620766 0.4027393949191075 0.028216704288939052 0.026451892351247668
9 0.38544018058690743 0.4453037193307152 0.028216704288939052 0.029837896865920352
9 0.3628668171557562 0.46601376594309035 0.028216704288939052 0.029837896865920352
9 0.4260722347629797 0.4699895180469502 0.039503386004514675 0.03567824748587769
9 0.4604966139954853 0.44737960892696077 0.028216704288939052 0.03209523320903548
9 0.662528216704289 0.4884355269606504 0.04853273137697517 0.049379873354304125
9 0.621331828442438 0.504955966994375 0.028216704288939052 0.029837896865920352
9 0.608352144469526 0.5288845598235787 0.02708803611738149 0.027560859546588188
9 0.6585778781038375 0.5251861959530305 0.028216704288939052 0.029837896865920352
9 0.672686230248307 0.5746013332988514 0.030474040632054177 0.026491294303681495
9 0.6461625282167043 0.617953696759137 0.028216704288939052 0.029837896865920352
9 0.6117381489841986 0.6591866307098263 0.033860045146726865 0.032193738090120175
9 0.6512415349887133 0.6793774577160479 0.029345372460496615 0.029857597842137394
9 0.6800225733634312 0.6568660534771433 0.033860045146726865 0.03219373809012043
9 0.6811512415349887 0.6269366459546508 0.0327313769751693 0.03217403711390313
9 0.6867945823927766 0.5941067640983969 0.03837471783295711 0.033401210166545646
9 0.5417607223476298 0.6389633959756834 0.0327313769751693 0.047975391515709
9 0.559255079006772 0.6956557735079776 0.030474040632054177 0.04342131687704518
9 0.4802483069977427 0.6033553836038864 0.0327313769751693 0.03668870980013338
9 0.43961625282167044 0.598421277889909 0.028216704288939052 0.03209523320903548
9 0.667607223476298 0.7214168499943108 0.03611738148984198 0.03336180821411156
9 0.5276523702031602 0.7204737665305397 0.030474040632054177 0.029877298818354436
9 0.5237020316027088 0.7549670991798048 0.03837471783295711 0.04243055553900615
9 0.43284424379232506 0.7176139758465333 0.023702031602708805 0.03088776113261026
9 0.44243792325056436 0.7772659306412402 0.030474040632054177 0.029877298818354436
9 0.4762979683972912 0.7687742241538287 0.029345372460496615 0.030986266013694957
9 0.46106094808126413 0.7419521512153759 0.045146726862302484 0.04254876139630788
9 0.5948081264108352 0.7994369986262182 0.02708803611738149 0.03320420040437625
9 0.6224604966139955 0.8136270109391512 0.034988713318284424 0.033342107237894776
9 0.6817155756207675 0.8018703620579646 0.0417607223476298 0.03458898126675408
9 0.4238148984198646 0.8430537506991583 0.029345372460496615 0.03211493418525226
9 0.34988713318284426 0.8149987921808719 0.02708803611738149 0.03207553223281869
9 0.32562076749435664 0.8120363586548637 0.025959367945823927 0.034313167599716775
9 0.33182844243792325 0.8497383870328488 0.028216704288939052 0.03209523320903548
9 0.35891647855530473 0.8650669180054479 0.025959367945823927 0.030927163085044087
9 0.29288939051918733 0.8165580255656067 0.0327313769751693 0.03443137345701826
9 0.2866817155756208 0.8477047556526328 0.03160270880361174 0.031025667966128784
9 0.2505643340857788 0.8409988437764512 0.0417607223476298 0.03571764943831164
9 0.22855530474040633 0.8018796268081669 0.028216704288939052 0.025323224179690105
9 0.21501128668171557 0.7676916592902647 0.02708803611738149 0.02530352320347332
9 0.19130925507900678 0.7156223098133939 0.05756207674943566 0.09242687168322679
9 0.12076749435665914 0.6841222438517841 0.034988713318284424 0.044628788953470395
9 0.22178329571106095 0.6315689387602768 0.028216704288939052 0.028709228694362793
9 0.2110609480812641 0.6548937955512678 0.030474040632054177 0.03777797601925737
9 0.27200902934537247 0.6109405523163652 0.03160270880361174 0.03554034065235903
9 0.2866817155756208 0.5903684125375087 0.02708803611738149 0.027560859546588445
9 0.3216704288939052 0.5412249508978081 0.034988713318284424 0.049143461639700646
9 0.2945823927765237 0.4570476614601977 0.029345372460496615 0.029857597842137394
9 0.2748306997742664 0.4195820447968161 0.050790067720090294 0.03474658907648964
9 0.22178329571106095 0.4408240177670488 0.025959367945823927 0.025283822227256277
9 0.14616252821670428 0.40715526985530004 0.028216704288939052 0.02758056052280523
9 0.15857787810383747 0.44474894286409195 0.0327313769751693 0.03217403711390339
9 0.1788939051918736 0.46809635689489565 0.029345372460496615 0.028728929670579835
9 0.25451467268623024 0.484835082233281 0.025959367945823927 0.030927163085044087
9 0.22460496613995484 0.3950637043784252 0.0417607223476298 0.04700433115388726
9 0.18058690744920994 0.4150194013673648 0.028216704288939052 0.030966565037477915
9 0.20428893905191872 0.4247636944108269 0.0327313769751693 0.0310453689423457
9 0.25112866817155755 0.43974745829962936 0.025959367945823927 0.028669826741928965
9 0.21388261851015802 0.48328698103397605 0.06659142212189616 0.059853102517793313
9 0.20485327313769752 0.5246409771055626 0.023702031602708805 0.025244420274822193
9 0.15857787810383747 0.5406857374464847 0.06320541760722348 0.0462499815304517
9 0.21162528216704288 0.5617688209096605 0.025959367945823927 0.027541158570371402
9 0.21557562076749437 0.5916095740391766 0.024830699774266364 0.02752145759415436
9 0.19525959367945825 0.6207452299857995 0.02708803611738149 0.046748218463067
9 0.136568848758465 0.5935529764601418 0.10270880361173815 0.16319233736847372
9 0.09198645598194131 0.49557270000942466 0.024830699774266364 0.028650125765711923
9 0.077313769751693 0.47664145378376643 0.030474040632054177 0.02987729881835418
9 0.8639954853273137 0.559411002028724 0.0327313769751693 0.03443137345701838
9 0.7584650112866818 0.6216367904833383 0.08690744920993228 0.07488040631994684
9 0.7325056433408578 0.5498551499566442 0.05756207674943566 0.057438158364942496
9 0.608352144469526 0.9024737246091318 0.028216704288939052 0.029837896865920352
9 0.5389390519187359 0.9019923323891379 0.033860045146726865 0.035579742604793116
9 0.4486455981941309 0.9283991102607602 0.033860045146726865 0.03332240626167799
9 0.3363431151241535 0.8869056327893805 0.030474040632054177 0.026491294303681495
9 0.26354401805869077 0.8735036595251254 0.033860045146726865 0.029936401747005306
9 0.27539503386004516 0.9015135035637866 0.029345372460496615 0.028728929670579835