9 0.8280193756727664 0.42802786709539126 0.06457481162540366 0.06564844587352626
9 0.8003875134553282 0.527416934619507 0.1102475780409042 0.11967845659163986
9 0.6137567276641549 0.5744372990353698 0.040818083961248655 0.04078242229367631
9 0.5493218514531755 0.6359592711682744 0.050107642626480084 0.04596998928188639
9 0.5851668460710442 0.6186816720257234 0.03560818083961249 0.04087888531618435
9 0.6226372443487621 0.6321757770632369 0.03077502691065662 0.037170418006430866
9 0.6593326157158235 0.6741586280814577 0.035995694294940796 0.028542336548767415
9 0.6634660925726588 0.6195498392282958 0.05326157158234661 0.07591639871382637
9 0.716264800861141 0.5285101822079314 0.04435952637244349 0.04371918542336549
9 0.86254036598493 0.6312754555198286 0.056426264800861145 0.05966773847802787
9 0.7726264800861141 0.6586387995712755 0.03613562970936491 0.04136120042872455
9 0.7401937567276642 0.66983922829582 0.03716899892357373 0.04071811361200429
9 0.6990742734122714 0.692690246516613 0.07557588805166846 0.051929260450160775
9 0.7403767491926803 0.8236870310825295 0.044962325080731974 0.042250803858520904
9 0.7623143164693219 0.755016077170418 0.15060279870828847 0.09961414790996784
9 0.6544671689989235 0.8667524115755626 0.0661356297093649 0.054072883172561634
9 0.6110118406889128 0.6956270096463022 0.08969860064585576 0.07963558413719185
9 0.5059095801937568 0.6887781350482315 0.07134553283100108 0.056827438370846736
9 0.4590419806243272 0.7071061093247588 0.04324004305705059 0.04350482315112541
9 0.5038751345532831 0.7754983922829581 0.04038751345532832 0.045787781350482316
9 0.44818083961248656 0.7511897106109325 0.05692142088266954 0.05480171489817792
9 0.43536060279870825 0.7936548767416934 0.039612486544671685 0.040889603429796355
9 0.4485468245425188 0.8309110396570204 0.08785791173304629 0.064994640943194
9 0.47040904198062433 0.8815434083601287 0.07041980624327233 0.07263665594855305
9 0.5878579117330462 0.8343729903536978 0.07093649085037676 0.14263665594855307
9 0.5222712594187298 0.8136120042872454 0.07578040904198063 0.0855091103965702
9 0.6331431646932185 0.7496248660235798 0.0636383207750269 0.07090032154340836
9 0.7013670613562971 0.7793676312968917 0.09046286329386438 0.06376205787781351
9 0.35491926803013996 0.8081779206859593 0.08970936490850377 0.07015005359056806
9 0.3039720129171152 0.8369024651661308 0.056017222820236814 0.05586280814576634
9 0.33621097954790097 0.7434833869239014 0.054876210979547896 0.06631296891747052
9 0.4973950484391819 0.5331725616291533 0.0646178686759957 0.07610932475884245
9 0.5610656620021529 0.497395498392283 0.058170075349838535 0.053236870310825295
9 0.6328848223896664 0.48439442658092174 0.0902475780409042 0.061822079314040726
9 0.6043702906350915 0.4178349410503751 0.04827771797631862 0.05167202572347267
9 0.5483315392895587 0.4342979635584137 0.06741657696447793 0.05258306538049304
9 0.4390527448869752 0.5017792068595928 0.043132400430570504 0.04128617363344052
9 0.4435522066738428 0.5615219721329046 0.03798708288482239 0.04184351554126474
9 0.3877933261571582 0.4664094319399786 0.040979547900968784 0.03994640943193998
9 0.3529924650161464 0.48603429796355846 0.0421205597416577 0.042036441586280816
9 0.42346609257265877 0.4314790996784566 0.03692142088266953 0.06834941050375135
9 0.3881054897739505 0.41572347266881027 0.03902045209903122 0.03976420150053591
9 0.4467707212055974 0.3772454448017149 0.07272335844994618 0.0640085744908896
9 0.658740581270183 0.2090139335476956 0.06308934337997847 0.06062165058949625
9 0.6167384284176535 0.32215434083601285 0.06851453175457481 0.06410503751339765
9 0.55248654467169 0.3177706323687031 0.05934337997847148 0.09109324758842444
9 0.5966738428417653 0.23980707395498393 0.08033369214208826 0.10197213290460878
9 0.47282023681377827 0.1365487674169346 0.06822389666307858 0.08479099678456592
9 0.3189666307857912 0.21062165058949625 0.04697524219590958 0.05101822079314041
9 0.33254036598493003 0.36764201500535904 0.037244348762109795 0.042240085744908895
9 0.3703552206673843 0.3705680600214362 0.037642626480086115 0.05310825294748124
9 0.4240796555435953 0.29264737406216507 0.1347578040904198 0.11260450160771704
9 0.37970936490850377 0.2729689174705252 0.03308934337997847 0.03564844587352626
9 0.4240043057050592 0.219989281886388 0.04649085037674919 0.0479849946409432
9 0.1458772874058127 0.3519399785637728 0.048589881593110874 0.050557341907824224
9 0.18850376749192682 0.3948338692390139 0.04369214208826696 0.05180064308681672
9 0.2925726587728741 0.4963451232583065 0.04094725511302476 0.04472668810289389
9 0.2482346609257266 0.547727759914255 0.03589881593110872 0.034748124330117904
9 0.25029063509149624 0.5921007502679528 0.05005382131324004 0.05071811361200429
9 0.29666307857911733 0.5552625937834941 0.05426264800861141 0.06393354769560557
9 0.3383423035522067 0.5374490889603429 0.057933261571582344 0.08187566988210075
9 0.40714747039827776 0.5653483386923902 0.035931108719052744 0.03927116827438371
9 0.3757481162540366 0.5772132904608789 0.046157158234660926 0.04717041800643087
9 0.3608611410118407 0.607449088960343 0.06821313240043057 0.05717041800643087
9 0.2514208826695371 0.6304823151125402 0.03968783638320775 0.04398713826366559
9 0.2606135629709365 0.7084887459807073 0.05514531754574811 0.10744908896034298
9 0.29716899892357374 0.6704930332261523 0.05278794402583423 0.1035048231511254
9 0.1810118406889128 0.6067952840300107 0.09241119483315392 0.16915326902465166
9 0.2032400430570506 0.4445766345123259 0.1926157158234661 0.1320578778135048
9 0.33720129171151775 0.2882743837084673 0.20796555435952635 0.19440514469453377