9 0.5916033929960305 0.6457858842518045 0.04005237856833698 0.039585304734838886
9 0.4330803958635202 0.5878747019856518 0.030070976816170398 0.031115919190398633
9 0.4731060539282745 0.5527680702168626 0.03121101005877512 0.03345219287595543
9 0.39999362211883355 0.4944644179290184 0.031084238499104334 0.027744430318877803
9 0.4466838210445417 0.563451739349945 0.027790910330961077 0.026443371819285043
9 0.5421233089631327 0.40219419724702843 0.021153545370806097 0.021558149797268476
9 0.7651473797917943 0.6206170712011649 0.03009633112810463 0.03225747170181416
9 0.21778210381931762 0.3253566293881157 0.02229357861341082 0.0238944234828254
9 0.40664996582989604 0.15725606716545765 0.02011492937593805 0.023788086157373843
9 0.40501643429900763 0.18169310883544 0.02102677381113531 0.01585038724019085
9 0.41852163001280585 0.3243214988025674 0.02234428723727916 0.02617752850565632
9 0.3975464756199712 0.35978780591334936 0.02008957506400382 0.022646533645958384
9 0.4614634893472044 0.44501020051063434 0.021229608306608545 0.02498280733151505
9 0.5023154395358997 0.5695879986832042 0.022420350173081482 0.029602186039903024
9 0.487837745990366 0.5791441943391464 0.022369641549213268 0.027319081017071974
9 0.22752309500532586 0.34749806073817946 0.01894954182139922 0.02031025996040146
9 0.5774761058454131 0.4261558684268549 0.02229357861341082 0.0238944234828254
9 0.5568545456280081 0.4040535267052414 0.017936280138465287 0.02368174883192242
9 0.5950198495461151 0.4566603479959075 0.016720183960058237 0.01792081761211892
9 0.5662364778719925 0.18956207091884958 0.020013512128201374 0.019221876111711743