9 0.31998466602396547 0.679041965104038 0.08025190485253006 0.07455674689852824
9 0.34479114394642896 0.6232483102181536 0.04069820259712861 0.03987776974255736
9 0.37767995542958166 0.637396943353484 0.03645092877622717 0.03775479856633684
9 0.517153639640108 0.6357975895312291 0.04071657634968472 0.040915114140897615
9 0.3289518766878047 0.5611766346461281 0.03748518660261844 0.036729524762881834
9 0.34728758359125445 0.5858677000932498 0.038501070676453836 0.034666906561086105
9 0.2623996191336853 0.7269110532446339 0.04496385017058628 0.04303808531711767
9 0.800194768826963 0.5962375102678283 0.04001304606930166 0.06061258711447733
9 0.8922016401874269 0.559905588374385 0.041084051400805136 0.06166200210770259
9 0.8482957492790424 0.4587286611324382 0.056616292549231395 0.047320239454213146
9 0.799651547775164 0.4764061263672022 0.024724991387358005 0.029323266835880716
9 0.821995669716287 0.48963812105304155 0.031040780861042214 0.029395690405190283
9 0.8151313315075495 0.4290198620220042 0.030061644292318786 0.033532997403666276
9 0.7124511543371638 0.45717373467757505 0.03565552973306407 0.05226554954821555
9 0.7537242709467833 0.4691511142571453 0.03028212932299108 0.04598113018374938
9 0.7669135855054832 0.5302156219180431 0.040900313875245044 0.0512885581243001
9 0.8336244106591219 0.5517580790046072 0.050098391797430995 0.03583702750316072
9 0.6250169566603556 0.5733449634585628 0.04178758168118819 0.04196452913412263
9 0.5899532462021078 0.6147304674190908 0.039572076007957306 0.03571632155431136
9 0.7303168620602044 0.5742125927667491 0.04795638113442429 0.03373819751671045
9 0.7265748664345933 0.6007131573039652 0.03105915461359808 0.03043303480353053
9 0.7031478884440617 0.6155075672656398 0.03532480218705562 0.03359335037809107
9 0.5321233637716166 0.20296545763331897 0.06503734518081034 0.04741680421329273
9 0.5091189820898736 0.2416187887568194 0.08621859302764973 0.05491962689937332
9 0.5680663505109262 0.24094283544326262 0.037705671633290735 0.0491776575429647
9 0.6718948872160629 0.2776229876839573 0.035361549692167836 0.03566803917477157
9 0.7252836492112518 0.37920995177110967 0.05432729186577633 0.036922654281040766
9 0.7459504319865229 0.3571843075082656 0.032148533697657654 0.03251979419509604
9 0.653205946682191 0.38159280411823865 0.04400308735441908 0.04821273671393414
9 0.6915416535856409 0.4060545282625466 0.04071657634968472 0.040915114140897615
9 0.6453728541324049 0.41488438962420615 0.0356187822279521 0.05019086075153505
9 0.7301935734755666 0.5078104806780882 0.050171886807654935 0.03998640509652172
9 0.6269281000650155 0.47319898193663146 0.043709107313522844 0.03161522634049016
9 0.6829104981510642 0.48345135659030214 0.03244251373855389 0.04911730456854002
9 0.6540588576858154 0.5486293934407886 0.029284619001711785 0.049081092783885234
9 0.6725913481841269 0.6438719485699324 0.04176920792863209 0.040927184735782385
9 0.44083638167619316 0.7554727824601158 0.033403276554721216 0.04394265317172355
9 0.4158357840004949 0.7111445970138388 0.0714450034172746 0.05267594977430366
9 0.21068461025015883 0.39289255565739845 0.052460887491109935 0.050383990269694104