9 0.4551756198347108 0.4607195767195767 0.031404958677685946 0.03497354497354497
9 0.5364462809917355 0.5324126984126984 0.028760330578512395 0.029354497354497352
9 0.5592148760330579 0.4834920634920635 0.03729338842975207 0.03507936507936508
9 0.4866219008264463 0.6768888888888889 0.03018595041322314 0.06196825396825397
9 0.4123243801652893 0.6753544973544974 0.03322314049586776 0.045026455026455026
9 0.3596280991735537 0.6428253968253969 0.023987603305785123 0.027947089947089946
9 0.45829545454545456 0.5824656084656085 0.038873966942148765 0.03855026455026455
9 0.22017561983471073 0.29713227513227514 0.024907024793388428 0.02602116402116402
9 0.0847210743801653 0.42708994708994713 0.03508264462809917 0.035904761904761905
9 0.19419421487603306 0.5558518518518518 0.02349173553719008 0.04845502645502645
9 0.2480888429752066 0.5033227513227513 0.02896694214876033 0.02926984126984127
9 0.7062603305785123 0.3304867724867725 0.02871900826446281 0.03349206349206349
9 0.6881404958677686 0.38216931216931216 0.0387603305785124 0.03867724867724867
9 0.6750929752066116 0.42174603174603176 0.0324896694214876 0.033185185185185186
9 0.6094214876033057 0.45637037037037037 0.04547520661157025 0.053915343915343916
9 0.5611157024793388 0.389037037037037 0.031497933884297516 0.0286984126984127
9 0.6148037190082645 0.2527936507936508 0.026239669421487602 0.027216931216931216
9 0.6597417355371901 0.3226031746031746 0.04791322314049587 0.04633862433862434
9 0.6492252066115703 0.2821269841269841 0.02756198347107438 0.030264550264550265
9 0.6772727272727272 0.29099470899470903 0.023822314049586776 0.025195767195767195
9 0.5301342975206611 0.25683597883597886 0.033677685950413226 0.038857142857142854
9 0.5357851239669421 0.21918518518518518 0.023419421487603308 0.024857142857142855
9 0.4401239669421488 0.23496296296296296 0.0290599173553719 0.042878306878306884
9 0.4711673553719008 0.226973544973545 0.027107438016528925 0.02762962962962963
9 0.5028512396694215 0.2524126984126984 0.021559917355371903 0.032857142857142856
9 0.4945661157024793 0.29362962962962963 0.025888429752066115 0.028317460317460318
9 0.4577582644628099 0.3611640211640212 0.036477272727272726 0.03506878306878307
9 0.5161880165289257 0.40925925925925927 0.02805785123966942 0.03143915343915344
9 0.5197520661157025 0.3695555555555556 0.06024793388429752 0.030455026455026457
9 0.5805061983471074 0.4077248677248677 0.025857438016528927 0.02837037037037037
9 0.4484400826446281 0.6611005291005291 0.022654958677685952 0.026804232804232803
9 0.4524793388429752 0.6926137566137566 0.020423553719008263 0.022486772486772486
9 0.47125 0.7335449735449736 0.00017561983471074382 0.0005396825396825396