9 0.34821684634829914 0.4275338506328998 0.048897927050428495 0.04739704706350411
9 0.37468290876497035 0.6228048821362765 0.06304887044665491 0.047560551327706514
9 0.31282741845114526 0.6282040540415774 0.03699570013090878 0.037893112011172715
9 0.33791444387059594 0.7057935867159144 0.04893909233392757 0.050909927625565
9 0.3288921344414361 0.7410313951793249 0.040533435979965386 0.037933988077223584
9 0.37881836740205344 0.7744169756878712 0.044112337112521195 0.041487744705335075
9 0.41082265117755934 0.7881006133416588 0.035747846042058086 0.03202468571905454
9 0.6717493937883326 0.5602309904489886 0.047691238245077004 0.04504150133344656
9 0.686058550526617 0.6238916290732338 0.04540135648487097 0.0508690515595144
9 0.7295675432364623 0.6632069499729745 0.04881559648343008 0.04037128593938233
9 0.686276859439345 0.4915526898692484 0.07262005032246951 0.05937915604404472
9 0.23423856364767862 0.9166217422337335 0.033389355476020344 0.03199743500835397
9 0.308476380895471 0.10593537244883307 0.0404785489353 0.033250147327808996
9 0.2704184835401021 0.12921192015111088 0.07353858214332737 0.03714453783967591
9 0.5030119265760189 0.25124861045563013 0.04040994012946817 0.027395346391040847
9 0.4691431356364647 0.27974679025727345 0.026341327300239897 0.03425760325096003
9 0.5780578370044244 0.16371872117137257 0.020294161512315452 0.02130891441331905
9 0.5598069786399646 0.16627183455400815 0.021487128556500767 0.022493499956022837
9 0.5398760307099133 0.12609852645358646 0.021418519750668802 0.01663869901925472
9 0.4942765348654192 0.16000228065182334 0.02741079849392773 0.02490354710748121
9 0.4773078349927262 0.17132397008426098 0.025011142644390923 0.021363415834719873
9 0.7683558370164306 0.2493538656891851 0.029728123776466393 0.021417917256120696
9 0.5467331934952986 0.2583557135254707 0.028603765538113043 0.026088132650185062
9 0.5081970999423296 0.4924391583397774 0.08439878139149189 0.058344449410193316
9 0.16297969767481693 0.4718344108452895 0.03809261484692951 0.030880976242401225
9 0.14080168562263748 0.6424884378899222 0.030962256104150782 0.026115383360885504
9 0.21847448713711407 0.6784812230161222 0.03100342138764992 0.029628263922946395
9 0.6048694219821225 0.6904123617618773 0.0321552231483361 0.027299968903589423
9 0.550212899216908 0.7062684232212596 0.039299303652281 0.03323652197245877
9 0.8302194274767728 0.3956144760792046 0.028590043776946867 0.02491717246283143