9 0.39543973941368077 0.6160991379310345 0.040271444082519 0.04122844827586207
9 0.578099891422367 0.6091487068965517 0.03854505971769816 0.05419181034482758
9 0.5772204125950054 0.6659051724137931 0.03208469055374593 0.02991379310344828
9 0.6509229098805646 0.6505172413793103 0.04301845819761129 0.041174568965517244
9 0.682985884907709 0.6617780172413793 0.03169381107491857 0.034515086206896556
9 0.7181758957654724 0.6197737068965516 0.03516829533116178 0.0369073275862069
9 0.7337242128121607 0.5913254310344828 0.02743756786102063 0.030226293103448276
9 0.547328990228013 0.3335668103448276 0.03817589576547231 0.04012931034482759
9 0.6074375678610207 0.32623922413793105 0.043105320304017376 0.038060344827586204
9 0.647459283387622 0.29045258620689657 0.03371335504885994 0.041465517241379306
9 0.48551574375678613 0.3139008620689655 0.048675352877307274 0.06150862068965517
9 0.8358849077090119 0.7637823275862069 0.02704668838219327 0.028351293103448274
9 0.09487513572204126 0.6227801724137931 0.02742671009771987 0.03436422413793103
9 0.11308360477741586 0.6592241379310345 0.028078175895765473 0.0645581896551724
9 0.24693811074918567 0.45904094827586206 0.021563517915309447 0.03394396551724138
9 0.26973941368078175 0.49233836206896553 0.029022801302931597 0.021928879310344828
9 0.17281216069489685 0.3824461206896552 0.01803474484256243 0.017596982758620688
9 0.17397394136807817 0.39969827586206896 0.019728555917481 0.016810344827586206
9 0.1347557003257329 0.4141594827586207 0.014288816503800218 0.017941810344827586
9 0.16175895765472312 0.45872844827586207 0.020369163952225842 0.022650862068965518
9 0.17049945711183495 0.47542025862068965 0.01789359391965255 0.02205818965517241
9 0.269413680781759 0.21742456896551726 0.017611292073832788 0.026260775862068965
9 0.2572312703583062 0.41953663793103446 0.022225841476655808 0.023900862068965516
9 0.46950054288816506 0.47605603448275857 0.046775244299674265 0.07336206896551724
9 0.41971769815418025 0.7880926724137931 0.0249728555917481 0.031875
9 0.5747339847991314 0.8237068965517241 0.021259500542888162 0.026045258620689658
9 0.615298588490771 0.7566702586206897 0.0247557003257329 0.02564655172413793
9 0.6611292073832791 0.40608836206896554 0.022823018458197612 0.02675646551724138
9 0.6709880564603692 0.45739224137931034 0.02735070575461455 0.033254310344827585
9 0.409771986970684 0.17473060344827587 0.020955483170466884 0.02318965517241379