9 0.6780126633148623 0.2748069081482374 0.07673208149136612 0.06817839421527949
9 0.7633684667662278 0.24900781332520383 0.09199621600881906 0.09512911145562
9 0.5338356907594726 0.34757926057577115 0.05589958717523943 0.05638061021202449
9 0.47261596502192305 0.4149794520885338 0.0606838076231448 0.055239572033570994
9 0.6264518447371099 0.4432958824460003 0.059969781593433136 0.07158791569033397
9 0.5807166616866629 0.404493008961181 0.08048676596480486 0.07287168100200012
9 0.44812932070282363 0.3616961124081504 0.06358423942475844 0.07160830528079297
9 0.41075413747417194 0.44091107924955053 0.09101462951402567 0.06241883108178822
9 0.2642541543016742 0.3559867443635585 0.06836845987266381 0.07046726710233947
9 0.320344742211366 0.4789459448270826 0.07081315508740904 0.07164908446171073
9 0.3724785629924753 0.5101927412838181 0.03726639145015971 0.03758707347468299
9 0.3727193241050545 0.47807336958967195 0.03723133478963135 0.03641884917561757
9 0.43729340733263233 0.5023821838186213 0.07507152562738942 0.05298468179727605
9 0.4554339989118619 0.5649739369756867 0.04580529637150369 0.04113932208295019
9 0.4079488074476638 0.5682101469318399 0.07215820100663077 0.07632877818812545
9 0.3912086713911139 0.6125007223440311 0.054484427934961104 0.04936446788747906
9 0.26939922609131295 0.6077254877518506 0.06723375391661203 0.0727969191703174
9 0.32493535384212396 0.6921366846112923 0.053384778639437615 0.0528623442545224
9 0.3082478027763666 0.7381795964720816 0.04708022896966877 0.04348256721123394
9 0.16632170008860425 0.6451048776132436 0.05575936053312612 0.05170771301576281
9 0.25024300507097363 0.6718588849227716 0.08165652858138495 0.07171025323308775
9 0.13700469674037954 0.5713538248436799 0.06202885354236664 0.05991926575998572
9 0.6291512075977915 0.5332491534740377 0.053279608657852674 0.04935767135732601
9 0.4948339946131604 0.2521650842973498 0.06319861615894674 0.05875783799107322
9 0.5210309551743635 0.22194417445009101 0.05582947385418271 0.05404416161389365
9 0.6497713345223243 0.21683028168113339 0.07435749959767762 0.06933302545403888
9 0.3312767710708747 0.6425313293470064 0.06808800658843721 0.06112147270981585
9 0.24255009551342865 0.7366409612796785 0.08399605381454509 0.06938739769526273
9 0.31564714970056945 0.3224038887523162 0.06702341395344194 0.06578757337592475
9 0.36475320485709695 0.29289622512749686 0.05937381836445142 0.05172810260622182
9 0.3713353831984269 0.2111714981690648 0.06237942014765 0.07160150875063993
9 0.1266132215063945 0.32542561856502644 0.0718777477224041 0.06698298379560222
9 0.6305901250479362 0.1396323265206738 0.0901603768422007 0.07409427754228945