9 0.5632177152619736 0.30436490755683876 0.039547222627518926 0.0444070507444983
9 0.5062851620986605 0.27169867428031813 0.059896870807637774 0.06663357096864622
9 0.627331531281654 0.3130761658597654 0.04292298122316006 0.04228768351277506
9 0.6788877484983276 0.2867862532041965 0.03716261255956559 0.042057734993788586
9 0.6562705134440167 0.4049035783069398 0.029807625849416645 0.029366446883871643
9 0.31993994002759735 0.5614664759364748 0.045388053893628946 0.046894335606600016
9 0.45038396434614747 0.41988474946410376 0.04086022156526879 0.04896771313452597
9 0.4329876460984631 0.4560816527213292 0.04629873981880119 0.04016831628105194
9 0.50792727961206 0.5967905601810058 0.045669673002433436 0.054795012807502826
9 0.6480030054536896 0.4593325939125879 0.03235316112240121 0.036230435320811605
9 0.6725458124852104 0.6099427306883501 0.029807625849416645 0.029366446883871515
9 0.6485790179019035 0.63682189271012 0.03588984492307331 0.03862574077531861
9 0.5995610189563364 0.6725905105644351 0.03708214995704991 0.03980039865067359
9 0.5679667709109606 0.6552551974400598 0.048884506393043335 0.04816097288954946
9 0.49034260350683734 0.6544091638459263 0.03692122475201882 0.035285725964443085
9 0.7182995699638801 0.8109874751940355 0.02861532081544004 0.028191789008516533
9 0.4993744818029167 0.7560477466301153 0.026150248144971154 0.023585136914691954
9 0.2940182566232768 0.7400135379213449 0.02499817441225226 0.023539147210894788
9 0.013779098590060206 0.5009926194886893 0.02742301578146336 0.027017131133161933
9 0.029163851774855906 0.5212291248093419 0.02138102800906448 0.018886505413272532
9 0.09667356645895173 0.3539831226087822 0.016692270475673357 0.016445210254968104
9 0.13143693494680742 0.34696009063707534 0.02507863701476781 0.025796483554009656
9 0.2306670488087792 0.40329674388124215 0.035487531910495564 0.027339059059742987
9 0.22137914870139672 0.34111555739777055 0.020269185577603363 0.019969183881032672
9 0.24311494141990284 0.32841373207616603 0.02384610067953337 0.023493157507097368
9 0.11715854254660049 0.2956852105985897 0.022694026946814473 0.023447167803299945
9 0.16171453776256678 0.2882712661446057 0.02499817441225226 0.023539147210894597
9 0.16515796031197286 0.2723549374833065 0.022694026946814473 0.023447167803300008
9 0.210999521813182 0.2772873583607598 0.026150248144971154 0.023585136914691954