9 0.38262840996297637 0.41267450339122524 0.053249581549882255 0.05558383908777387
9 0.4351401818444161 0.24400680683291825 0.04494463202770117 0.05225076966131632
9 0.4041529047232995 0.5696635406286549 0.03396974062058516 0.03272882942996862
9 0.4290469215528471 0.5602031254527302 0.028565621865011732 0.02512303172808768
9 0.4422334566309831 0.5363457626923541 0.0329472457330596 0.03271629057924755
9 0.4269567887543724 0.5085291429245797 0.04621710775918012 0.05872882575341657
9 0.5897817169401746 0.4736816252003175 0.023994772589283155 0.03906895816413778
9 0.5756525343730661 0.4426197079611324 0.02026067234283054 0.02178996230163001
9 0.5935253631677672 0.4429390711769633 0.019238177455304744 0.021777423450908946
9 0.5503288572730245 0.4235428969303799 0.020219008868838192 0.02071237609473346
9 0.5882010918107469 0.39561305002856195 0.0212831672303561 0.02180250115235095
9 0.48023764068954494 0.6107364500428246 0.027709780873455093 0.029420837704952824
9 0.5922659585264519 0.8059288872670887 0.02677061293391411 0.03156347126802486
9 0.5749139231566538 0.792139696465051 0.025456473728442813 0.02400782896902794
9 0.7767212343726815 0.6345660927588768 0.020302335816822652 0.022867548508526563
9 0.7594638117067236 0.631546494600444 0.01907152355933582 0.01746707862332274
9 0.6321822901720715 0.6061804651935152 0.024475642314909365 0.025072876325203428
9 0.6163657369082773 0.6187607893336405 0.020219008868838192 0.02071237609473346
9 0.7795170137871548 0.4697392890812278 0.02234732559187401 0.022892626209968566
9 0.6155662791364082 0.3618881369213835 0.02013568192085373 0.018557203680940354
9 0.6698713201742299 0.17327255668476935 0.03520055287807199 0.03812929931517219
9 0.6501314412563023 0.1815926914001924 0.016004038896759134 0.017429462071159797