9 0.32578837790268805 0.7775034262409611 0.10952190433582969 0.10698834720182165
9 0.2867014243353219 0.6582570534771177 0.08106080200688776 0.07458216689895275
9 0.17382633613727766 0.4435675010583108 0.12242849959176015 0.16465156759143906
9 0.5562550384557127 0.8539708386051007 0.09379073017955344 0.10253227253447203
9 0.44310146507170706 0.2457790442335386 0.11157959336319555 0.10088850141976327
9 0.35867424804988407 0.2664002959777781 0.07164281020564274 0.0753921286559199
9 0.4358291467674787 0.3240051823694903 0.09169648934185723 0.10248457733292361
9 0.6272914443983626 0.17926757685792402 0.08004414142998167 0.07968127011785067
9 0.5771450626210495 0.24678235680475913 0.09481348272484813 0.0984577594795083
9 0.4205108301736908 0.6105804094610658 0.14951351520887854 0.14170603144107474
9 0.2431548964992777 0.5845095526052597 0.0800380494615933 0.07865667995391624
9 0.4210164635499309 0.5255394258545085 0.10306251473947625 0.07713214684307852
9 0.7135492022572725 0.6433847868581518 0.06213343887857121 0.06083323795387067
9 0.5468201670372276 0.5032986789310114 0.0663158285855755 0.05990403819303283
9 0.41800947466991323 0.414800221546881 0.2125722351385292 0.18207131371703109
9 0.772770426837828 0.3706185360482702 0.09611646581601026 0.14151439396552828
9 0.7595447013854676 0.3052470418283704 0.11501946107077332 0.15116496225487255
9 0.8453686288645113 0.40198905905617105 0.07585565975458901 0.07958587971475409
9 0.2956331058814361 0.4770834514665303 0.0894743171680038 0.08092048868875237
9 0.15826199296772073 0.5953852739917351 0.10105356145921794 0.09142871393661207
9 0.10044531617268074 0.5438568141159836 0.08216275014123185 0.08382732597513656
9 0.6365756663034058 0.9075489071433976 0.12101586106960581 0.10315231015459927
9 0.6959045475467027 0.35247229476842046 0.06319274323419612 0.06290626588251373
9 0.5761341449405505 0.3287376461191262 0.18707582698286687 0.12002356146238621
9 0.485480333745422 0.7801155951950823 0.17590474457367797 0.17816287719813317