9 0.41382755512271663 0.617485506180347 0.04677153241568921 0.04804281224694351
9 0.23818831087228343 0.7942677886349169 0.052391299138084685 0.050297355745893176
9 0.2332878340939863 0.4314124397929931 0.05832209381177932 0.06588523257817643
9 0.23755981302741855 0.4870003166252761 0.04762592820237566 0.03693816539117784
9 0.1965644923891607 0.4778722502886035 0.04842941707656527 0.07138260983562228
9 0.4391466142266762 0.39149075166545505 0.06562473311160609 0.044819371254483764
9 0.47070144393961855 0.44723700275370304 0.04726399333857953 0.06915392335805462
9 0.48287219907953427 0.4984256849289602 0.06029007534456816 0.05478704997775619
9 0.663510085229151 0.29833592616243904 0.09170374719891107 0.06496804912743048
9 0.48913117105973747 0.2539844726121885 0.06598759905478853 0.060374926810039316
9 0.4196861792849044 0.3185901530361126 0.04835166008874056 0.06804927650228895
9 0.581729048005196 0.8201541324255671 0.04951708382672611 0.07027796297985686
9 0.3784835066791138 0.3183509755883289 0.046745613419747534 0.0469317011358324
9 0.3922250786982176 0.8273885423501643 0.048792283019747654 0.08693816539117809
9 0.4633385869334316 0.8583610423755051 0.06174060803791151 0.06923795867754608
9 0.04936009761855919 0.6770448256043788 0.04682337040757242 0.05026503446916599
9 0.5153744687634245 0.4419400174119677 0.046875208399455665 0.05248725669138796
9 0.36014589266387 0.43603825379126965 0.044466603935659536 0.04469655040291918
9 0.7035436097794106 0.4919278297095926 0.05694931810626106 0.05476765721171976
9 0.744421363856545 0.5538401380793885 0.05011228965399656 0.04806220501298008
9 0.7232104656093288 0.6037237814831694 0.06148141807849538 0.058126847566434964
9 0.6079543408877254 0.6030547310549095 0.05355672287607036 0.05252604222346084
9 0.55384175621799 0.6071856591150969 0.055809813364216934 0.053650081845263334
9 0.47249769322093493 0.6328281117136589 0.04801471314149966 0.05360483205784476
9 0.6023206835879727 0.653584429589083 0.047833280169908565 0.04582705428006698
9 0.44948589029547076 0.7360418563231004 0.05353080388012869 0.05141493111234973
9 0.5341558888740898 0.806542836112377 0.05586165135610004 0.0558723040674853
9 0.323367454189309 0.6519651336250338 0.04591713662900276 0.05914745910270893
9 0.4308178468886905 0.5336838847386225 0.044466603935659536 0.04469655040291918
9 0.25139815354832906 0.6815514212829215 0.06686791383741654 0.05038139106538488
9 0.24554465032276604 0.7176334432449777 0.040944413725760964 0.036899379859104964
9 0.2163470526214298 0.6324524440953037 0.03309747551116059 0.03463190784946417
9 0.3817714948461516 0.368376832609711 0.04796287514961643 0.05138260983562228
9 0.48159386417735683 0.31450447476334376 0.04669377542786444 0.04470947891361018
9 0.6360184858630287 0.37874280384504794 0.05132955138386546 0.05251311371276996
9 0.4285314643829496 0.24974328180696953 0.07023552115105175 0.09928320846496472
9 0.3386415813602572 0.25977846480721184 0.05689748011437771 0.052545434989497534
9 0.541291916859069 0.7393529351668824 0.04330118019767399 0.042467863925351394
9 0.549929384449888 0.7032870738431898 0.053427127896362364 0.046970486667905285
9 0.5874418589118529 0.6946147375083754 0.044414765943776184 0.04247432818069683
9 0.6498406081081162 0.7410943111741802 0.04558018968176199 0.04470301465826474
9 0.615591599436327 0.729227252591803 0.04112584669735219 0.044677157636882736