9 0.5833713493718916 0.7089744665066571 0.028992531679694945 0.029134175867988443
9 0.5719820981109461 0.6662247728742191 0.033433571402323434 0.03031239201304678
9 0.5465896304744503 0.6484951104219604 0.03344002132450859 0.031413713598950115
9 0.5142163321058495 0.6870481906894914 0.028992531679694945 0.029134175867988443
9 0.5418357695258447 0.7030874234833181 0.03010117912980581 0.029153399507777567
9 0.5673862602558752 0.6938347070809514 0.035670216069100494 0.03365480405033378
9 0.5757724348586055 0.5868719477698308 0.03567666599128552 0.03475612563623687
9 0.5959538362370795 0.5479796667470247 0.034542218852434546 0.030331615652835653
9 0.549519641776125 0.526760627900092 0.026768786857288063 0.027994407002507857
9 0.5271596450305399 0.5590834266870571 0.026755887012917885 0.025791763830701815
9 0.5392644680711681 0.5742904688520236 0.02788388422958408 0.029114952228199816
9 0.5197696138225442 0.5905960455439221 0.03569601575784085 0.03806009039394587
9 0.4919341040093483 0.6114510858778489 0.040072556258618566 0.028225090679973364
9 0.5139683796845861 0.6347450271789895 0.032324923952212564 0.030293168373257903
9 0.48282305232652034 0.6529044344675248 0.04026605392417139 0.061264738257065875
9 0.46381802258110083 0.6802136151985597 0.025679489173732657 0.03127914812042848
9 0.44115847403677155 0.6690438231622474 0.031222726424286855 0.03137526631937236
9 0.4183828268931106 0.6776978196721907 0.026762336935103034 0.026893085416605022
9 0.3805082157681585 0.7091884278302957 0.03124207619084206 0.03467923107708161
9 0.4369335067073437 0.6333277661795523 0.034542218852434296 0.030331615652835653
9 0.41991716920743777 0.6049913713627983 0.03010117912980581 0.029153399507777317
9 0.3842888776325403 0.631487585104762 0.028998981601879973 0.030235497453891525
9 0.3622030025798218 0.6170042164908459 0.026768786857288063 0.027994407002508107
9 0.35318224980758517 0.6430390628778788 0.02564723956280702 0.025772540190913063
9 0.31679683154166455 0.6095324738279132 0.03679821328576669 0.036977992447831905
9 0.3028835444938428 0.7138380473732199 0.03233782379658287 0.03249581154506407
9 0.6500715333654514 0.48757595457850206 0.031216276502101955 0.030273944733469275
9 0.6493366118192133 0.5184225708036827 0.028998981601879973 0.030235497453891775
9 0.6265867643642928 0.5226712809700137 0.028992531679694945 0.029134175867988693
9 0.6752124540367286 0.548257158880981 0.026768786857287938 0.027994407002507857
9 0.6279885136909629 0.5672459697394054 0.03236362348532298 0.036901097888676404
9 0.6695563431479351 0.567626404833229 0.024532142190511128 0.024651994965221104
9 0.6513539591316971 0.5525250926871008 0.0278774343073988 0.02801363064229673
9 0.6972435047508737 0.5721017609750733 0.030114078974176114 0.03135604267958349
9 0.6598845178178666 0.6101906868287024 0.028986081757509666 0.028032854282085358
9 0.6298865374430223 0.6217229409620304 0.030114078974176114 0.03135604267958349
9 0.6468674003709103 0.6561166045012514 0.027877434307399054 0.02801363064229673
9 0.6805069997002942 0.6852659663070767 0.036785313441396385 0.03477534927602549
9 0.6934241433533814 0.6564105332160256 0.028992531679694945 0.029134175867988443
9 0.6735039638234039 0.6506992900097566 0.028992531679694945 0.029134175867988443
9 0.6675418512136813 0.6276772667246303 0.028986081757509666 0.028032854282085358
9 0.6941945394716377 0.6195066482683778 0.03347227093543385 0.03692032152846528
9 0.7252656927245748 0.6140124392177277 0.03235072364095293 0.03469845471687024
9 0.7293491313487933 0.5792535265225199 0.035670216069100494 0.03365480405033353
9 0.7492370612678453 0.5904713776583043 0.031209826579916673 0.029172623147566194
9 0.7296200280805673 0.5329980199145905 0.03456801854117465 0.03473690199644799
9 0.7232100154618432 0.4918138022819576 0.02676233693510291 0.026893085416604897
9 0.7426887449050044 0.4782615295548168 0.027858084540843722 0.024709665884587482
9 0.7670951136129062 0.47508530551470585 0.028986081757509666 0.028032854282085483
9 0.736439610758045 0.5042483168423777 0.027870984385213775 0.02691230905639365
9 0.7618127286279854 0.5252819440523456 0.03010117912980581 0.029153399507777317
9 0.686827822157015 0.4577565524390404 0.027896784073954385 0.03131759540000598
9 0.7162521290402486 0.449537874883316 0.040130605558284314 0.03813698495310112
9 0.7473813315928517 0.4341317715595383 0.03914450662969022 0.059042871445470956
9 0.7231104112508369 0.4141802422956846 0.02564078964062199 0.02467121860500998
9 0.7076538461711357 0.40343615739369676 0.026775236779473216 0.02909572858841094
9 0.7802218797370091 0.4104369208818044 0.023417044818215237 0.02353144973952927
9 0.6849426982493256 0.40107693804460914 0.0278774343073988 0.02801363064229673
9 0.67842948687564 0.3775138657864256 0.03010117912980581 0.029153399507777317
9 0.6385568782047595 0.3715979873034034 0.026775236779473216 0.02909572858841094
9 0.6135897358496172 0.3758851447493118 0.027903233996139414 0.03241891698590907
9 0.6488826314708896 0.4066576534743086 0.049115883758502975 0.05811456261766688
9 0.7456413309343269 0.35267242148228767 0.021199749917993504 0.023493002459951645
9 0.7509910705193285 0.3856159508604363 0.02676233693510291 0.026893085416604772
9 0.7754425886825257 0.3747304757190037 0.0345551186968046 0.032534258824641824
9 0.8145838703511235 0.31623826506648434 0.03015922842947181 0.03906529378090507
9 0.7840863905897971 0.31841889753953057 0.04580284125254043 0.06025953487010667
9 0.7530023374924897 0.3261157497619866 0.0279354836070648 0.03792552491542449
9 0.7197493639113489 0.32559113736974704 0.0457963913303554 0.059158213284203585
9 0.8604891711929002 0.4277656739574699 0.03124207619084206 0.03467923107708161
9 0.8248350799292624 0.4586671740430458 0.050127782375837426 0.0416139624689095
9 0.8007798623975855 0.4965254162192095 0.026755887012917885 0.02579176383070169
9 0.8307423682004118 0.4910504308083484 0.035663766146915465 0.03255348246443057
9 0.49997917190199387 0.37345028148405 0.04354684681920829 0.05361315807511067
9 0.46034521035196185 0.3267855043226138 0.043430748219876546 0.03378936952885516
9 0.41864515749019504 0.34898216173980334 0.026762336935103034 0.026893085416604897
9 0.3910995245924658 0.4149817752758621 0.022301947445919217 0.022410904513837437
9 0.34945429606927225 0.4278171992128755 0.026755887012917885 0.025791763830701815
9 0.3902230743410183 0.37535342182313985 0.028973181913139613 0.025830211110279316
9 0.4410338093027504 0.4064074603840451 0.024532142190511128 0.024651994965221104
9 0.41715273967007105 0.4145300197408256 0.031222726424286855 0.03137526631937236
9 0.48638838096342685 0.4226897757342027 0.03237652332969341 0.0391037410604827
9 0.3930391032558657 0.5570042007578879 0.025634339718436837 0.02356989701910677
9 0.3990141157099587 0.5778235808712081 0.031222726424286855 0.03137526631937236
9 0.43492297889990766 0.5034198781424604 0.0278709843852139 0.02691230905639365
9 0.3904448574906786 0.5267659162450251 0.0345551186968046 0.032534258824641824
9 0.49893428450800853 0.5518643784003496 0.025634339718436965 0.023569897019106896