9 0.6215817984832069 0.7303991596638656 0.05990249187432286 0.052741596638655464
9 0.6937811484290358 0.7659558823529412 0.06902491874322861 0.0760609243697479
9 0.5020585048754063 0.6453046218487395 0.04270855904658722 0.0436344537815126
9 0.45569880823401954 0.5764390756302521 0.04645720476706393 0.043056722689075635
9 0.5960563380281689 0.5731197478991596 0.04314192849404117 0.058256302521008406
9 0.5505742145178765 0.6012605042016806 0.06150595882990249 0.05634453781512605
9 0.42778981581798486 0.6207563025210084 0.04638136511375948 0.05792016806722689
9 0.40407367280606715 0.5445273109243697 0.07396533044420368 0.04470588235294118
9 0.2637378114842904 0.5999264705882353 0.05053087757313109 0.055756302521008404
9 0.3282340195016251 0.4980567226890756 0.05304442036836403 0.05672268907563025
9 0.37837486457204766 0.4774579831932773 0.02791982665222102 0.02903361344537815
9 0.3743336944745395 0.5065021008403361 0.028418201516793067 0.028224789915966386
9 0.4352112676056338 0.49375 0.06121343445287107 0.03876050420168067
9 0.45803900325027086 0.4401050420168067 0.03612134344528711 0.031228991596638656
9 0.41648970747562297 0.43047268907563024 0.05378114842903575 0.06080882352941176
9 0.4068580715059588 0.3887710084033614 0.04202600216684724 0.03765756302521008
9 0.2984398699891657 0.3758403361344538 0.05026002166847238 0.05753151260504202
9 0.3575189599133261 0.3084453781512605 0.039804983748645724 0.042247899159663864
9 0.3484073672806067 0.26450630252100843 0.03552546045503792 0.03334033613445378
9 0.21118093174431202 0.3275735294117647 0.04294691224268689 0.03997899159663866
9 0.28853737811484287 0.31564075630252103 0.06262188515709642 0.05559873949579832
9 0.17655471289274108 0.38976890756302524 0.04656554712892741 0.04694327731092437
9 0.6088407367280607 0.49323529411764705 0.04109425785482124 0.03775210084033613
9 0.45593716143011914 0.7246638655462185 0.048851570964247026 0.046092436974789916
9 0.47575297941495126 0.7558823529411764 0.04231852654387866 0.042153361344537815
9 0.5892307692307692 0.7783088235294118 0.05751895991332612 0.05381302521008403
9 0.35772481040086673 0.3532878151260504 0.05321776814734561 0.04717436974789915
9 0.2897724810400866 0.2569852941176471 0.06645720476706393 0.052195378151260505
9 0.3057096424702059 0.636985294117647 0.05039003250270856 0.051502100840336136
9 0.34566630552546046 0.6701680672268907 0.04655471289274106 0.04042016806722689
9 0.34203683640303356 0.7443382352941177 0.04508125677139761 0.05785714285714286
9 0.13793066088840736 0.6078676470588236 0.05526543878656554 0.052268907563025206
9 0.563228602383532 0.8445693277310924 0.07098591549295774 0.0554936974789916