9 0.5143485592162502 0.12261371982940669 0.10098973328357737 0.08927213272457338
9 0.4157529104970018 0.2367506780139242 0.0979159510963754 0.12091165165883576
9 0.4606281136987065 0.3407182866647828 0.06517030253809789 0.07151685868164799
9 0.38284837522039483 0.3690549582656387 0.06750927743511767 0.07504505818001868
9 0.41555389945636534 0.4150406603337355 0.05697720301147714 0.058599978619169366
9 0.3637231659752366 0.452103667200351 0.09379893652918672 0.06391480695673447
9 0.29704191660629287 0.3010115768259284 0.06644010079237563 0.08180368570356067
9 0.2846849908031251 0.2271205793340757 0.0664534755664781 0.08294004933992424
9 0.3366762215734827 0.20369393610382386 0.06868545227067867 0.07737733974738577
9 0.5393759127285424 0.1994325418350247 0.08247855571895453 0.07809199128306352
9 0.5807556257160947 0.25041035565837466 0.07427208141823172 0.06403874758422119
9 0.660667030092839 0.20798824719225295 0.0908589020830089 0.10691796225463318
9 0.20792882518637168 0.39122292833306627 0.07330990296830882 0.07988828419867233
9 0.25277607091169696 0.3464162320622482 0.06522380163450736 0.07606231322710254
9 0.28339754624404284 0.5081323621555165 0.06740227924229845 0.06595414908910946
9 0.4017014148100785 0.5068800908670542 0.07078368123385534 0.060450993791210876
9 0.42702929809694956 0.5604332354745376 0.045389326719197175 0.05004989021822568
9 0.15062595342301016 0.5489513367045701 0.06283132764107797 0.06798865918327757
9 0.13192833430640363 0.6195298227866023 0.07086392987846982 0.06726917560939269
9 0.1728938319395067 0.6841142230989959 0.05693707868917 0.055190887710078455
9 0.2659500658632855 0.6361269890212322 0.06535754937553132 0.08742594959073915
9 0.2529059497647438 0.699048701121918 0.08128900610929106 0.07462334607933278
9 0.32362944451513853 0.7543860585494924 0.04537595194509484 0.048913526581862043
9 0.30418992807857387 0.8107302220296592 0.05045514496220634 0.09006083466951224
9 0.10889221156446909 0.5166937457339003 0.045389326719197175 0.05004989021822568
9 0.1069269250568666 0.44731600962107854 0.08275942597510491 0.1019556276467
9 0.08197313280213767 0.37674718761546055 0.07554187967250948 0.0743255746061338
9 0.06973657996589146 0.3130834628508805 0.07205347948813333 0.07073782081312342
9 0.6481496070004424 0.12046088606403658 0.06391387905792235 0.06236639529609914