9 0.560468085106383 0.8522187171398529 0.08875531914893618 0.07365930599369085
9 0.46247872340425533 0.7463406940063091 0.08376595744680851 0.10290220820189275
9 0.498031914893617 0.6503995793901156 0.05601063829787234 0.05964248159831756
9 0.42394680851063826 0.624416403785489 0.05819148936170213 0.06258675078864354
9 0.4513404255319149 0.5821766561514196 0.049574468085106384 0.049053627760252363
9 0.4011914893617021 0.5481072555205048 0.08446808510638298 0.05053627760252366
9 0.34860638297872343 0.686919032597266 0.05727659574468085 0.06975814931650894
9 0.34171276595744676 0.7553417455310201 0.057617021276595744 0.07004206098843323
9 0.39082978723404255 0.7769926393270241 0.05959574468085107 0.0653838065194532
9 0.5793085106382978 0.7815141955835962 0.07225531914893617 0.06480546792849633
9 0.6150957446808512 0.7338906414300735 0.0652659574468085 0.052565720294426924
9 0.6916382978723404 0.7734384858044163 0.07830851063829787 0.0901472134595163
9 0.26052127659574464 0.6043007360672976 0.06393617021276596 0.06721345951629863
9 0.30503191489361703 0.6449737118822292 0.05602127659574468 0.0646372239747634
9 0.32353191489361705 0.49585699263932703 0.05825531914893617 0.054710830704521554
9 0.4330425531914894 0.49701366982124084 0.06288297872340426 0.049484752891692955
9 0.4536063829787234 0.4476445846477392 0.03977659574468085 0.04220820189274448
9 0.1977872340425532 0.45786540483701366 0.05382978723404255 0.057266035751840166
9 0.1759787234042553 0.39267087276551 0.061351063829787236 0.05550998948475289
9 0.2108191489361702 0.3332912723449001 0.050510638297872335 0.04585699263932702
9 0.2997021276595745 0.37768664563617244 0.055212765957446806 0.07441640378548896
9 0.2837127659574468 0.3198527865404837 0.07143617021276596 0.062008412197686644
9 0.3458191489361702 0.2682229232386961 0.039712765957446806 0.04051524710830705
9 0.32449999999999996 0.21617245005257624 0.04130851063829787 0.07842271293375394
9 0.1612127659574468 0.4879600420609884 0.039446808510638295 0.04215562565720295
9 0.1631276595744681 0.5522082018927444 0.07098936170212766 0.08754994742376446
9 0.1444255319148936 0.6171713985278654 0.06595744680851064 0.061966351209253416
9 0.13696808510638298 0.6763512092534175 0.06237234042553192 0.058727655099894846
9 0.6849999999999999 0.8545951629863302 0.05638297872340425 0.05202944269190326