9 0.5865410401801063 0.8980857263569509 0.03681755068010739 0.033026375460767504
9 0.5273934492053136 0.7069272201789535 0.035705104332656695 0.035276264697938375
9 0.5928297880287224 0.6552007677107274 0.03565209269954012 0.03071005465227628
9 0.5113697983815065 0.8468233344053269 0.029930826062936264 0.028260870701143324
9 0.4912596202235771 0.8799012493501975 0.027666174643197122 0.029335991641237985
9 0.5172816362921641 0.6695444293798355 0.046088202891530025 0.04699073188303726
9 0.5764007265804063 0.6130690800448151 0.0333874412798011 0.0317851755923712
9 0.47184362385430884 0.7766300707522337 0.03219547748267541 0.027185749761048407
9 0.4495748175428735 0.8199155267285233 0.02761316301008054 0.024769781595575885
9 0.4658117118211421 0.8454947029789106 0.02761316301008054 0.024769781595575885
9 0.4452567632878646 0.7421903085952863 0.031083031135224457 0.029435638998219025
9 0.42502651100742606 0.6668539507413426 0.03106977822694538 0.028294086486803757
9 0.3937318323137337 0.6682236216585125 0.031056525318666296 0.027152533975387975
9 0.3774220470399298 0.6363659065953398 0.029930826062936136 0.028260870701143324
9 0.3587945987132703 0.6010171024265998 0.03337418837152189 0.030643623080955414
9 0.36310602651413953 0.6781715443041291 0.031083031135224457 0.02943563899821928
9 0.3718808915870897 0.7965381318424285 0.029904320246377975 0.025977765678312018
9 0.3829921021533189 0.7728976869593065 0.02759991010180146 0.02362822908416036
9 0.3314812220354641 0.7982128527300228 0.029917573154657186 0.027119318189727543
9 0.3421161258516412 0.8316168176320168 0.029904320246377975 0.025977765678312274
9 0.3959380425682121 0.80922196471116 0.04370427529727864 0.0377918802203922
9 0.42586184320301035 0.787841909058558 0.028752115174089654 0.024802997381236317
9 0.43670216709751397 0.8389399378874925 0.023030848537485934 0.022353813430103106
9 0.45583945341892196 0.869168363647693 0.02761316301008054 0.024769781595575885
9 0.44192724762164703 0.8967212028566182 0.03677779195527002 0.029601717926521186
9 0.46746090095389803 0.8894776904540688 0.02651396957090893 0.028161223344162028
9 0.41761829138322104 0.8623478722709916 0.046035191258413447 0.04242452183737516
9 0.3962826181834697 0.8389023300079637 0.029891067338098765 0.02483621316689675
9 0.37851660889495425 0.8777544390812327 0.07019173905162929 0.06366999854172317
9 0.36586766199434634 0.7199046425421165 0.05872269996186342 0.056488525616625956
9 0.40628721090839076 0.7199422504216454 0.028752115174089654 0.024802997381236317
9 0.32196499204687906 0.7140596247485286 0.029930826062936264 0.028260870701143324
9 0.3030931628650523 0.7557323993146762 0.042923151656806394 0.06858058224295094
9 0.2930339626110209 0.673845668463183 0.04053922406255501 0.05938173058030587
9 0.2108910492134308 0.7576081307218454 0.05334600894051723 0.08371970696229666
9 0.2622039336550954 0.8133099774759709 0.03452639344381008 0.03181839137803137
9 0.25573467564871705 0.8445033768259355 0.03341394709635927 0.034068280615201986
9 0.17355623613643842 0.6309910572178348 0.08722300987864944 0.05960202528096704
9 0.17295985526387714 0.5796211942041362 0.08650815077957286 0.09609848986060354
9 0.2242052782421507 0.48240482810707197 0.02991757315465712 0.02711931818972767
9 0.2403361492541862 0.498851584266135 0.02759991010180146 0.02362822908416023
9 0.18710318900804015 0.47390522374890787 0.03220873039095449 0.028327302272463932
9 0.15143824237421938 0.4911237666832534 0.04759823648735509 0.07898741798833239
9 0.11136989552957226 0.521337300356236 0.028897897165160256 0.037360075006806964
9 0.3039588345133452 0.5360831882241689 0.03798300866067492 0.035342696269259115
9 0.29460243737210673 0.5637688905757358 0.029877814429819682 0.023694660655480964
9 0.218533189602513 0.8274421286321549 0.04139986515270219 0.03544234362624028
9 0.6867531838606382 0.605446262395427 0.05876245868670079 0.05991318315087253
9 0.6971035491228124 0.6633769984000244 0.05186248116125059 0.05400612587983258
9 0.7374825413640222 0.561849648549232 0.03340069418808005 0.03292672810378646
9 0.802871298086459 0.3589173119969394 0.029983837696052718 0.0328270807468053
9 0.7944624838871789 0.4682240189147164 0.035678598516098274 0.032993159675107325
9 0.7170733748218154 0.47110233179117855 0.11318115524983147 0.13795834334175175
9 0.6877178533470263 0.3452885450424986 0.04716089051414361 0.041316185111620066
9 0.7308721329507207 0.33570599603914664 0.029904320246377975 0.025977765678312018
9 0.5523010240564574 0.2534695389555753 0.0370826088456903 0.0558574256890782
9 0.5315215740304314 0.2288990520739619 0.031096284043503668 0.03057719150963468
9 0.5557050266142041 0.3014977838991783 0.043757286930395226 0.0423580902660543
9 0.5939328151040446 0.30888905153158736 0.03812879065174546 0.04789977389483002
9 0.48697653700542426 0.21675888757475859 0.05167694044534242 0.038024390720015094
9 0.454132464965068 0.23177736495042414 0.03224848911579186 0.03175195980671057
9 0.41697736409784086 0.21871155054659797 0.05273637515967679 0.031208291437182376
9 0.39834408726503867 0.28093227031822493 0.050590999914449895 0.04255738498001676
9 0.3534080894457969 0.23511630673226358 0.041373359336143965 0.03315923860340936
9 0.3539647115935207 0.2830615122117156 0.039161719549521405 0.03880056958916612
9 0.29448779278174175 0.3087149437385169 0.12727187633487633 0.07674631293889875
9 0.2788804116467322 0.3373595117803671 0.029904320246377975 0.025977765678312146
9 0.2518238707843755 0.3605349356642434 0.027679427551476333 0.03047754415265351
9 0.22691270516724563 0.3723612660052853 0.032261742024071074 0.03289351231812603
9 0.3512105005154504 0.34003949042551074 0.02533525868206232 0.02470335002425502
9 0.3538462333670054 0.3709278398050506 0.02648746375435064 0.025878118321330978
9 0.37307629004636733 0.4091471331451597 0.028765368082368865 0.025944549892651714
9 0.4000400605507701 0.37798084168137475 0.0207396913011885 0.021145829347366717
9 0.3795588009610248 0.37909528630661077 0.023030848537485934 0.022353813430103106
9 0.38946519379584765 0.3987840131787881 0.024209559426332416 0.025811686750010113
9 0.47839742986850775 0.5565761623343206 0.02762641591835975 0.02591133410699141
9 0.45706838312289594 0.5337013963270003 0.046048444166692654 0.04356607434879069
9 0.5023820888280932 0.6120516064883041 0.04283038129885244 0.06058971466304226
9 0.6188985882502849 0.49790953162835716 0.027639668826638705 0.027052886618406935
9 0.6385718194090012 0.47623053390481146 0.029970584787773768 0.03168552823538964
9 0.6423465044245652 0.5071520990700118 0.027679427551476333 0.030477544152653382
9 0.6338234446089187 0.41047500924860736 0.04933277157592866 0.032250196591616605
9 0.6373459253931807 0.37063692659887537 0.031096284043503668 0.03057719150963455
9 0.655039043686161 0.3255062787128209 0.048180566503640346 0.031075428294540776
9 0.6387955229537526 0.2993563262067259 0.039029190466730077 0.02738504447501087
9 0.5876541283717199 0.16035436190492744 0.04951831229183657 0.04823193175143402
9 0.5255021169575469 0.2007649366159795 0.04373078111383706 0.04007498524322325
9 0.5565913755729126 0.181701201771869 0.03676453904699094 0.02846016541510566
9 0.5540885707781475 0.21129852760452164 0.03220873039095436 0.028327302272463932
9 0.5013256898019124 0.17780713114450827 0.028791873898927154 0.028227654915482764
9 0.6452838623745528 0.17173495542780992 0.03677779195527002 0.02960171792652112
9 0.6008253682273584 0.2160850323508449 0.03455289926036838 0.03410149640086242