9 0.32600449108640717 0.8277779405067112 0.08361785902607137 0.08209067097286084
9 0.4363185766106107 0.8220947252733161 0.15209652779070149 0.1422553283968222
9 0.5286208418353894 0.6381402523481039 0.05226536067146994 0.05202506016263559
9 0.608609905445331 0.58515339057449 0.06041568203187366 0.06356612316111458
9 0.5818561905902296 0.6183329192116717 0.051077036018981836 0.04627124656515181
9 0.5879586620648193 0.660898434227718 0.046431226181517855 0.041646796772917286
9 0.6234766298048255 0.7088068856347749 0.03836152140048066 0.04389883722271417
9 0.5646322011774314 0.700419863427466 0.09280198992851062 0.07294876595962821
9 0.4570370004739277 0.7348554287465249 0.05691117050893391 0.05664950995486985
9 0.5316442430131008 0.9111555067380394 0.07663570817331432 0.07285514570979668
9 0.5806570189721517 0.8235053330047751 0.052238488478347764 0.0474273590132103
9 0.6004722502883194 0.7920098193344145 0.05109047211554279 0.04857009713986445
9 0.6341812438030556 0.7542727125120211 0.07211754125318073 0.09006977637733227
9 0.7619335263918661 0.8274287804534189 0.05460170168676302 0.056636135633465236
9 0.68510002074086 0.8344553486345355 0.13961614486201968 0.18011280411185585
9 0.8270655577681494 0.7479182039814803 0.07206379686693638 0.08087437407848169
9 0.6572326496575256 0.6630238018008873 0.10457774768090375 0.11209609733676544
9 0.6734698558662522 0.5521945382404825 0.07672304280096132 0.08779767444542887
9 0.7037583134615555 0.5069661055681662 0.055749718049567985 0.05549339750681135
9 0.7657511970530202 0.5693961777633291 0.058045750775177665 0.053207921253503196
9 0.7528412439809676 0.5061008846106555 0.07085531806960658 0.07167228461892908
9 0.800208868004453 0.5023520696937005 0.05225864262318946 0.05087563487527927
9 0.8364553590363143 0.5244017957155914 0.08953932814367072 0.10741146309821106
9 0.8847526628534867 0.5591654150857754 0.09290276065271885 0.0901901452699729
9 0.8084625492200362 0.6707963715770195 0.1668998156381154 0.10671007757790506
9 0.801386730637936 0.5971896866416504 0.10796133433479357 0.09832305537059637
9 0.708990797683814 0.6983821952968562 0.08939153108149862 0.08212410677637198
9 0.7241228849503902 0.7766333915065665 0.08723657736978056 0.10854751406416277
9 0.8341697883297098 0.421511514595445 0.09417170188457374 0.10973706231573267
9 0.8760123080841481 0.3752005282427949 0.07201005248069177 0.07167897177963138
9 0.7702768519146033 0.3878070438431369 0.08240938022874157 0.07288858151330782
9 0.5120623241489499 0.5075801748226277 0.0951786392334871 0.08445639315459577
9 0.4597600142119369 0.5653252296025209 0.06970730170680162 0.07281502274558309
9 0.42989104968758335 0.6375685001080618 0.08608184295869485 0.10854082690346059
9 0.36606193473114196 0.5929444891258686 0.06502790162793486 0.062443446516567226
9 0.3958301285312873 0.5379425979306726 0.0709224985524119 0.0831665374924923
9 0.4922508368035069 0.43964705755631533 0.05343353117911648 0.054330597898050545
9 0.5545023652537727 0.4578242561882597 0.05224520652662824 0.048576784300566625
9 0.4666287281370936 0.37800234356695156 0.05111062626038449 0.05201837300193342
9 0.4956851937660853 0.3459856145385308 0.053426813130836 0.05318117261069409
9 0.42200014307914985 0.40705523270750127 0.08114715704516742 0.0544910897549045
9 0.41357812570996844 0.366200481301085 0.05109719016382353 0.049719522427220775
9 0.3595739453735897 0.4187630915468213 0.08482633782340117 0.09129276043241359
9 0.13390321469258182 0.6013704847672456 0.07899220333344903 0.08091449704269528
9 0.26218622309555556 0.583721955007494 0.08364473121919355 0.08668837212228586
9 0.2723978304383343 0.5159627039194401 0.11017675048103673 0.08224447566901236
9 0.18042849355002724 0.5441667068275194 0.12649082929840513 0.10762545224068296
9 0.10049058519535872 0.3908250423599713 0.10445010476357335 0.09025701687699532
9 0.21333957910571602 0.24779553602854906 0.06502118357965431 0.061294021229210904
9 0.3752942468112985 0.29758565681985855 0.05224520652662824 0.048576784300566625
9 0.36986281027159473 0.3377854496541696 0.06496743919340989 0.05209861893036033
9 0.27552690115073214 0.3757461931833733 0.14992813798242208 0.16637988510990023
9 0.26485251836976453 0.3251079525130238 0.04528320981871289 0.04278953489957157
9 0.19883111548947738 0.35920954297368535 0.06154354424983687 0.05897510917239147
9 0.40185726718357306 0.09945691228634246 0.06387316721684941 0.062436759355864985
9 0.4373416446821765 0.1531124901301811 0.06384629502372723 0.0578390582064397
9 0.5202873139336086 0.28578121732707107 0.05689101636409222 0.053201234092800954
9 0.584583333245548 0.2505201708379998 0.04414191150418852 0.04508169831358196
9 0.6307021701820202 0.2628566227833311 0.0650346196762152 0.06359287180392355
9 0.5813908260210695 0.3028023035109568 0.08008647531000945 0.0705763566171907
9 0.5528647012596567 0.34286835313122305 0.09977070468470672 0.07988544064797946
9 0.5668454131392877 0.42053814953655283 0.04992230160789625 0.04626455940444963
9 0.586073200177492 0.39076343021687554 0.060388809838751355 0.05896842201168929
9 0.6219237113073853 0.3817753298997947 0.07554815424503444 0.08434271142265759
9 0.6704834039540837 0.27285744477008733 0.05572956390472629 0.052045121644742384
9 0.7505795713899296 0.3003336966917671 0.12518829782514784 0.08233140875814157
9 0.7024834240745892 0.3299412369938882 0.12170394044704953 0.07886307141396581
9 0.6617057149726177 0.19406831530056134 0.19940033035552154 0.13563295026147623
9 0.48625998301871526 0.18040818871290018 0.18379836465589147 0.2320910541495758
9 0.2910725333331466 0.28445381592767494 0.25209564611694685 0.2612212288149165