9 0.6521386354957123 0.4424130111709971 0.04721615272815294 0.05549719904774914
9 0.681839904529366 0.3956987991381543 0.045740911837373194 0.04597115670792975
9 0.684165283452514 0.32221926842624193 0.04811040715056108 0.052338251958392944
9 0.5995214381410535 0.2741520269202498 0.0740011020600252 0.05053159375197336
9 0.5877807469634392 0.3374724217886566 0.04914990819006212 0.05235055222633073
9 0.5095661369954446 0.30799022507577606 0.046780412876874476 0.04598345697586754
9 0.4888088452355375 0.36380034036572423 0.03926182790521244 0.04061194283814694
9 0.5293137906466368 0.35370307615701363 0.0592800661700662 0.06937457387667073
9 0.5722208833636525 0.5863661382644744 0.04030132894471348 0.04062424310608473
9 0.6297337823590899 0.5569035028388195 0.04134082998421452 0.04063654337402251
9 0.32467574535759136 0.756892448703561 0.03906816574908885 0.03638361302842178
9 0.3730652583824121 0.6881886097246025 0.032637497355958896 0.032081481611070384
9 0.4040024796736334 0.7848013220057323 0.040204497866651624 0.038510078201222146
9 0.42192316325124 0.8590492491686459 0.043613494219340306 0.044889473719623006
9 0.45111606912506896 0.8234344028863317 0.04840090038474653 0.058680746672980684
9 0.5026939965523811 0.41261678733059826 0.05226841130856524 0.05238745303014385
9 0.5585735876303568 0.4074608981768943 0.06479083932160852 0.053592138697827744
9 0.44379552249590704 0.5631645646313865 0.06450034608742296 0.04724964398324013
9 0.3684103554618938 0.5173221904416966 0.06469400824354667 0.05147797379296517
9 0.3229286408782561 0.4771219362843568 0.038319157943773254 0.04271380747507173
9 0.3270766907259983 0.4433260484763999 0.06445193054839214 0.046192561530808716
9 0.27136655403463084 0.44478214904659436 0.0812577007160085 0.11823407177932681
9 0.6081134551198395 0.8813478639936303 0.08979014590799221 0.10037437249943448
9 0.7731279890106043 0.5030733603917381 0.10025634656188509 0.07936802639812351
9 0.6115111411499873 0.6709146543521773 0.07366219328680884 0.04313201658495433
9 0.5954857518055209 0.6347647464145723 0.05490275903675908 0.041853529309644075
9 0.5458773290443288 0.6733109848293948 0.05548374550513021 0.05453851873881955
9 0.5506903760289144 0.6363499997981128 0.03580441601349295 0.03317546486731479
9 0.5661675079351232 0.7412410178135961 0.0566200776226931 0.05666498391161992
9 0.4665676372494832 0.7585714352770601 0.03747331906039593 0.04692983701685934
9 0.48748012993674517 0.7334351615095257 0.049463176144099244 0.03650661570779917
9 0.4268857560019097 0.7506982977944388 0.061985604157142646 0.037711301375482946
9 0.37455897484405165 0.7691169186752849 0.042454387381925855 0.06494943977994218
9 0.30872290228428667 0.9121790169334899 0.04484665741496506 0.049130103797285954
9 0.3441898425742271 0.8644753739218735 0.08720134761950148 0.06653543375369543
9 0.3162230116850885 0.8165499557922714 0.04837525956556728 0.03543723298742985
9 0.3181468128367358 0.785900714805733 0.06757043366689526 0.04622946233462196
9 0.15696299280283885 0.6036632129923494 0.07105348637779407 0.07690945399100493
9 0.14527923842485368 0.7225111872832433 0.048665752799752784 0.04177972770201759
9 0.15427449733695875 0.6850708620974965 0.061527089586012676 0.05038399053672087
9 0.30850654244569614 0.7011742151280393 0.03193690508967435 0.039468758510151865
9 0.3240734172190325 0.7246268333685313 0.06227609739132821 0.044053796090070686
9 0.6429497144274835 0.4840816661664689 0.07774900718593027 0.06431056643739325
9 0.6156706553950398 0.4552021825825368 0.036433818020895126 0.04691753674892156
9 0.6101271532133838 0.3832160235397385 0.07052091544845404 0.06528154701426063
9 0.5485444828400212 0.5469527309600425 0.049608422761192025 0.03967786306509304
9 0.5746900758542297 0.5324549331904787 0.04738417406509705 0.0364820151719236
9 0.5936446053100668 0.5046513527559907 0.03860965117795882 0.04905630218965959
9 0.6165606106684567 0.5266044491933998 0.03476491497399191 0.033163164599377
9 0.664945824544286 0.5261193292000725 0.03916499682715082 0.03849777793328436
9 0.5899622352817736 0.4374466652850086 0.03906816574908873 0.03638361302842178
9 0.6312673160617774 0.7732121673083332 0.05620997859059401 0.07039475552528913
9 0.5948833466295772 0.7955212309257235 0.054395828926598125 0.05346913601845048
9 0.490068851187851 0.8926429231458433 0.048013576072499224 0.05022408705353036
9 0.4805198337509875 0.5107163508517669 0.05478315323884555 0.06192579563790079
9 0.3805554134729518 0.5587144597036761 0.04436250202465578 0.038559279272973056