9 0.5285195626006267 0.4262241325722126 0.047022324244258805 0.047675023809209925
9 0.6428891484913015 0.2298594215324385 0.05231441795518456 0.050890935605711125
9 0.7398028687534915 0.5600598465859412 0.05894190112359086 0.0666250297615124
9 0.7214132942221065 0.5097598376574874 0.046803663153236134 0.038300023809209924
9 0.761067117156159 0.5099299339775628 0.05068835314177695 0.07064623755377729
9 0.5631889152279754 0.6376798298122691 0.06474333128146612 0.046942457250647135
9 0.5198807748520765 0.5926726109272766 0.04959592045209935 0.06854472186114388
9 0.49641776770078916 0.5485316902023217 0.06078662702802137 0.056244727813446124
9 0.3830924595289498 0.7673013257550794 0.08923759554776166 0.06819398484788573
9 0.55225549517184 0.7728510346283827 0.06612731209250747 0.061543972943280775
9 0.5990812720882631 0.7002590143358433 0.05059117043465558 0.06647957088711062
9 0.324652039963373 0.2748164529199025 0.05168360312433317 0.06858108657974427
9 0.636453046935839 0.6920594126039847 0.0469980285674784 0.046633357142543255
9 0.49473656579304126 0.2304025265118063 0.05207233395281853 0.08524775324641087
9 0.42240781764122026 0.21612711038675733 0.06319015349839947 0.06982275919871342
9 0.8437934713267922 0.2989572521587817 0.047070915597819604 0.04975835714254326
9 0.48107686422261703 0.6065741057868514 0.047119506951380175 0.05184169047587659
9 0.6234271439975648 0.5809400890109825 0.04488605021846442 0.045555325757275965
9 0.29725145852052937 0.5986865105500115 0.057655103019670646 0.05619018073554542
9 0.24498563191890557 0.5498789082776337 0.050178143929389935 0.04877123755377729
9 0.2516603972927167 0.5005361093057188 0.06190335539447931 0.05938791017274644
9 0.3560076510065186 0.47840510308205825 0.05340685064486204 0.05299245129834465
9 0.4036599173161915 0.4636164916098687 0.05554312467065654 0.055112149350278375
9 0.47159376626708455 0.4236706939903503 0.0492557809771748 0.053961388527810426
9 0.34863914969631205 0.43090017559292354 0.04699802856747864 0.046633357142543255
9 0.46616630080299265 0.32517864691244963 0.053382554968081634 0.05195078463167799
9 0.37115157077413613 0.27770890124209585 0.056635557360334134 0.05721366504291202
9 0.6014418093026911 0.37647341341586205 0.048333418024959655 0.05915153950184357
9 0.5345535472187896 0.5059843620094135 0.04488605021846442 0.0455553257572762
9 0.6594348698836932 0.3353132167163249 0.06590865100148456 0.05216897294328078
9 0.6555015885415915 0.3008836696384242 0.040540615136534675 0.038190929653408645
9 0.7036167818582466 0.37304695129395093 0.033160838753375096 0.03493865313830705
9 0.6208067019670384 0.6475340262404482 0.04816334828749708 0.051859872835176665
9 0.5441585599409423 0.7164828492929313 0.046973732890698235 0.04559169047587659
9 0.3875211839487364 0.6887645865775472 0.05131916797262821 0.05295608657974403
9 0.6084164140695205 0.7649787153639284 0.07324070879652061 0.09811140043241551
9 0.6875899973326147 0.737202999183729 0.05656267032999293 0.054088665042912015
9 0.38200388340600816 0.34037254247579796 0.04379361752878682 0.04345381006464256
9 0.3833397092462077 0.3752774669887814 0.05328537226096038 0.04778411796501132
9 0.3513572108166786 0.39085964718380767 0.044837458864903736 0.04347199242394287
9 0.2828272450192302 0.36051112716262623 0.04590559587780105 0.04453184144990985
9 0.31683712331176095 0.364747887173217 0.041754526210113684 0.045500778679375506