9 0.32929893529593407 0.44607708031024507 0.03217521612381614 0.034061740303311085
9 0.2438374222525367 0.41303294690099257 0.032187620878210615 0.03617590520817367
9 0.3626267273830885 0.4040934932524004 0.024675315293469027 0.02741773592387048
9 0.36967421007648743 0.42445803310881547 0.023603014835248334 0.026317580662174492
9 0.38468951768017484 0.44038874799877503 0.03430120990866593 0.03309080346940919
9 0.699058557059399 0.5217840497352644 0.034357031303440456 0.04260454554129079
9 0.6683929089862045 0.5633467775900552 0.028958314749154432 0.03076127451822301
9 0.5938983282289647 0.31039629015542286 0.03654504886026213 0.05220443323170179
9 0.5689194518512797 0.3220690685668778 0.0235968124580511 0.025260498209743205
9 0.45595337071457526 0.3243743867256225 0.044013937804623426 0.05356302534898607
9 0.3367333557672652 0.3507341644346986 0.027892216668130857 0.030718201708958434
9 0.4269702464566322 0.28938478239767423 0.031115320419989923 0.03507574994647768
9 0.4485027335033596 0.2352994874611736 0.029069957538703596 0.04978875866198634
9 0.41331839564098705 0.23334954352922269 0.025747615751689594 0.028517891185566465
9 0.556370913379841 0.2724193972222787 0.06860241981733187 0.0661816069388185
9 0.5389601639816723 0.3023640869899185 0.03216281136942191 0.03194757539844851
9 0.4725798747957465 0.2515963212298831 0.022549321508619234 0.028388672757772317
9 0.4761499562722018 0.22426293229909608 0.02574141337449248 0.027460808733135174
9 0.43756264571925196 0.18730004900911854 0.038621423627534394 0.042776836778349696
9 0.2858452464323181 0.215517353392915 0.030024412830177764 0.030804347327487824
9 0.25630461902352036 0.26716543735506776 0.032187620878210615 0.03617590520817367
9 0.36557346995122725 0.27052331785226874 0.028945909994759957 0.02864710961336055
9 0.34102530339030057 0.2647757722032397 0.027892216668130975 0.030718201708958434
9 0.361154018197204 0.24392396530442767 0.026801309078318576 0.02644679908996858
9 0.3514319867354507 0.22186611974620388 0.024687720047863255 0.029531900828733
9 0.3685174667292132 0.22731215573037997 0.023584407703656867 0.023146333304880563
9 0.3146437209681289 0.5823447021657588 0.04391469976946861 0.03664970611008544
9 0.31749193629800443 0.6136363165356435 0.02895211237195707 0.02970419206579172
9 0.32824559736775083 0.5390357269103015 0.042873411197233854 0.04083496311054602
9 0.3514423564965838 0.49611440693822645 0.031152534683172976 0.04141824466106542
9 0.3484053240606401 0.5234693322736459 0.032119394729041614 0.024547998231429478
9 0.3814667693267616 0.5269187542657143 0.026801309078318698 0.02644679908996846
9 0.42899496721306585 0.5436346486120318 0.027886014290933618 0.029661119256527146
9 0.4201657226692607 0.5829091216994551 0.042836196934050684 0.03449246839595828
9 0.3589022972735952 0.5867749298813224 0.04410697346258112 0.06941926213545542
9 0.3922614566451813 0.6409643095900927 0.03114633230597586 0.04036116220863425
9 0.5512217135072253 0.6664096423142968 0.04289201832882544 0.04400621046783989
9 0.6314051009532355 0.6173360580184333 0.03216901374661903 0.0330046578508798
9 0.6437289322517925 0.2653805430576716 0.038584209364351335 0.036434342063761956
9 0.6322127341852386 0.3008475455384237 0.0439333069010602 0.03982095346737931
9 0.6315901060738135 0.37638586807799623 0.024662910539074552 0.0253035710190079
9 0.6373513062956891 0.35918090806383585 0.026776499569530116 0.022218469280243423
9 0.6181305289512811 0.3531201852349147 0.027904621422525207 0.03283236661382102
9 0.5866248141663145 0.3423357952897243 0.024662910539074552 0.02530357101900778
9 0.6854187555997023 0.37697542126721684 0.023603014835248213 0.026317580662174492
9 0.6656091078200078 0.36137941996178174 0.022524511999830528 0.024160342948047097
9 0.6868349325939207 0.3458560981343909 0.03966891457696638 0.03964866223032052
9 0.6818328127818081 0.31077854956246714 0.042861006442839626 0.03872079820568332
9 0.6398738968227127 0.334975693681078 0.06524906614433217 0.039625327200242165
9 0.3996455473020434 0.3553896250861788 0.03642720369351572 0.03211986663550729
9 0.3977242319647006 0.3912442828503132 0.024656708161877438 0.02424648856657661
9 0.4234284310760099 0.4123625968688607 0.038578006987154224 0.03537725961133055
9 0.47496052144412637 0.3848533194501227 0.025729008620098005 0.025346643828272595
9 0.3009105284520288 0.33079228240678343 0.030024412830177764 0.030804347327487824
9 0.23797113701675496 0.5031550597282796 0.03216901374661903 0.0330046578508798
9 0.22754894772861187 0.5434220060542372 0.027892216668130857 0.030718201708958434
9 0.18896783955285915 0.5075162052166909 0.031090510911201217 0.03084742013675252
9 0.15019171189384103 0.5291998616320176 0.031096713288398393 0.031904502589183814
9 0.216989950743685 0.4695455839222479 0.03216281136942185 0.03194757539844851
9 0.49845153809137965 0.30125586146407535 0.026801309078318698 0.02644679908996858
9 0.5129337966545554 0.31716503994940265 0.025735210997295244 0.026403726280703886
9 0.5322662167885127 0.3422532469220869 0.045049023999661056 0.04832068589609432
9 0.49701675396556977 0.3292039372396075 0.037511908906130646 0.03533418680206597
9 0.4382049471576059 0.38759563734021557 0.05774916531398481 0.03298132282080144
9 0.35311522134759354 0.3270888965723819 0.03324131420483959 0.034104813112575905
9 0.39244920755591217 0.30965510637141275 0.02574141337449248 0.027460808733135174
9 0.3665934056017177 0.35352582677275735 0.03542312938446403 0.04264761835055561
9 0.7082937019111735 0.4608609227776319 0.03322890945044536 0.03199064820771332
9 0.740936842114931 0.48384483373504683 0.026807511455515933 0.02750388154239987
9 0.7674559430307781 0.4621943812393917 0.025741413374492237 0.027460808733135174
9 0.7274404061276613 0.5451242106818361 0.025747615751689594 0.028517891185566465
9 0.7243878677487245 0.5698364298861773 0.022530714377027646 0.025217425400478628
9 0.7415322703258604 0.5853247491684506 0.022524511999830528 0.02416034294804734