9 0.6298014617033183 0.1894659520591821 0.04508379891870542 0.03931754569843058
9 0.5238679193839147 0.3624119573084301 0.042858942140286134 0.040432531877724893
9 0.5731564372768039 0.42858175358745076 0.04269979949148984 0.03700787434347832
9 0.5446561938094808 0.22126418257285527 0.03689894357224654 0.03465835349034431
9 0.5338517653673417 0.18430984077851734 0.03462103924422832 0.0346317871582231
9 0.5040532582718049 0.3968710633078654 0.056023986539572045 0.05427727684137778
9 0.5463489205318429 0.4665452161174963 0.040421895163471486 0.03698130801135724
9 0.4889629693787188 0.2806718041325727 0.039123800350665955 0.03354336731104999
9 0.4786624926577683 0.23287271347978722 0.033269896881823975 0.03005229394650046
9 0.5007144873595147 0.21150825344647892 0.03326989688182411 0.03005229394650046
9 0.4541172631248781 0.30789014154962513 0.03809094328585446 0.03581318916782037
9 0.4150574169826629 0.3768017119654655 0.03803789573625565 0.034671636656404846
9 0.3858690411152164 0.3680146541917169 0.037984848186656844 0.03353008414498945
9 0.36184338041946235 0.3951068015311937 0.03689894357224654 0.03465835349034431
9 0.33481119666488907 0.4256568143200687 0.04036884761387268 0.035839755499941714
9 0.3593564261977792 0.35063938625023067 0.03809094328585446 0.03581318916782037
9 0.3982337462211289 0.23666305796559825 0.03679284847304892 0.03237524846751326
9 0.4027084134004019 0.2628523498978523 0.03321684933222517 0.028910741435084934
9 0.3600398481408071 0.22569916049750335 0.036845896022647734 0.033516800978928785
9 0.37852989066531206 0.19524877145408295 0.036792848473049054 0.03237524846751326
9 0.4246948837413324 0.23064978258912683 0.05104379748674514 0.045091724085811226
9 0.4478561665275583 0.2589030073042121 0.034408849045833086 0.030065577112561
9 0.4711547786448766 0.21071206325263897 0.02855494557699111 0.026574503748011465
9 0.49732572479465187 0.1864472308595798 0.033269896881823975 0.03005229394650046
9 0.49078534348575575 0.15571829521378477 0.04378570410590001 0.03587960499812346
9 0.5140667683347615 0.1691379788634985 0.033429039530620396 0.03347695148074703
9 0.45876049386713846 0.18347420097139353 0.0546728441771677 0.04969778362965514
9 0.432311833158152 0.20146713613469766 0.03560084875944101 0.03122041279003713
9 0.4257589750380388 0.15875854070206996 0.08436674191816793 0.07628557054372714
9 0.37317208815583297 0.31054557510705105 0.07141388771727723 0.06700703562573648
9 0.41141903378575356 0.3203679200637303 0.034408849045833086 0.030065577112561
9 0.32899166773267224 0.30592663228204453 0.03689894357224654 0.03465835349034431
9 0.3214590000973463 0.2598066624812308 0.05925674676036866 0.0748517883789785
9 0.2910598670956142 0.3383151639156184 0.05427655770754176 0.06566623562341195
9 0.23378777739580925 0.23572859418281594 0.07371988597245997 0.09213447404293858
9 0.2977703821198627 0.19390877122155445 0.041560847327480596 0.036994591177417775
9 0.2998251895906337 0.16193865931888943 0.040581037812267906 0.040405965545603745
9 0.1658406534154278 0.3506144194577014 0.10031207221429549 0.07647153486857561
9 0.1521170395929894 0.40097556162059056 0.10873721168631423 0.11079780920740487
9 0.17555132648133093 0.5090909710535505 0.036845896022647734 0.033516800978928785
9 0.19549703631507268 0.49630807960494955 0.03321684933222517 0.028910741435084802
9 0.13801895261862906 0.5083877630221347 0.03917684790026476 0.034684919822465514
9 0.10791786174915095 0.4824973423262441 0.06662093524041134 0.08634701248949732
9 0.07842681770005908 0.4434790677490749 0.037270276419438156 0.042649221070252985
9 0.26590145043760754 0.47552063752548124 0.04518989401790316 0.04160065072126163
9 0.26383730646034964 0.4464508979825671 0.035547801209842196 0.030078860278621666
9 0.259643578552722 0.16925288519950352 0.0486597980595293 0.042782052730859034
9 0.6494880455831185 0.5007112926938024 0.0727119825300829 0.07044497632604348
9 0.6753563235512483 0.4462152434973227 0.06436798453482734 0.062361126583710624
9 0.6873480412498999 0.5556050371023041 0.04161389487707941 0.0381361436888333
9 0.6972802410206851 0.7705552300980701 0.03819703838505207 0.03809629419065142
9 0.7177221362214937 0.6613576425160695 0.04394484675469631 0.03930426253236978
9 0.6441551966960736 0.6399674159204359 0.14502767859053972 0.15685840464584389
9 0.583584738006952 0.7553376768716353 0.05581179634117681 0.04971106679571568
9 0.6224932078544924 0.7754207112649937 0.036792848473049054 0.03237524846751313
9 0.4306702462022073 0.8124563515952874 0.049508558853110084 0.061046892913507435
9 0.40416853794362206 0.8315908392700069 0.038143990835453265 0.036954741679235896
9 0.4464595741542688 0.7666348531459392 0.05239493984914948 0.04967121729753393
9 0.4845083765493764 0.7684729721057401 0.049190273555517375 0.054197577845014284
9 0.35858392760845825 0.8326929421681386 0.059122557734006535 0.04746781127106638
9 0.33117107450020644 0.8101939710913431 0.0404749427130703 0.0381228605227725
9 0.2917180821930957 0.8140768978546804 0.059943224600422805 0.0406317793686339
9 0.2902125076389904 0.74849076111253 0.05928170038280289 0.05089246880531296
9 0.23511685321739748 0.7827908690041362 0.048553702960331686 0.040498947708027984
9 0.248111848309035 0.735861025958524 0.04762694099471781 0.04505187458762941
9 0.1981727128573779 0.6959402958590302 0.14356730082420743 0.10093561475254356
9 0.19054642693407145 0.6640830908678802 0.03679284847304892 0.032375248467513384
9 0.17082852441467236 0.6352192403989053 0.03581303895783623 0.03578662283569929
9 0.1500371940920801 0.6172067803714084 0.0405279902626691 0.039264413034188025
9 0.26041879540825313 0.6792412697319404 0.030991992553805754 0.030025727614379247
9 0.2709096490098949 0.649454639106652 0.03332294443142278 0.031193846457915852
9 0.2991868800276749 0.6166082381288854 0.03560084875944101 0.03122041279003719
9 0.3168250214538687 0.6534828809268598 0.026223993699374077 0.02540638490447473
9 0.29772807241370786 0.6480009321928123 0.02855494557699111 0.026574503748011333
9 0.3115952117689953 0.6312956643675903 0.030991992553805754 0.030025727614379247
9 0.4384511331326228 0.4980383336966737 0.0344618965954319 0.031207129623976523
9 0.41145952011643117 0.5154671341873004 0.05586484389077549 0.050852619307131204
9 0.4754436949928498 0.44911721539666566 0.05660750958515879 0.06683435446694856
9 0.557704067635309 0.589633639859464 0.03451494414503083 0.03234868213539205
9 0.5701513999626459 0.615729949629294 0.038143990835453265 0.036954741679235896
9 0.5817812057282968 0.5859300358379449 0.03581303895783623 0.03578662283569929
9 0.5490105501105659 0.6787278684141174 0.056579415657994146 0.04173348238186767
9 0.5414591250545623 0.7187486221439638 0.038143990835453265 0.03695474167923616
9 0.5471772693446769 0.7671716217166994 0.05533436839478755 0.039437094192975954
9 0.5250987508681312 0.7891068580057155 0.04487160872031032 0.034751335652768604
9 0.440265487662426 0.9121761567683884 0.05954693813079686 0.056600231362390584
9 0.3915589226627585 0.8579793786931701 0.052288844749951865 0.04738811227470288
9 0.41596525271219104 0.8839362152193636 0.04373265655630121 0.034738052486707936
9 0.4213308215757918 0.8542093588413479 0.03917684790026476 0.034684919822465514
9 0.3617729767861429 0.8742998345875327 0.035706943858638616 0.03350351781286824
9 0.49816638160329485 0.9154941490892521 0.04378570410590001 0.03587960499812346
9 0.4671135751457686 0.8610914819400945 0.04280589459068732 0.03929097936630937