9 0.5571754965900567 0.46313736239934616 0.038165085107337175 0.04162822325232917
9 0.45964783016631267 0.5325688370838901 0.034683373441757065 0.035704801887144214
9 0.4392758151272556 0.47644007359866236 0.04506832399217742 0.042886830688581436
9 0.5006623070761527 0.698362620556386 0.039488376572952066 0.07223014802111613
9 0.5828161228989696 0.7046355356423148 0.04168691973713087 0.05461046814692589
9 0.64448089837044 0.6753679225371337 0.028922872683571098 0.03328341333732597
9 0.5414706315343683 0.597077046287466 0.047387236048996854 0.04644362140262635
9 0.8339336450896752 0.3087757774964994 0.030065610810225244 0.03212063222376026
9 0.9709719436186838 0.4674773379862526 0.04277616057816708 0.04403592232747783
9 0.8363149356430204 0.5976472200696075 0.03135546647232859 0.056840204051370885
9 0.7820816847518677 0.5328793229639822 0.034683373441757065 0.035704801887144214
9 0.29204649370819186 0.2905564843074719 0.03585954737192242 0.04042437371475484
9 0.30722937705238984 0.349564821627275 0.04739392320969916 0.04762009199086178
9 0.31731674895156015 0.3949821445463594 0.03930782323399132 0.040465442138763456
9 0.38659952314958107 0.44110447541092374 0.055540207631727116 0.06536297713707774
9 0.44677086773424474 0.37122809279962066 0.03698222401646971 0.035732180836483114
9 0.4011051923893615 0.21479131613432895 0.031221723258283613 0.033310792286665
9 0.3443687493453623 0.28706170834611117 0.05779224808152399 0.057155061968769724
9 0.360136759251007 0.24312886919532603 0.033540635315102915 0.03686758300070992
9 0.3279093846604654 0.25039262272810914 0.028909498362166483 0.030930472160855448
9 0.494709794541177 0.22884818479048238 0.04164679677291755 0.04755164461751419
9 0.49207696910806703 0.18646101992733802 0.028902811201464308 0.02975400157262009
9 0.5965208655613407 0.21476558565167533 0.035919731818242734 0.051012609008872487
9 0.5632544038350298 0.20260388500390658 0.03237114854563993 0.03332448176133459
9 0.525182938977524 0.22685801469275385 0.027806883199725924 0.03915207680383299
9 0.5306659225665669 0.2733970503013955 0.03122841041898592 0.034487262874900296
9 0.5641259287765278 0.3526244192159108 0.04391889870482122 0.04287314121391198
9 0.49488958152670737 0.3994501095592695 0.03469674776316155 0.0380577430636148
9 0.49456898098971463 0.3547373824689936 0.06919288070525569 0.04082136848017064
9 0.4236720238355312 0.39036606801211277 0.03122841041898592 0.034487262874900296
9 0.5444207139241198 0.684765173535004 0.02776676023551234 0.032093253274421356
9 0.5367488347352364 0.7199703095967109 0.025441161017990724 0.027359991972141014