9 0.597696335078534 0.8023565573770493 0.09145549738219895 0.08496926229508198
9 0.6661675392670158 0.6969569672131147 0.06831413612565444 0.05889344262295081
9 0.8287853403141361 0.5181659836065574 0.08769633507853403 0.14554303278688527
9 0.3561884816753927 0.816639344262295 0.07437696335078534 0.08550204918032787
9 0.6193089005235602 0.2568032786885246 0.09406282722513089 0.07873975409836065
9 0.6952879581151833 0.2986168032786885 0.057434554973821994 0.06181352459016393
9 0.6062513089005236 0.33420081967213117 0.0727329842931937 0.08621926229508198
9 0.45854450261780105 0.14436475409836066 0.06643979057591623 0.06427254098360656
9 0.4897068062827225 0.22295081967213115 0.07672251308900523 0.0811577868852459
9 0.5484293193717278 0.6155942622950821 0.1243455497382199 0.11126024590163935
9 0.7261884816753926 0.6360758196721311 0.06648167539267016 0.06337090163934427
9 0.5695706806282723 0.5332786885245901 0.09254450261780105 0.0541905737704918
9 0.25759162303664923 0.5719467213114754 0.05163350785340314 0.04969262295081967
9 0.4540209424083769 0.47967213114754104 0.054994764397905765 0.0475
9 0.6007748691099477 0.42676229508196717 0.18363350785340316 0.13808401639344264
9 0.2695916230366492 0.29272540983606554 0.06606282722513089 0.1271823770491803
9 0.29900523560209424 0.23271516393442623 0.084282722513089 0.13342213114754098
9 0.19162303664921465 0.3037704918032787 0.06067015706806282 0.06510245901639344
9 0.7030575916230366 0.5189651639344263 0.07535078534031413 0.06297131147540984
9 0.805455497382199 0.6692008196721312 0.0856020942408377 0.07117827868852458
9 0.8743874345549738 0.6340676229508196 0.06659685863874346 0.06872950819672131
9 0.26509947643979054 0.8480840163934427 0.10486910994764398 0.07823770491803278
9 0.34809424083769636 0.2945594262295082 0.051717277486911 0.05149590163934426
9 0.4696544502617801 0.3025717213114754 0.17229319371727747 0.07674180327868853
9 0.44299476439790575 0.7635143442622951 0.14387434554973821 0.14467213114754096