9 0.5436681222707423 0.506043956043956 0.0611353711790393 0.06153846153846154
9 0.449235807860262 0.4478021978021978 0.06331877729257641 0.06263736263736264
9 0.5605895196506551 0.44945054945054946 0.05458515283842795 0.05714285714285714
9 0.6129912663755459 0.41483516483516486 0.08842794759825327 0.08461538461538462
9 0.5043668122270742 0.8467032967032967 0.13209606986899564 0.12857142857142856
9 0.5764192139737991 0.8126373626373626 0.0611353711790393 0.06263736263736264
9 0.5938864628820961 0.7532967032967033 0.06331877729257641 0.05714285714285714
9 0.6179039301310044 0.6170329670329671 0.05458515283842795 0.04945054945054945
9 0.6735807860262009 0.5945054945054945 0.05349344978165939 0.06923076923076923
9 0.7625545851528385 0.5456043956043956 0.07751091703056769 0.07802197802197802
9 0.3804585152838428 0.5 0.10480349344978165 0.11538461538461539
9 0.3728165938864629 0.582967032967033 0.043668122270742356 0.04725274725274725
9 0.3859170305676856 0.6521978021978022 0.0665938864628821 0.06373626373626373
9 0.486353711790393 0.6989010989010989 0.06222707423580786 0.08021978021978023
9 0.8165938864628821 0.6175824175824176 0.07205240174672489 0.08131868131868132
9 0.4170305676855895 0.12857142857142856 0.06550218340611354 0.06483516483516484
9 0.09934497816593886 0.3302197802197802 0.07423580786026202 0.07582417582417582
9 0.1779475982532751 0.32362637362637364 0.0851528384279476 0.08131868131868132
9 0.15556768558951964 0.38956043956043956 0.05786026200873363 0.07692307692307693
9 0.07041484716157205 0.45164835164835165 0.10698689956331878 0.09230769230769231
9 0.12172489082969433 0.5016483516483516 0.05349344978165939 0.06043956043956044
9 0.20633187772925765 0.6538461538461539 0.04475982532751092 0.06153846153846154
9 0.19050218340611352 0.5752747252747252 0.07096069868995633 0.11978021978021978
9 0.14246724890829696 0.5741758241758241 0.06986899563318777 0.08681318681318681
9 0.11080786026200873 0.6186813186813187 0.05786026200873363 0.05054945054945055
9 0.1304585152838428 0.6582417582417582 0.07860262008733625 0.06043956043956044
9 0.26965065502183405 0.5313186813186813 0.07096069868995633 0.0967032967032967
9 0.310589519650655 0.18076923076923077 0.11353711790393013 0.07582417582417582
9 0.5633187772925764 0.21593406593406594 0.1037117903930131 0.07802197802197802
9 0.6763100436681223 0.37252747252747254 0.05786026200873363 0.056043956043956046
9 0.6850436681222707 0.3291208791208791 0.06768558951965066 0.054945054945054944
9 0.5032751091703057 0.3395604395604396 0.08187772925764192 0.05934065934065934
9 0.5633187772925764 0.36428571428571427 0.06331877729257641 0.06923076923076923
9 0.5027292576419214 0.3813186813186813 0.05240174672489083 0.05054945054945055
9 0.4344978165938865 0.33791208791208793 0.060043668122270744 0.054945054945054944
9 0.3640829694323144 0.695054945054945 0.05131004366812227 0.05274725274725275
9 0.3182314410480349 0.8873626373626373 0.18777292576419213 0.13186813186813187
9 0.23253275109170304 0.789010989010989 0.05349344978165939 0.06483516483516484
9 0.2854803493449782 0.8021978021978022 0.05786026200873363 0.05934065934065934
9 0.4099344978165939 0.5862637362637363 0.04475982532751092 0.051648351648351645
9 0.43504366812227074 0.6714285714285714 0.05131004366812227 0.06043956043956044
9 0.5562227074235808 0.5681318681318681 0.06986899563318777 0.05054945054945055
9 0.4819868995633188 0.5835164835164836 0.07751091703056769 0.1010989010989011
9 0.5289301310043668 0.6620879120879121 0.08187772925764192 0.08571428571428572
9 0.4721615720524017 0.65 0.04148471615720524 0.04285714285714286
9 0.5862445414847162 0.6857142857142857 0.12008733624454149 0.11428571428571428
9 0.6315502183406113 0.2571428571428571 0.17248908296943233 0.13296703296703297
9 0.5032751091703057 0.27692307692307694 0.10807860262008734 0.0945054945054945
9 0.449235807860262 0.17472527472527472 0.16375545851528384 0.14175824175824175
9 0.3558951965065502 0.11813186813186813 0.05895196506550218 0.06263736263736264
9 0.29585152838427947 0.13791208791208792 0.04585152838427948 0.046153846153846156
9 0.29093886462882096 0.2445054945054945 0.1037117903930131 0.07802197802197802
9 0.2287117903930131 0.2785714285714286 0.0425764192139738 0.045054945054945054
9 0.2816593886462882 0.3324175824175824 0.11026200873362445 0.1087912087912088
9 0.32259825327510916 0.3967032967032967 0.09497816593886463 0.11868131868131868
9 0.31222707423580787 0.4824175824175824 0.039301310043668124 0.046153846153846156
9 0.19104803493449782 0.23406593406593407 0.055676855895196505 0.056043956043956046
9 0.19814410480349345 0.18296703296703296 0.05131004366812227 0.05384615384615385
9 0.24344978165938866 0.1543956043956044 0.039301310043668124 0.04065934065934066
9 0.23799126637554585 0.19230769230769232 0.04585152838427948 0.04725274725274725