9 0.42095238095238097 0.3015750528541226 0.033428571428571426 0.036553911205073994
9 0.5093227513227513 0.3554862579281184 0.03334391534391534 0.03209302325581395
9 0.4794603174603174 0.2632875264270613 0.06063492063492063 0.03562367864693446
9 0.5066772486772487 0.21551797040169132 0.023343915343915344 0.0293446088794926
9 0.5374920634920635 0.18168076109936576 0.0308994708994709 0.02978858350951374
9 0.5918624338624338 0.2552008456659619 0.03616931216931217 0.047642706131078225
9 0.6630582010582011 0.23002114164904863 0.03276190476190476 0.030158562367864693
9 0.6768677248677248 0.26438689217758987 0.026634920634920636 0.02842494714587738
9 0.7535449735449735 0.2681923890063425 0.025608465608465608 0.0336892177589852
9 0.806973544973545 0.31788583509513746 0.02744973544973545 0.036765327695560256
9 0.772994708994709 0.34307610993657506 0.029227513227513227 0.033107822410147994
9 0.7365820105820107 0.36914376321353065 0.03167195767195767 0.031226215644820296
9 0.6441904761904762 0.37131078224101477 0.0444021164021164 0.03790697674418605
9 0.5632698412698413 0.3012050739957717 0.03071957671957672 0.03394291754756871
9 0.5567195767195767 0.2706553911205074 0.027015873015873017 0.029217758985200848
9 0.5356084656084655 0.23309725158562367 0.026973544973544972 0.03396405919661734
9 0.33960846560846564 0.3276427061310782 0.0326984126984127 0.029577167019027486
9 0.2328994708994709 0.3899048625792812 0.04767195767195767 0.06016913319238901
9 0.20226455026455026 0.4142600422832981 0.025026455026455025 0.02668076109936575
9 0.20333333333333334 0.4415327695560254 0.026582010582010582 0.024460887949260043
9 0.24675132275132275 0.4451902748414376 0.0333968253968254 0.03318181818181818
9 0.24532275132275133 0.48113107822410145 0.0315978835978836 0.032473572938689216
9 0.32315343915343914 0.35723044397463 0.03169312169312169 0.03171247357293869
9 0.5494603174603174 0.4117758985200846 0.029238095238095237 0.02842494714587738
9 0.5771746031746031 0.37522198731501055 0.02587301587301587 0.027452431289640592
9 0.6061269841269841 0.3728964059196617 0.02439153439153439 0.04029598308668076
9 0.646010582010582 0.3981501057082452 0.025142857142857144 0.02346723044397463
9 0.6276719576719576 0.4374101479915434 0.025216931216931214 0.02605708245243129
9 0.647978835978836 0.45750528541226215 0.025354497354497355 0.026511627906976743
9 0.5884867724867725 0.4601268498942917 0.03574603174603175 0.03174418604651163
9 0.556994708994709 0.43881606765327696 0.025608465608465608 0.028255813953488373
9 0.3660952380952381 0.4734038054968287 0.04419047619047619 0.04422832980972516
9 0.4043068783068783 0.4895771670190275 0.02529100529100529 0.026067653276955604
9 0.41585185185185186 0.51223044397463 0.02457142857142857 0.024175475687103595
9 0.36903703703703705 0.508076109936575 0.025365079365079365 0.026374207188160675
9 0.35405291005291006 0.5539006342494714 0.028 0.023054968287526425
9 0.37721693121693123 0.595306553911205 0.024984126984126984 0.026374207188160675
9 0.4084232804232804 0.6344608879492601 0.03032804232804233 0.028488372093023254
9 0.3701587301587302 0.6524841437632135 0.026444444444444444 0.02654334038054968
9 0.3443280423280423 0.6313319238900634 0.03086772486772487 0.028847780126849895
9 0.34419047619047616 0.6032029598308668 0.029386243386243387 0.028076109936575052
9 0.3400740740740741 0.5717653276955602 0.0344021164021164 0.029799154334038055
9 0.47443386243386243 0.616215644820296 0.02958730158730159 0.04334038054968287
9 0.4561375661375662 0.6693340380549684 0.0277989417989418 0.03945031712473573
9 0.5333121693121693 0.5842389006342495 0.02962962962962963 0.0323784355179704
9 0.5716190476190476 0.5805285412262156 0.025841269841269842 0.028276955602537
9 0.3541164021164021 0.691416490486258 0.032656084656084654 0.02977801268498943
9 0.484973544973545 0.6928012684989429 0.02725925925925926 0.025940803382663847
9 0.4875661375661376 0.7254122621564482 0.035333333333333335 0.038012684989429175
9 0.5739894179894179 0.6919450317124736 0.021449735449735448 0.027526427061310782
9 0.5631111111111111 0.747431289640592 0.027650793650793648 0.026723044397463005
9 0.5319153439153439 0.7390803382663848 0.026846560846560848 0.02741014799154334
9 0.5472592592592592 0.7138372093023255 0.04178835978835979 0.03820295983086681
9 0.41980952380952385 0.7660676532769557 0.024783068783068785 0.029207188160676533
9 0.39286772486772487 0.7786363636363637 0.031407407407407405 0.029513742071881607
9 0.33804232804232803 0.7661310782241014 0.0377989417989418 0.030983086680761097
9 0.5781164021164021 0.8090063424947146 0.026391534391534393 0.028150105708245242
9 0.6489417989417989 0.7844503171247358 0.02382010582010582 0.028731501057082453
9 0.6714814814814815 0.7818710359408033 0.023121693121693123 0.03019027484143763
9 0.6645820105820106 0.817262156448203 0.02526984126984127 0.028097251585623678
9 0.6386772486772486 0.8310359408033826 0.023174603174603174 0.02748414376321353
9 0.7022539682539682 0.7863953488372093 0.030137566137566137 0.030940803382663848
9 0.7068359788359789 0.8162896405919662 0.028666666666666667 0.02766384778012685
9 0.7408888888888888 0.8104651162790698 0.038486772486772486 0.03190274841437632
9 0.7631851851851852 0.7735517970401691 0.025174603174603172 0.022653276955602538
9 0.7769100529100529 0.7422727272727273 0.02433862433862434 0.022198731501057084
9 0.8004973544973545 0.693953488372093 0.05106878306878307 0.08372093023255814
9 0.8677777777777778 0.6656659619450317 0.0321058201058201 0.040391120507399576
9 0.7748148148148148 0.6147885835095138 0.025312169312169314 0.025591966173361524
9 0.7838624338624338 0.6369556025369978 0.02797883597883598 0.03430232558139535
9 0.7283597883597883 0.594830866807611 0.028730158730158727 0.031215644820295985
9 0.7155449735449736 0.5750634249471459 0.0244021164021164 0.023974630021141648
9 0.6843597883597884 0.5283509513742072 0.03164021164021164 0.04482029598308668
9 0.712021164021164 0.4504122621564482 0.026476190476190476 0.0263953488372093
9 0.7318941798941799 0.41533826638477805 0.0463068783068783 0.029112050739957717
9 0.7808359788359788 0.4361522198731501 0.023174603174603174 0.021881606765327695
9 0.8529947089947091 0.4061310782241015 0.025756613756613755 0.024778012684989432
9 0.8400211640211641 0.44062367864693447 0.02964021164021164 0.028340380549682874
9 0.8203597883597884 0.4625052854122621 0.02678306878306878 0.024904862579281182
9 0.7484444444444445 0.4767124735729387 0.022931216931216934 0.02766384778012685
9 0.7799259259259259 0.3930761099365751 0.03792592592592593 0.04254756871035941
9 0.8206666666666667 0.41257928118393233 0.02491005291005291 0.02773784355179704
9 0.7981058201058201 0.42119450317124735 0.029534391534391535 0.027579281183932346
9 0.7534179894179894 0.4345771670190275 0.02304761904761905 0.02536997885835095
9 0.7868359788359788 0.4761522198731501 0.06014814814814815 0.0529492600422833
9 0.7944338624338625 0.514799154334038 0.021365079365079368 0.02186046511627907
9 0.8367830687830687 0.5307399577167019 0.058084656084656086 0.03966173361522199
9 0.7868994708994709 0.5498520084566596 0.023693121693121693 0.024059196617336152
9 0.7821587301587302 0.5773044397463002 0.0224973544973545 0.024312896405919663
9 0.799936507936508 0.6049682875264271 0.024835978835978836 0.04237843551797041
9 0.8560211640211641 0.580200845665962 0.09087830687830688 0.1476955602536998
9 0.9008571428571428 0.48959830866807613 0.022 0.02528541226215645
9 0.9154708994708994 0.4721141649048626 0.027195767195767193 0.02590909090909091
9 0.17535449735449737 0.5366490486257929 0.02943915343915344 0.03072938689217759
9 0.27195767195767195 0.5967653276955602 0.0791005291005291 0.0654968287526427
9 0.29837037037037034 0.5299682875264271 0.05180952380952381 0.05059196617336152
9 0.40365079365079365 0.8620718816067653 0.025195767195767195 0.026173361522198735
9 0.4687830687830688 0.8627906976744186 0.030634920634920633 0.031522198731501055
9 0.5526455026455026 0.8888900634249471 0.030624338624338627 0.029154334038054966
9 0.6594814814814816 0.8519133192389006 0.02778835978835979 0.023403805496828755
9 0.7274497354497355 0.8405708245243129 0.031121693121693123 0.026035940803382663
9 0.716021164021164 0.8662473572938689 0.02678306878306878 0.02576109936575053