9 0.4491701680672269 0.7164509394572025 0.024327731092436976 0.022933194154488516
9 0.4532983193277311 0.6749999999999999 0.027426470588235295 0.024123173277661794
9 0.4734873949579832 0.6531837160751566 0.02755252100840336 0.024582463465553237
9 0.5101575630252101 0.6834655532359082 0.023508403361344538 0.02361169102296451
9 0.4868382352941177 0.7041440501043842 0.02535714285714286 0.02291231732776618
9 0.4614495798319328 0.7000000000000001 0.02926470588235294 0.02684759916492693
9 0.4368172268907563 0.6013152400835072 0.029537815126050422 0.02849686847599165
9 0.41190126050420167 0.5691440501043842 0.029233193277310922 0.022609603340292276
9 0.4516071428571429 0.5400521920668059 0.020945378151260505 0.022881002087682675
9 0.47736344537815123 0.5669728601252609 0.02189075630252101 0.021356993736951983
9 0.46888655462184875 0.583152400835073 0.02248949579831933 0.02396659707724426
9 0.48927521008403363 0.5947703549060542 0.02857142857142857 0.031816283924843425
9 0.5186449579831933 0.6092588726513569 0.03485294117647059 0.02080375782881002
9 0.5021428571428571 0.6351043841336116 0.026050420168067228 0.024300626304801672
9 0.5334873949579831 0.6461169102296451 0.029915966386554624 0.05349686847599165
9 0.5562394957983193 0.6687787056367432 0.019516806722689073 0.026033402922755744
9 0.5748529411764706 0.6541022964509394 0.024936974789915963 0.025375782881002087
9 0.5979516806722689 0.6580584551148225 0.021733193277310926 0.022004175365344467
9 0.6383718487394958 0.6804384133611692 0.02504201680672269 0.027807933194154488
9 0.5735924369747899 0.6197390396659708 0.028602941176470588 0.024331941544885174
9 0.5846218487394957 0.5905114822546973 0.024873949579831932 0.023308977035490605
9 0.6222058823529412 0.6086638830897704 0.02263655462184874 0.024749478079331942
9 0.6401155462184874 0.5912526096033403 0.021302521008403363 0.022734864300626306
9 0.6527836134453782 0.6136534446764091 0.021449579831932776 0.02138830897703549
9 0.6809663865546218 0.5761795407098121 0.03078781512605042 0.029498956158663884
9 0.711376050420168 0.6709812108559499 0.026596638655462187 0.026336116910229645
9 0.35188025210084034 0.5219519832985386 0.02475840336134454 0.02360125260960334
9 0.35764705882352943 0.5507724425887265 0.022899159663865548 0.024832985386221293
9 0.3790651260504202 0.5504279749478079 0.024054621848739494 0.023110647181628394
9 0.33844537815126047 0.5829540709812109 0.02059873949579832 0.02253653444676409
9 0.38493697478991595 0.5922442588726513 0.024842436974789914 0.029832985386221294
9 0.34655462184873953 0.600427974947808 0.019926470588235292 0.019425887265135697
9 0.36086134453781515 0.5827974947807933 0.022100840336134454 0.02325678496868476
9 0.32142857142857145 0.6095929018789145 0.023718487394957983 0.0255741127348643
9 0.3626260504201681 0.6384342379958247 0.023718487394957983 0.02176409185803758
9 0.39177521008403365 0.6435386221294364 0.023760504201680674 0.024582463465553237
9 0.3815966386554622 0.6788308977035491 0.02323529411764706 0.02312108559498956
9 0.3548949579831933 0.7118789144050105 0.030567226890756305 0.027630480167014613
9 0.33880252100840336 0.6871189979123173 0.02441176470588235 0.02306889352818372
9 0.3558613445378151 0.6783089770354906 0.023813025210084035 0.023298538622129435
9 0.3580672268907563 0.656054279749478 0.024516806722689074 0.021910229645093943
9 0.33203781512605046 0.6528288100208768 0.0257563025210084 0.030229645093945722
9 0.30194327731092435 0.6532776617954071 0.02630252100840336 0.028037578288100207
9 0.2927941176470588 0.6217118997912318 0.029065126050420168 0.027129436325678494
9 0.27616596638655466 0.6355219206680585 0.026176470588235298 0.023329853862212944
9 0.28508403361344536 0.5789770354906054 0.02851890756302521 0.027860125260960336
9 0.28447478991596636 0.5391753653444676 0.022048319327731093 0.022160751565762006
9 0.264296218487395 0.5299791231732777 0.023518907563025212 0.018549060542797494
9 0.2409453781512605 0.5311795407098121 0.02389705882352941 0.02219206680584551
9 0.27396008403361344 0.553089770354906 0.02301470588235294 0.021054279749478082
9 0.2534453781512605 0.577223382045929 0.02535714285714286 0.022505219206680582
9 0.3127626050420168 0.5003862212943633 0.022531512605042017 0.025876826722338205
9 0.28402310924369745 0.4982776617954071 0.03260504201680672 0.030292275574112733
9 0.25252100840336134 0.4894363256784969 0.027846638655462188 0.05139874739039666
9 0.2719747899159664 0.4667640918580376 0.021523109243697477 0.02022964509394572
9 0.2847899159663866 0.4534237995824635 0.021113445378151262 0.0237160751565762
9 0.2184453781512605 0.4736221294363257 0.01920168067226891 0.019154488517745306
9 0.3055252100840336 0.44752609603340293 0.022920168067226892 0.022400835073068896
9 0.3076680672268907 0.4244154488517745 0.02468487394957983 0.023308977035490605
9 0.34387605042016806 0.41131524008350734 0.02153361344537815 0.02387265135699374
9 0.36754201680672266 0.41092901878914406 0.021607142857142856 0.026795407098121088
9 0.33963235294117644 0.44639874739039664 0.03907563025210084 0.048225469728601256
9 0.24100840336134455 0.4128810020876827 0.016554621848739494 0.018924843423799582
9 0.24168067226890758 0.44478079331941545 0.022342436974789916 0.022432150313152398
9 0.21685924369747897 0.438705636743215 0.028403361344537813 0.02569937369519833
9 0.171281512605042 0.3912734864300626 0.023413865546218486 0.03367432150313152
9 0.1998949579831933 0.38758872651356996 0.034758403361344545 0.050939457202505214
9 0.22994747899159665 0.3891649269311065 0.020514705882352942 0.032526096033402924
9 0.2612605042016807 0.3830793319415449 0.034180672268907565 0.04992693110647181
9 0.1463655462184874 0.5038726513569937 0.02501050420168067 0.028549060542797496
9 0.18460084033613447 0.5263465553235909 0.04198529411764706 0.03222338204592902
9 0.21313025210084033 0.557526096033403 0.022436974789915964 0.02129436325678497
9 0.18434873949579833 0.5575052192066806 0.02970588235294118 0.026179540709812106
9 0.47308823529411764 0.388517745302714 0.03332983193277311 0.04474947807933194
9 0.5026680672268907 0.3375678496868476 0.03726890756302521 0.025177453027139876
9 0.5444642857142857 0.3509394572025052 0.022300420168067228 0.021805845511482257
9 0.5809558823529413 0.40783924843423797 0.017857142857142856 0.01776617954070981
9 0.6215966386554622 0.4119206680584551 0.02213235294117647 0.021263048016701463
9 0.5756197478991597 0.3705323590814196 0.024516806722689074 0.02008350730688935
9 0.5330882352941176 0.4087369519832985 0.020126050420168067 0.019561586638830897
9 0.5565546218487395 0.4116597077244259 0.025199579831932772 0.025396659707724423
9 0.4938025210084034 0.4315866388308977 0.025472689075630252 0.032442588726513566
9 0.6021218487394958 0.540793319415449 0.021228991596638658 0.018601252609603342
9 0.5999789915966386 0.5612839248434238 0.02509453781512605 0.024676409185803758
9 0.5547373949579832 0.4978183716075157 0.022657563025210083 0.020960334029227555
9 0.5999894957983194 0.5119832985386221 0.02838235294117647 0.02660751565762004
9 0.5027310924369748 0.5546033402922755 0.021376050420168068 0.018663883089770354