9 0.2617912561079356 0.3810428080907488 0.05803447525033512 0.0537541996850199
9 0.23624770715905152 0.44366017049838774 0.046740635518994225 0.04903014546230163
9 0.26080882754256796 0.47939996648467237 0.05349375007493016 0.05141814942450397
9 0.2503195570806178 0.5226674502693698 0.05110744107288466 0.04801798143710328
9 0.16959868317182644 0.5145061290983629 0.0525614750061792 0.05474038685937505
9 0.21027171103338457 0.48729133019489074 0.05355172328210167 0.0525342208530754
9 0.10242637216096888 0.3194153654882192 0.051397307108742206 0.05359833857996042
9 0.3186921378618784 0.29310555715466247 0.050233139211305206 0.05245629030054566
9 0.26668611207783544 0.23007443144890852 0.052503501799007694 0.05362431543080363
9 0.29621728885699167 0.16959829292046108 0.054773864386710176 0.054792340561061526
9 0.34806821003554766 0.1443558683656991 0.048953024899525195 0.04908209916398817
9 0.44606121964535533 0.2398300628948657 0.04458621934563476 0.05009426318918653
9 0.45961054662283357 0.1808466601322169 0.09639874641259116 0.06914634118511913
9 0.400471404841322 0.385608201735342 0.07380636319590254 0.08087761303169648
9 0.3530742490274137 0.41130475460101656 0.044296353309777214 0.04451390604632951
9 0.5228343879945629 0.4598376072665422 0.04645076948313668 0.043449788319444495
9 0.4600327625736882 0.5088032771805799 0.05000124638261917 0.04799200458625995
9 0.5277064892739729 0.5429719402696921 0.049885299968276155 0.04575986172911709
9 0.44945653230098087 0.5503966538224202 0.06228533438988242 0.050509892802678556
9 0.38858448585578986 0.5618830119013637 0.05511699987573228 0.08266814942450397
9 0.340957789090199 0.5724996120559025 0.06030013408403079 0.0761016051072918
9 0.28032704298170785 0.545987587861731 0.024621445467691308 0.027331228153422593
9 0.365341873895653 0.48756082107683507 0.08398930448297114 0.10675507069558547
9 0.4106935043195345 0.49711143718911177 0.038533487029763745 0.039919736077827395
9 0.42749873840663083 0.4581653664390622 0.060768623495409554 0.06385079624384929
9 0.5925739832599909 0.6297258447558775 0.060478757459552134 0.05827043910099202
9 0.49470003602107415 0.6538141657634916 0.04761493738057367 0.04459183659885925
9 0.47864610175020395 0.7178848320818201 0.048779105278010666 0.045733884878273755
9 0.4680118982703251 0.758362137295089 0.039639681720029234 0.039945712928670725
9 0.4223680499335826 0.7538468310368052 0.04668266231182271 0.04791407403373021
9 0.7245425275055887 0.7076406970549102 0.04546052120721433 0.04565595432574402
9 0.6999524205184865 0.6713428653543397 0.04546052120721433 0.04565595432574402
9 0.7218922231147236 0.581991742362673 0.05325715349223718 0.06813324400223207
9 0.6743282033103111 0.5724930799520828 0.044644192552806265 0.05121033461775783
9 0.4365472624793926 0.6110411753025046 0.06571516112101508 0.0739993465043651
9 0.38927075683383416 0.6177385370316217 0.03731134592515524 0.03766161636984121
9 0.5594054294089648 0.2896877349533974 0.05593803228414717 0.055934388840476225
9 0.5247874857402811 0.316201625462946 0.06356544870166256 0.053884083939236174
9 0.47717254835970746 0.27373989063323373 0.060536730666723514 0.05938651052956358
9 0.3767070340166416 0.3012413680536703 0.08597450478882301 0.08116335839097236
9 0.6549706199485795 0.3064399284920133 0.0626911468400831 0.05832239280267869
9 0.5823041418005351 0.20813612353630903 0.09412838382488856 0.06797831605486124
9 0.6716160456761818 0.20045164147514824 0.0565224681098692 0.04591572283417663
9 0.5998700832118713 0.1518519803671374 0.08405198144414947 0.0866917618321429
9 0.7253322810717844 0.29640687432375934 0.09814264638174312 0.08144910375024812
9 0.8482240787205793 0.34883392172155187 0.043132185412340346 0.043371857766914754
9 0.7442323703276097 0.3937384136882186 0.04947478376406865 0.0591267420211309
9 0.739122084668048 0.4659328356378219 0.05151325352308522 0.05583048143710328
9 0.7771847304094293 0.5270565291219735 0.054368051936509613 0.04697984056106159
9 0.707789034712568 0.5130420938742554 0.04773088379491669 0.046823979456002106
9 0.7890120883903309 0.4882273542007186 0.07410563673977372 0.04409920959052587
9 0.8269439123758041 0.4828668671323406 0.03486706371593823 0.033145376953869085
9 0.819207605174956 0.4512017040976928 0.05594273603815386 0.03475500854846241
9 0.7796815179922665 0.42587022688035653 0.04057195678878032 0.03662347549379952
9 0.8054209175352405 0.39900611546326814 0.03952373530568622 0.03771357007152787
9 0.8432344432293672 0.40202915253459753 0.043190158619511726 0.04448792919548618
9 0.8255533194832325 0.5840271925231144 0.043595971069712164 0.05230042919548618
9 0.8424768518616753 0.5366975976333574 0.07247297943095808 0.055207970174553624
9 0.7634904704140223 0.5832497533131937 0.05692828056006964 0.053728222834176824
9 0.7491585051397287 0.6271661917901284 0.04761493738057367 0.04459183659885925
9 0.5243863174057175 0.6816115774955601 0.05611195190566157 0.05928260312619064
9 0.6367230516748358 0.6800909985635412 0.05698625376724127 0.054844294262748
9 0.5875263745616075 0.6818050041403517 0.07579156350175455 0.05528590072708336
9 0.6870290394348777 0.7956813888155253 0.04773088379491669 0.046823979456002106