9 0.6620069516858744 0.5539681409923733 0.05198223916627897 0.051640250750711346
9 0.4809809295595257 0.597507928694843 0.053702889257419055 0.06484921538727674
9 0.497951529091463 0.6527650726300178 0.04148297511106331 0.03911921814442883
9 0.42129212042540093 0.6574109218888647 0.0553449055554044 0.05288995167795189
9 0.3929166101884381 0.6774046251087281 0.040584854795600846 0.04345411315698599
9 0.34664667604858573 0.6460299735913859 0.04510268205508816 0.04585137521201974
9 0.32341493836390095 0.622380318954275 0.03591280320317408 0.037767377417741464
9 0.4352597467469168 0.3183127363507187 0.04861957277715329 0.05039054982347093
9 0.37433562132259046 0.32827430876782404 0.05408692846308305 0.049549408094017824
9 0.32451100119078047 0.30365734926793475 0.045308314499007595 0.05023734012430069
9 0.4905607705256889 0.28278789967285795 0.06630684260943867 0.07527940533686586
9 0.27128159991712986 0.8198418913713803 0.034706234221832465 0.035523325061877574
9 0.9582450952634971 0.47872468939539975 0.03722218840647542 0.04220441222974557
9 0.9507652969150057 0.5197289589816452 0.04633647671860478 0.07216716468570421
9 0.7640662048597303 0.35969087922806553 0.03165201649858619 0.040852571503058335
9 0.7509648264923697 0.39875751585678765 0.035552946426314944 0.030091938821250233
9 0.8160136102104094 0.26443280557024185 0.02305180929625517 0.021854731327801465
9 0.8195698178290519 0.281300744856021 0.02420697016661705 0.023002292455595052
9 0.8617951672959532 0.2853907904209174 0.018636798258727577 0.02165045172890794
9 0.8475779449548081 0.3360471897939616 0.02667151624028002 0.028586888395392755
9 0.8434592913687572 0.3543691096058748 0.023257441740174606 0.02624069624008229
9 0.6752760036291073 0.12919042996558333 0.024566826943475943 0.03067773105208631
9 0.7430283598527221 0.3238521463328743 0.027826677110641653 0.02973444952318647
9 0.5508922628461393 0.4371347901001694 0.06682092371923726 0.08624431761756761
9 0.6862880725646687 0.7297627151656821 0.033756705795390016 0.038761728846364814
9 0.5438828274289689 0.8066793805256633 0.029033246091983395 0.03197850187905011
9 0.48599626363343157 0.7516670860381496 0.03239591248110895 0.033228202806290644
9 0.3432824062336977 0.4209173174887977 0.030188406962345152 0.033126063006843696
9 0.34798320513498443 0.47399500225075436 0.03606702753611354 0.04105685110195199
9 0.5257553000027526 0.12511995414754176 0.02672292435125988 0.02968337962346296