9 0.8295842217484009 0.4299786096256684 0.029211087420042643 0.03468449197860963
9 0.651727078891258 0.48047058823529415 0.03091684434968017 0.03211764705882353
9 0.6031023454157783 0.4171657754010695 0.02716417910447761 0.03332620320855615
9 0.7823667377398721 0.49888770053475934 0.02576759061833689 0.028288770053475937
9 0.813454157782516 0.5188021390374331 0.027046908315565034 0.02576470588235294
9 0.616727078891258 0.4887807486631016 0.04199360341151386 0.04127272727272727
9 0.5636886993603412 0.43159358288770056 0.02777185501066098 0.0306524064171123
9 0.7175053304904051 0.5343422459893048 0.024307036247334754 0.030288770053475935
9 0.7579744136460554 0.5561604278074866 0.022494669509594886 0.025775401069518717
9 0.781865671641791 0.5417754010695187 0.022292110874200428 0.026064171122994653
9 0.6854051172707889 0.5580855614973261 0.026300639658848615 0.028812834224598932
9 0.6151066098081024 0.575336898395722 0.025522388059701494 0.029283422459893047
9 0.6169083155650319 0.6045561497326203 0.02464818763326226 0.028481283422459893
9 0.5876759061833688 0.6194545454545455 0.02526652452025586 0.027871657754010695
9 0.554179104477612 0.6355935828877005 0.026940298507462684 0.031080213903743315
9 0.627089552238806 0.6334652406417112 0.02662046908315565 0.028770053475935826
9 0.7371641791044776 0.6290909090909091 0.02307036247334755 0.028053475935828878
9 0.7149040511727079 0.6177967914438502 0.021449893390191897 0.025379679144385027
9 0.7389658848614072 0.6669839572192513 0.024189765458422177 0.028288770053475937
9 0.7702985074626866 0.6578288770053476 0.02317697228144989 0.028245989304812834
9 0.7486567164179104 0.6061604278074866 0.032547974413646055 0.0393903743315508
9 0.7280916844349681 0.5775401069518716 0.022377398720682302 0.02621390374331551
9 0.7761194029850746 0.5691550802139037 0.020639658848614073 0.021893048128342245
9 0.8037953091684436 0.5516363636363636 0.022025586353944564 0.0259572192513369
9 0.8299253731343283 0.5659037433155081 0.025724946695095948 0.03471657754010695
9 0.8228251599147121 0.5413475935828878 0.025223880597014924 0.024352941176470588
9 0.7982302771855011 0.5875828877005348 0.0376545842217484 0.041336898395721924
9 0.7762793176972281 0.6067914438502674 0.02232409381663113 0.027914438502673798
9 0.8128358208955224 0.6246203208556149 0.05699360341151386 0.06428877005347594
9 0.6656289978678038 0.6321604278074867 0.05002132196162047 0.05370053475935829
9 0.6653518123667378 0.5942139037433155 0.022398720682302774 0.026310160427807486
9 0.6606183368869936 0.6734973262032086 0.025533049040511728 0.027700534759358287
9 0.6997121535181237 0.6924705882352942 0.06191897654584221 0.038588235294117645
9 0.6233049040511727 0.6992085561497327 0.05319829424307036 0.036374331550802136
9 0.7026759061833688 0.7788983957219251 0.07585287846481877 0.048459893048128345
9 0.7538379530916844 0.7319144385026738 0.02748400852878465 0.03164705882352941
9 0.7830063965884861 0.73924064171123 0.031108742004264393 0.029775401069518717
9 0.5847867803837953 0.810427807486631 0.05239872068230277 0.07980748663101604
9 0.5366737739872068 0.8094545454545455 0.08681236673773988 0.0796470588235294
9 0.44505330490405115 0.7589839572192513 0.024445628997867803 0.028320855614973262
9 0.4603411513859275 0.7446524064171123 0.021268656716417908 0.02562566844919786
9 0.4377185501066098 0.7934224598930482 0.025479744136460553 0.030278074866310158
9 0.4541577825159915 0.8278288770053476 0.07115138592750532 0.04264171122994652
9 0.4829104477611941 0.8657112299465242 0.03405117270788913 0.025935828877005348
9 0.4945415778251599 0.6853262032085561 0.03082089552238806 0.033754010695187166
9 0.5204264392324094 0.6950695187165775 0.021801705756929638 0.028032085561497326
9 0.7675586353944563 0.7740106951871658 0.030948827292110875 0.037390374331550805
9 0.5550319829424307 0.3278288770053476 0.05362473347547974 0.053604278074866306
9 0.6091151385927506 0.3191229946524064 0.04804904051172708 0.04759358288770053
9 0.5136460554371002 0.278524064171123 0.029061833688699364 0.030823529411764704
9 0.32339019189765456 0.21202139037433157 0.029658848614072496 0.028053475935828878
9 0.4259914712153518 0.22257754010695188 0.028837953091684437 0.03325133689839572
9 0.4289232409381663 0.29588235294117643 0.12378464818763327 0.10234224598930482
9 0.3122174840085288 0.319572192513369 0.03654584221748401 0.04240641711229946
9 0.30302771855010663 0.27870588235294114 0.02312366737739872 0.02825668449197861
9 0.22799573560767591 0.4442566844919786 0.050469083155650324 0.03361497326203208
9 0.20497867803837955 0.46311229946524063 0.027974413646055435 0.02913368983957219
9 0.2726759061833689 0.4424919786096257 0.037324093816631126 0.039604278074866314
9 0.2794243070362474 0.40686631016042785 0.0429957356076759 0.03390374331550802
9 0.19448827292110876 0.504716577540107 0.032729211087420045 0.04667379679144385
9 0.20888059701492537 0.5359679144385027 0.028603411513859273 0.029871657754010694
9 0.19672707889125798 0.5705775401069518 0.02666311300639659 0.0493903743315508
9 0.25536247334754797 0.5897433155080214 0.03748400852878465 0.04596791443850267
9 0.2128038379530917 0.6311122994652407 0.028773987206823025 0.03881283422459893
9 0.2572174840085288 0.6315935828877005 0.03380597014925373 0.035016042780748664
9 0.28267590618336885 0.6883957219251337 0.06599147121535182 0.11795721925133691
9 0.30904051172707886 0.7035294117647058 0.023624733475479744 0.027689839572192513
9 0.3312793176972282 0.7295614973262032 0.02728144989339019 0.0253048128342246
9 0.34288912579957354 0.7536898395721926 0.029381663113006395 0.02966844919786096
9 0.3106716417910448 0.6357967914438503 0.02196162046908316 0.024
9 0.3397761194029851 0.6341497326203208 0.023720682302771856 0.024310160427807488
9 0.3754690831556503 0.617283422459893 0.023933901918976545 0.02688770053475936
9 0.34586353944562903 0.5910160427807487 0.019083155650319827 0.019069518716577537
9 0.34702558635394454 0.6103850267379679 0.0203091684434968 0.02095187165775401
9 0.3651279317697228 0.6013475935828877 0.02295309168443497 0.022502673796791443
9 0.5119402985074627 0.5221711229946524 0.023933901918976545 0.025914438502673796
9 0.49059701492537316 0.5417112299465241 0.03840085287846482 0.0419144385026738
9 0.5634328358208955 0.5012192513368984 0.05414712153518124 0.038459893048128344
9 0.455362473347548 0.3881818181818182 0.02457356076759062 0.025433155080213904
9 0.43510660980810234 0.3693582887700535 0.028475479744136462 0.027957219251336898
9 0.4635501066098081 0.36671657754010695 0.028230277185501067 0.025604278074866312
9 0.3736140724946695 0.3721390374331551 0.02814498933901919 0.04593582887700535
9 0.3361727078891258 0.36774331550802136 0.027217484008528785 0.02911229946524064
9 0.2945095948827292 0.3494973262032085 0.026897654584221747 0.04449197860962567
9 0.2697441364605544 0.36417112299465243 0.023230277185501066 0.035839572192513366
9 0.14059701492537313 0.40855614973262033 0.042356076759061834 0.04499465240641711
9 0.17885927505330493 0.46776470588235297 0.0352452025586354 0.03944385026737968
9 0.16098081023454158 0.43831016042780746 0.024019189765458422 0.034663101604278074
9 0.18891257995735605 0.4415935828877005 0.025319829424307036 0.030149732620320856
9 0.15781449893390193 0.4904705882352941 0.025660980810234543 0.026427807486631018
9 0.15042643923240936 0.35449197860962567 0.02544776119402985 0.034096256684491975
9 0.19238805970149256 0.3981069518716578 0.02960554371002132 0.03224598930481283