9 0.5638996819462714 0.5958427863588477 0.060838492722792056 0.06628725623288372
9 0.4887831209125631 0.761423056872822 0.05233830256736442 0.06047306042631918
9 0.5615030088873675 0.4309721064843522 0.03839201035648622 0.03894165890731845
9 0.5350764664394657 0.4367803572687554 0.03303182852707305 0.03100223097266002
9 0.5184807691088942 0.45950369497730764 0.03733715803581112 0.03890932887594229
9 0.5307953160528454 0.49022684571190517 0.05452165311674685 0.06720438715573816
9 0.36089658367512384 0.501543091874573 0.028959711060437057 0.04420624418048874
9 0.3715920291840462 0.5356480709895681 0.023489060368975627 0.02626681624583044
9 0.353168936526248 0.532880513205317 0.022434208048300642 0.02623448621445429
9 0.3945348824017832 0.5588256991881821 0.023476786050970318 0.02515570513471933
9 0.35262272937500927 0.5823249576497614 0.02454391268965085 0.026299146277206597
9 0.489338051820056 0.37709176753819396 0.032026073478419424 0.03541434538572831
9 0.4000023520453865 0.1593489247123616 0.030995769793755054 0.03760423757657438
9 0.41563488492643 0.17608619646394189 0.028800144926367323 0.029761799736044422
9 0.19063146932670688 0.30738460756012564 0.023501334686981058 0.027377927356941553
9 0.2084903128701515 0.3135016636933981 0.022385110776279107 0.021790041770009844
9 0.3340050951985906 0.3585271138328396 0.028812419244372632 0.030872910847155405
9 0.352041916353113 0.348533058855001 0.023476786050970318 0.02515570513471933
9 0.1676687265763895 0.4769200970765371 0.025611039328331267 0.027442587419693736
9 0.320651890327614 0.6127393030354897 0.02345223741495958 0.02293348291249711
9 0.24162240844744629 0.7984327286592805 0.039508234267188115 0.04452954449425003
9 0.2627746892919725 0.792786128031758 0.01920827949624842 0.02058194056477027