8 0.18901041666666665 0.5201023541453429 0.08909375 0.08513817809621291
8 0.3411145833333334 0.5793449334698055 0.07766666666666668 0.05102354145342886
8 0.2974479166666667 0.5291504605936541 0.047125 0.04745138178096213
8 0.35235416666666663 0.5371750255885364 0.0416875 0.03888433981576254
8 0.5523020833333334 0.5614943705220062 0.047447916666666666 0.03992835209825998
8 0.47200000000000003 0.5145752302968271 0.04048958333333333 0.039641760491299895
8 0.48764583333333333 0.4583213920163766 0.03671875 0.03707267144319345
8 0.48668750000000005 0.3873183213920164 0.03469791666666667 0.03872057318321392
8 0.6321458333333333 0.5195905834186284 0.03846875 0.03817809621289662
8 0.5706354166666666 0.5317707267144319 0.03569791666666667 0.04120777891504606
8 0.52390625 0.48749232343909926 0.039510416666666666 0.035537359263050156
8 0.5019791666666666 0.5234698055271239 0.04034375 0.039365404298874106
8 0.45265625000000004 0.6662333674513817 0.045218749999999995 0.045936540429887415
8 0.2674166666666667 0.6499078812691914 0.057187499999999995 0.06249744114636643
8 0.36564583333333334 0.6655168884339816 0.095 0.08879222108495394
8 0.566875 0.6395701125895599 0.03819791666666667 0.03526100307062437
8 0.3482708333333333 0.25849539406345956 0.03686458333333333 0.03783009211873081
8 0.41238541666666667 0.2013306038894575 0.03315625 0.04163766632548618
8 0.52428125 0.13983623336745138 0.04485416666666667 0.05157625383828045
8 0.43757291666666664 0.18781985670419651 0.03177083333333333 0.03430910951893552
8 0.35663541666666665 0.3090992835209826 0.0335625 0.03563971340839304
8 0.4443125 0.372128966223132 0.027614583333333335 0.030429887410440122