8 0.5131504198030215 0.8334745823849816 0.09699834643206988 0.09873196855106846
8 0.43861843888389257 0.6774934017496227 0.060754880489674805 0.08436148054461864
8 0.49503605263126965 0.7224531419849318 0.054020674508146356 0.05226712943767741
8 0.48243950385190654 0.6662509449454376 0.04401582465383206 0.04545271145792169
8 0.4410301097220145 0.462513619753605 0.04644491693238878 0.051921025149105876
8 0.4968487128130459 0.5450602479962438 0.045053977383740715 0.04444058380245233
8 0.5545405992647829 0.5296834862357114 0.04163083072761764 0.040045968892002896
8 0.6296909019527195 0.5315274506986292 0.04370713618743495 0.03802171358106394
8 0.47923505572979996 0.38108386000741423 0.042801278514553696 0.04221855461232948
8 0.4710363968716641 0.44375290726274597 0.04591573670427967 0.039182171645921166
8 0.5211148483587332 0.4921314856177086 0.04068087470239396 0.043181238798003035
8 0.4847473497726044 0.5137802506655883 0.043971726301489635 0.0443911403326563
8 0.3382529894610584 0.5627142576450836 0.05176797563895934 0.05004510024755455
8 0.3698899708113646 0.7522308887152009 0.0706954242653371 0.06362449273726971
8 0.3462642062106562 0.6515532204839276 0.10154784252278647 0.10423759805657909
8 0.35718964533674313 0.4464984046387677 0.03955452526780045 0.04207022420294185
8 0.7765692572863175 0.6738609275409658 0.04271308180986872 0.04009541236179869
8 0.8322105703541313 0.6091211084555926 0.0469097910818459 0.037108472865186176
8 0.8885289869198207 0.4956726262825012 0.05717923105021475 0.05029231759653413
8 0.8441171737087547 0.5837059375241415 0.03924583680140322 0.0346392263260841
8 0.7227111894246631 0.6645132634718431 0.0404162845883394 0.03681181204641092
8 0.6493119789035597 0.5748061129608775 0.034784537415371734 0.03125673907110426