8 0.20019427623033526 0.5468822650654327 0.10007422833595347 0.09693662122489896
8 0.3601885207276364 0.5881406063318665 0.08492093800127039 0.06148696189881736
8 0.31017590351433144 0.5434412150809619 0.05324400281416238 0.052663305638106485
8 0.3665161899426874 0.5445448941972564 0.0468302255217911 0.04427331558679247
8 0.5697169543502051 0.5446806835024882 0.053170511950147076 0.046452125513882885
8 0.4834681627658991 0.5073334658955003 0.04578984242017967 0.045290442848771574
8 0.49225593224561626 0.44919982657422297 0.04153032219504667 0.04107737839772307
8 0.4829897346778617 0.3779158105487837 0.0394495559918237 0.04311163292168128
8 0.6449062526449576 0.4926550471931387 0.04366008230761317 0.043183910623247265
8 0.5846065336861975 0.5128451778695077 0.04052668452544295 0.04520009572181397
8 0.5325621441790133 0.4743931055936098 0.0436355853529414 0.041113517248506065
8 0.5145942852088617 0.5130115979706737 0.04577759394284385 0.044255246161400974
8 0.4821414153907709 0.6621495789335796 0.05007385959998433 0.05157390067456128
8 0.2942772997420053 0.6679629630843942 0.06501892581995745 0.0694252163153429
8 0.3948648579181584 0.6714133163963562 0.10643901171898122 0.10118582452673057
8 0.5932610448590966 0.62141434406568 0.04257070529665821 0.04006025113574408
8 0.3289924505075428 0.2651114465887336 0.04154257067238249 0.04211257508509367
8 0.38665409754429725 0.19992639886252647 0.038433669844883916 0.046199153558401464
8 0.4915739293376604 0.12461145680736511 0.051187733565611064 0.05676795353680584
8 0.41014845667190697 0.18347428813697275 0.035190035766690685 0.03889856847063265
8 0.34327071218464866 0.31508358339611786 0.03730754740192125 0.03996990400878637
8 0.43865059935004547 0.3678051611978367 0.03198314712050505 0.03470357344497565