4 0.41176512467423554 0.6737458645908574 0.03811520197178353 0.03947023958773256
4 0.45294329889647195 0.6951028176811586 0.05291940842222618 0.051587018584494465
4 0.5611316383356126 0.6522171800867551 0.04774198696680861 0.06657917879501059
4 0.6314956672935176 0.6224009200111188 0.04445548757098741 0.04389344043856159
4 0.5976740169703552 0.6914389476082815 0.04550199511855489 0.04283466356887226
4 0.6846994922657094 0.6295329450338827 0.04130371686552543 0.044914598633836726
4 0.7053517016076745 0.74393849866143 0.042380844569992596 0.04924375279863016
4 0.7451802287290357 0.7130513300544558 0.03916170951935113 0.03841146271804323
4 0.7738248085059829 0.7518753745015871 0.027527645868510357 0.028506284146695586
4 0.7438094984275331 0.7497174750947491 0.0360160628452688 0.04051020712021492
4 0.1718753572390747 0.6974309451982212 0.04023883722381817 0.04274061688283641
4 0.35354380488090964 0.8951749714534052 0.048794618545756105 0.0665979881322178
4 0.39634073267553677 0.9235080208827233 0.06457184416720674 0.06472495577653152
4 0.4942201594391921 0.9190647870052187 0.04230123216205332 0.035235132108974984
4 0.3178216955418786 0.9076679371943096 0.05402715628359314 0.06130410378377065
4 0.21697386810495736 0.8528909530355218 0.030685540605352463 0.028562712158317
4 0.18924719121659855 0.7903412026994588 0.0391984537076307 0.04487697995942254
4 0.1464502634219714 0.7620081532701406 0.04867213791815701 0.045046263994286774
4 0.12890424545932117 0.7310685073340584 0.028610897604357498 0.033913024518385564
4 0.09851843148238414 0.663716642409979 0.07083251735847135 0.055139535937705375
4 0.08040016749491058 0.624704504590776 0.03916170951935101 0.03841146271804323
4 0.09546735638548894 0.5899490105805829 0.03176879234119961 0.03396945253000698
4 0.05990105893744442 0.5372386061356426 0.03705032233007629 0.03729625783673224
4 0.13644956160356683 0.5768232050501945 0.035991566719749006 0.03619986229262871
4 0.13835273172592313 0.541225241548194 0.061285344771385586 0.04203921742008252
4 0.1632331376594129 0.4734246795241884 0.033867931467714364 0.03292948499752474
4 0.11155314377322263 0.45656616463354466 0.08383766222001689 0.12109800660488068
4 0.14811695651779494 0.499559483879209 0.050771277044671805 0.044006296461804414
4 0.1447528540021176 0.1854713185746749 0.03808458181488385 0.0340823085532498