4 0.29173319327731095 0.30913684210526315 0.04472689075630252 0.04961052631578947
4 0.3684138655462185 0.3878421052631579 0.043550420168067226 0.04583157894736842
4 0.3949159663865546 0.4393263157894737 0.04543067226890756 0.049021052631578944
4 0.7144642857142857 0.41847368421052633 0.04421218487394958 0.04612631578947368
4 0.7836344537815126 0.37690526315789474 0.04426470588235294 0.04613684210526316
4 0.6960189075630252 0.3094421052631579 0.042352941176470586 0.046094736842105265
4 0.3204201680672269 0.4201789473684211 0.0360609243697479 0.044
4 0.549390756302521 0.15230526315789472 0.04625 0.05147368421052632
4 0.6062394957983193 0.14312631578947368 0.03426470588235294 0.03682105263157894
4 0.6368067226890757 0.16950526315789474 0.03550420168067227 0.03782105263157895
4 0.6508298319327731 0.2592 0.04988445378151261 0.058305263157894735
4 0.6422373949579832 0.2043157894736842 0.0329936974789916 0.03474736842105263
4 0.6228991596638656 0.2237578947368421 0.034747899159663864 0.037652631578947375
4 0.5938235294117648 0.18945263157894734 0.05441176470588235 0.062336842105263156
4 0.678077731092437 0.19016842105263157 0.034684873949579836 0.04378947368421053
4 0.7230672268907563 0.25122105263157896 0.0654936974789916 0.04858947368421052
4 0.71109243697479 0.20130526315789474 0.041586134453781516 0.04872631578947368
4 0.25910714285714287 0.3805684210526316 0.0460609243697479 0.0484
4 0.2167436974789916 0.43420000000000003 0.04535714285714286 0.04741052631578947
4 0.26751050420168065 0.44502105263157893 0.03816176470588235 0.03921052631578947
4 0.2816701680672269 0.4190315789473684 0.04385504201680672 0.04213684210526316
4 0.24031512605042016 0.47085263157894736 0.03947478991596638 0.036505263157894735
4 0.17900210084033613 0.5242947368421053 0.03990546218487395 0.04214736842105263
4 0.17256302521008404 0.5620947368421053 0.042037815126050426 0.04465263157894737
4 0.21201680672268908 0.5126631578947368 0.03589285714285714 0.042936842105263155
4 0.2553256302521008 0.5859684210526316 0.0425 0.0432
4 0.28536764705882356 0.5580631578947368 0.037468487394957985 0.04250526315789474
4 0.24413865546218486 0.5417473684210526 0.03411764705882352 0.03996842105263158
4 0.24463235294117647 0.5051368421052631 0.032111344537815126 0.03390526315789474
4 0.2681617647058823 0.5338526315789474 0.03185924369747899 0.0342
4 0.2579201680672269 0.5163684210526316 0.03433823529411764 0.03430526315789474
4 0.11293067226890757 0.638578947368421 0.03880252100840336 0.04316842105263158
4 0.07466386554621848 0.5857578947368421 0.027289915966386556 0.044789473684210525
4 0.18497899159663864 0.6062315789473683 0.041859243697478996 0.04763157894736842
4 0.20819327731092435 0.6779368421052632 0.04326680672268907 0.05069473684210526
4 0.2514075630252101 0.6758210526315789 0.042352941176470586 0.049473684210526316
4 0.46948529411764706 0.7531052631578948 0.040682773109243696 0.047663157894736845
4 0.5160084033613446 0.7680947368421053 0.04069327731092437 0.04656842105263158
4 0.24734243697478991 0.7973578947368422 0.05053571428571429 0.04795789473684211
4 0.3206827731092437 0.8274 0.04316176470588236 0.04789473684210526
4 0.37402310924369747 0.8389052631578948 0.04381302521008403 0.0448421052631579
4 0.3048109243697479 0.8756842105263157 0.041439075630252106 0.04322105263157895
4 0.3378151260504202 0.8984 0.039611344537815125 0.045547368421052635
4 0.44316176470588237 0.8128210526315789 0.04298319327731093 0.041800000000000004
4 0.427531512605042 0.7797578947368421 0.05178571428571428 0.041821052631578946
4 0.3922058823529412 0.7623894736842105 0.03915966386554622 0.03516842105263158
4 0.36314075630252096 0.7184526315789473 0.03305672268907563 0.043515789473684216
4 0.42059873949579835 0.6180315789473684 0.07494747899159664 0.06522105263157894
4 0.4123949579831933 0.6956526315789474 0.10054621848739495 0.09414736842105263
4 0.757373949579832 0.5788631578947367 0.04459033613445378 0.04885263157894736
4 0.8421218487394958 0.6538421052631579 0.06220588235294117 0.06513684210526316
4 0.7038340336134453 0.7313157894736843 0.11157563025210084 0.07110526315789473
4 0.7768802521008403 0.7698105263157895 0.04296218487394958 0.058715789473684214
4 0.7050945378151261 0.7844947368421052 0.04253151260504202 0.04174736842105263
4 0.6632878151260505 0.8233368421052631 0.04149159663865546 0.03887368421052632
4 0.5586344537815127 0.9222842105263157 0.041407563025210085 0.03812631578947368
4 0.5978466386554622 0.921578947368421 0.037636554621848735 0.03672631578947368
4 0.6561554621848739 0.8833052631578947 0.047058823529411764 0.0705157894736842
4 0.6983823529411765 0.8672842105263158 0.04578781512605042 0.042084210526315786
4 0.7308508403361345 0.8471052631578947 0.03591386554621848 0.03786315789473684
4 0.7503886554621849 0.824378947368421 0.04060924369747899 0.03763157894736842
4 0.7002731092436975 0.8243263157894737 0.041680672268907565 0.049673684210526314