4 0.8171564482029599 0.4570199370409234 0.04915433403805497 0.05065057712486884
4 0.7753805496828753 0.3908289611752361 0.044334038054968286 0.04602308499475341
4 0.6703171247357294 0.28034627492130115 0.046078224101479916 0.04520461699895068
4 0.625369978858351 0.24585519412381954 0.04379492600422833 0.042318992654774394
4 0.6456131078224101 0.2174501573976915 0.05260042283298097 0.06025183630640084
4 0.5420824524312896 0.28816369359916055 0.06683932346723044 0.06374606505771249
4 0.5928012684989429 0.22813221406086043 0.04134249471458774 0.04075550891920252
4 0.5804122621564483 0.19444910807974816 0.05257928118393235 0.043189926547743965
4 0.35845665961945034 0.5612381951731374 0.05214587737843552 0.0491710388247639
4 0.3345243128964059 0.627408184679958 0.07177589852008458 0.0751626442812172
4 0.35947145877378434 0.7205456453305351 0.04273784355179704 0.046988457502623295
4 0.39618393234672306 0.7430640083945436 0.04653276955602537 0.048835257082896114
4 0.3045137420718816 0.798719832109129 0.04633192389006342 0.04945435466946485
4 0.25815010570824526 0.8297061909758657 0.0496723044397463 0.05352570828961175
4 0.362093023255814 0.8882686253934942 0.04996828752642706 0.04635886673662119
4 0.6203171247357294 0.884700944386149 0.062050739957716705 0.07498426023084995
4 0.2575369978858351 0.634816369359916 0.04158562367864694 0.04351521511017838
4 0.22116279069767442 0.6557607555089192 0.03980972515856236 0.03995802728226652
4 0.22281183932346724 0.6067471143756559 0.03733615221987315 0.03504721930745015
4 0.2800528541226216 0.6845750262329485 0.033424947145877376 0.03743966421825813
4 0.29371035940803386 0.7314480587618049 0.057632135306553915 0.05796432318992655
4 0.21477801268498944 0.6872612801678909 0.03669133192389006 0.036012591815320044
4 0.2081289640591966 0.7120356768100735 0.032632135306553914 0.028247639034627493
4 0.24077167019027484 0.7486149003147954 0.0377906976744186 0.040262329485834206
4 0.2509830866807611 0.7256348373557188 0.034830866807610994 0.04198321091290661
4 0.1910782241014799 0.5502938090241343 0.04050739957716702 0.03772298006295908
4 0.2173784355179704 0.5785099685204618 0.047949260042283295 0.035057712486883524
4 0.15125792811839323 0.5370304302203568 0.03872093023255814 0.037544596012591816
4 0.14719873150105708 0.5729590766002098 0.03608879492600423 0.0342392444910808
4 0.17321353065539113 0.6354774396642183 0.06890063424947146 0.07079748163693599
4 0.1920718816067653 0.4790556138509969 0.04497885835095137 0.036211962224554035
4 0.12840380549682875 0.4579958027282267 0.04614164904862579 0.04859391395592865
4 0.2009830866807611 0.4439979013641133 0.047494714587737845 0.04516264428121721
4 0.14845665961945032 0.4855403987408185 0.03954545454545454 0.04178384050367261
4 0.17634249471458774 0.5124449108079748 0.04849894291754757 0.050713536201469046
4 0.29210359408033826 0.41459601259181533 0.041955602536997885 0.04272822665267576
4 0.23281183932346725 0.4116054564533053 0.04245243128964059 0.045834207764952783
4 0.266384778012685 0.3858237145855194 0.04272727272727273 0.04518363064008395
4 0.3042494714587738 0.37417628541448056 0.04245243128964059 0.04007345225603358
4 0.2552748414376321 0.32260230849947535 0.04617336152219873 0.04875131164742917
4 0.29610993657505286 0.3052465897166841 0.04173361522198731 0.045876180482686255
4 0.3364904862579281 0.3335571878279118 0.04237843551797041 0.0493389296956978
4 0.30790697674418605 0.22097586568730326 0.042420718816067654 0.045540398740818465
4 0.4182663847780127 0.18942287513116476 0.03415433403805497 0.04153200419727177
4 0.4742494714587738 0.16144805876180485 0.04171247357293869 0.039233997901364115
4 0.39525369978858355 0.23977964323189926 0.031997885835095136 0.03313746065057712
4 0.41659619450317126 0.31467995802728227 0.03879492600422833 0.04253934942287513
4 0.47668076109936575 0.2897796432318993 0.03656448202959831 0.03938090241343127
4 0.4471353065539112 0.29761804826862537 0.034207188160676534 0.04061909758656873
4 0.3776215644820296 0.30079748163693604 0.029809725158562367 0.02969569779643232
4 0.36911205073995773 0.3351626442812172 0.03207188160676533 0.04613850996852046
4 0.3580443974630021 0.26417628541448057 0.034672304439746296 0.037460650577124874
4 0.36630021141649044 0.23230849947534102 0.03649048625792812 0.03547743966421826
4 0.43482029598308664 0.22570828961175235 0.037959830866807605 0.03409233997901364
4 0.40584566596194505 0.2722455403987408 0.03497885835095138 0.03624344176285414
4 0.47023255813953485 0.236096537250787 0.038678646934460895 0.049401888772298
4 0.5101268498942917 0.21038824763903463 0.03653276955602537 0.039821615949632745
4 0.49694503171247356 0.2581217208814271 0.037653276955602534 0.034365162644281216
4 0.4596511627906977 0.18859391395592864 0.05646934460887949 0.04804826862539349
4 0.5345454545454545 0.20313746065057714 0.06521141649048626 0.09623294858342077
4 0.7478752642706131 0.30556138509968517 0.042156448202959836 0.04469045120671564
4 0.7320084566596194 0.3383840503672613 0.08184989429175477 0.07669464847848899
4 0.705570824524313 0.2699685204616999 0.03630021141649049 0.03896117523609654