4 0.6824389681656036 0.8156749860557853 0.06406743558456325 0.06278865244095823
4 0.7255577425721161 0.7965488096198651 0.03817683794449964 0.023294106497254677
4 0.7269058168085631 0.8700782213845709 0.039480774465581694 0.03202137888665462
4 0.7514982688876041 0.8387666671104096 0.029043491336865863 0.02428202759992056
4 0.5959318045052887 0.8392214565746846 0.040565024814798324 0.028766080469954342
4 0.5593256224491312 0.8703999187340035 0.03837655264619539 0.03418735268461851
4 0.5901939047165216 0.8070293408441717 0.024546718178642454 0.028588624316831093
4 0.552506367791177 0.8104236875059584 0.03709258759528289 0.0265494049139552
4 0.829617118186656 0.5760690787405933 0.11631376563865041 0.10475338273083692
4 0.8600315507101679 0.6439304288097236 0.0687639234444824 0.06937530191141178
4 0.8751698133638655 0.5025146976863802 0.05826672590525805 0.05836797676846857
4 0.8376678106301061 0.4536341380883294 0.027899326577140462 0.024269352160411685
4 0.7364846236100238 0.6126113920472763 0.03717247347596122 0.030906703388900735
4 0.6143859249872116 0.4419031681248528 0.0650118856425929 0.05190808169310327
4 0.6259245344552841 0.4785159595278553 0.038336609705856034 0.032008703447145744
4 0.6463739088790952 0.5331976729363241 0.030147713156251903 0.022116053801956668
4 0.5060008330058863 0.76961165903236 0.040804682456833295 0.04183797589479094
4 0.5050905349281369 0.8447497068461527 0.04178907545520191 0.0331360543844085
4 0.5390804543920787 0.6708697196323676 0.038476409997043264 0.039633975778300426
4 0.3867738313124687 0.6931426900701424 0.0558585675647897 0.05180667817703277
4 0.5848231754259365 0.38929870043778625 0.03137176379665576 0.026486027716411075
4 0.5327492014582832 0.5439190375112981 0.023262753127730084 0.02095067654616741