4 0.11208000323744155 0.3868701131471131 0.06523214204193495 0.06300018543256444
4 0.17163830098956348 0.3234134772254011 0.05805090477540377 0.05726566723340077
4 0.3088379437264317 0.22337822714369251 0.06028438209273972 0.056139967529097695
4 0.36426959323528213 0.1946463797645523 0.05666371312731641 0.05270323234751124
4 0.34944417279777207 0.1603817345114101 0.07036020398407636 0.07327725982805852
4 0.4425663770395044 0.2543423546125908 0.0867758538415285 0.08020374003005554
4 0.402261443408902 0.18119430626666624 0.05431003448134961 0.05155102772379609
4 0.4235298258502434 0.14770786333589886 0.06710501537337844 0.055040772744206705
4 0.5762704903353472 0.5792455944988558 0.06746561935927081 0.061874485728261375
4 0.5860953647125957 0.6539264759996889 0.09437779575826763 0.09391092337728306
4 0.5386157162495505 0.7493532872718924 0.0569642164488935 0.058397993167556665
4 0.49410617430128545 0.7667552490796186 0.06167157374082708 0.06070240241498723
4 0.5795890717408717 0.8424429378327558 0.06167157374082708 0.06070240241498723
4 0.6215768239723057 0.8837003255864254 0.0654124440348811 0.06641704192459165
4 0.4976131643721663 0.9285560317823692 0.06384495039384762 0.05843775054667492
4 0.2237612454844229 0.8791231194994077 0.0838763928478902 0.09043443081657836
4 0.6664055207713845 0.6754675533534221 0.05443023580998045 0.05382893205181431
4 0.7004534628790954 0.7041467705790937 0.051896255171067406 0.04925987093607196
4 0.7095554832193035 0.6512219392168617 0.048155384877013124 0.043545231426467275
4 0.6311076556351317 0.7248231249370074 0.04489531989748244 0.04694220922893549
4 0.6056476479173706 0.7725265912283296 0.07603404827388952 0.07217143881331457
4 0.7003405761037138 0.7388947509261511 0.04821548554132867 0.04468418359047613
4 0.7011616878096374 0.7668123314040804 0.04206083593699244 0.036678387293147575
4 0.658104314542608 0.8001728759676403 0.05074946618024172 0.049253244706219
4 0.6526058958769083 0.7739372188163127 0.047429300536395484 0.05151127034467785
4 0.7560483470899773 0.5962345559968347 0.05183615450675186 0.04812091877206284
4 0.7219825455721904 0.622241608218233 0.0597434761139011 0.04588939805301556
4 0.8017071162134843 0.5896625790919745 0.05062926485161088 0.04697534037820052
4 0.7979435101405218 0.6283770133235047 0.047008595886187436 0.04353860519661406
4 0.7556471479151006 0.6907940905290031 0.09057682479989806 0.08705733170366926
4 0.7715429815073669 0.5199910233067545 0.05750999879656501 0.04701509775731877
4 0.8438483504092841 0.5084461649504728 0.0616114730765118 0.05956345025097812
4 0.7701760874537715 0.480677294958881 0.0614912717478807 0.057285545922959896
4 0.8160898883410388 0.5344896614360628 0.05201645649969824 0.05153777526409005
4 0.7803940543334869 0.558778346066668 0.06408535305110903 0.06299355920271137
4 0.6797503064338227 0.43344353161641247 0.05557702480080614 0.053835558281667396
4 0.7436098859341688 0.44064831347223654 0.05575732679375226 0.0572524147736946
4 0.7138461582837671 0.40686700331300957 0.05569722612943697 0.05611346260968549
4 0.6758469935568981 0.38784900079185636 0.05424993381703433 0.05041207555978698
4 0.7396643318030045 0.34150646536461954 0.0616114730765118 0.05956345025097812
4 0.7003055875757893 0.3156448105146323 0.05461053780292657 0.05724578854384165
4 0.6509083863426444 0.33871502822299204 0.05708441777752433 0.06067589749557515
4 0.7068939248715763 0.22339962457467372 0.05569722612943697 0.05611346260968562
4 0.5972732343291679 0.1703584545046582 0.046282511545569796 0.05150464411482496
4 0.5437274411930039 0.13074323269847218 0.053043044161893094 0.04926649716592485
4 0.6097198021573864 0.22796499289013417 0.04230123859425411 0.04123419594918389
4 0.5701125486004995 0.30463885083530545 0.05207655716401353 0.05267672742809916
4 0.5118593981724019 0.2672750284377255 0.04960267718941603 0.049246618476365786
4 0.5415280984574976 0.28111804949694 0.04622241088125438 0.05036569195081578
4 0.615288074225067 0.2963551325695051 0.038620468964515375 0.036658508603588325
4 0.6161116241154071 0.33509607172044736 0.045316024547690494 0.05491487437699927
4 0.6441007361032486 0.26120333188676864 0.04604210888830813 0.04694883545878851
4 0.642553540056707 0.22530646003092258 0.04821548554132867 0.04468418359047632
4 0.57072410010048 0.2060929837291052 0.04924207320352352 0.042412905492311116
4 0.5913484425252669 0.26089852531352953 0.04598200822399284 0.0458098832947794
4 0.5308894269275746 0.21098966353721682 0.05358395014073185 0.05951706664200691
4 0.4948484101597892 0.1766024330317937 0.04960267718941603 0.049246618476365786
4 0.49775762389109324 0.23016631588948705 0.049302173867838944 0.043551857656320234
4 0.5529992186693318 0.16155789031032194 0.07205277532257369 0.06190099064767345
4 0.4702501093369359 0.16449765825293147 0.09322613039860905 0.11553776203375013
4 0.22038737795648164 0.23653874652804546 0.05569722612943697 0.05611346260968562
4 0.22984189561017213 0.27475990632088093 0.10481909800432966 0.09624846377397851
4 0.27301215565258324 0.20665138141026362 0.04724899854344924 0.04809441385265064