4 0.6805946897440744 0.8085657983449542 0.060045520754490024 0.06362907807667612
4 0.6179813770006449 0.7078344561730386 0.05647555742462816 0.058956699695589046
4 0.6017958064712022 0.6471476617587748 0.060045520754490024 0.06362907807667612
4 0.26132701071457193 0.5939733369168245 0.05765021529998302 0.06013793643209905
4 0.17936251959378044 0.6212530592405672 0.05765021529998302 0.06013793643209905
4 0.25593375773007637 0.7124572106478925 0.0553468892530706 0.0589041311306366
4 0.6754495539139623 0.6850678505606093 0.048436911112333475 0.05520271522625027
4 0.37389302465750707 0.9118851970621972 0.06126616833364217 0.06593898298474393
4 0.31186226492563845 0.9078652578182623 0.045857646842637045 0.0471969008954427
4 0.2861309250702774 0.8733079011984588 0.0470323047179919 0.04837813763195245
4 0.29180203670608046 0.7757569572061582 0.06605677924265631 0.07292126627389832
4 0.28823591423326583 0.8355238017337567 0.04237966292036977 0.044781858857470755
4 0.31262779139293423 0.8196977190243918 0.04590363654643434 0.048325569067000265
4 0.3352155328928202 0.8620243314327174 0.07193006861943059 0.07882744995644785
4 0.24728193213061248 0.8415320105963763 0.04730824294077572 0.05515014666129808
4 0.21356655244991776 0.7670244351699635 0.08045352725012073 0.06683264858893319
4 0.2152633955643014 0.822513165553617 0.05543886866066519 0.06116146747375172
4 0.731391453818805 0.7413868698046375 0.059999531050692605 0.06250040990511856
4 0.7875680781687506 0.6948130954595945 0.058824873175337876 0.0613191731686088
4 0.7370644858831317 0.6715408645804494 0.04938162046870161 0.05074061110497221
4 0.7163010193973336 0.6954516144680503 0.05633758831323641 0.055570695180916355
4 0.7712799910200259 0.6505182738153913 0.05154697740422215 0.048588411891761975
4 0.8481530177285972 0.6094316906081964 0.05177692592320874 0.054231752749549784
4 0.8632836805682949 0.5711234614688883 0.055254909845476013 0.05664679478752173
4 0.8106540246963124 0.6139046029083366 0.048390921408536056 0.05407404705469271
4 0.7819592044436184 0.5271919518545999 0.05520892014167885 0.05551812661596417
4 0.7443117050882541 0.5491855050963586 0.049519589580093365 0.054126615619644894
4 0.783367651695007 0.575882388926432 0.04486694778247136 0.05053033684516294
4 0.7744676586507745 0.613915411087199 0.04233367321657248 0.043653190685913196
4 0.7566829857001136 0.5785973662505041 0.04120500504501491 0.04360062212096075
4 0.7631915141468864 0.5992550890107303 0.044636999263484765 0.04488699598737513
4 0.9439901511893009 0.5053375998998078 0.051822915627006166 0.05536042092110709
4 0.9657040883170381 0.5691089075677273 0.028028904616702516 0.051999144713993445
4 0.8607465651453488 0.5223804558321038 0.05539287895686802 0.06003279930219441
4 0.8527251523993816 0.44171933000199387 0.0577881844113749 0.06352394094677173
4 0.8067027007364067 0.4333563438953824 0.05661352653601991 0.06234270421026173
4 0.5955296338932423 0.3013933011787979 0.054264210785310206 0.05998023073724197
4 0.5502430174910242 0.2749716243272655 0.05421822108151304 0.058851562565684475
4 0.8389875733828834 0.3070784860682334 0.06456019344072027 0.06383935233648563
4 0.7685923985550915 0.2585673710489829 0.05656753683222275 0.061214036038704234
4 0.715313125544376 0.2340350505858995 0.05760422559618573 0.059009268260541356
4 0.7965063289123009 0.21180805075168974 0.054080251970121035 0.05546555805101179
4 0.7672740102827739 0.17991465886592312 0.05304356320615806 0.05767032582917459
4 0.6368371555575393 0.24508050583443824 0.055208920141678594 0.05551812661596411
4 0.6454775088762463 0.2827996725804086 0.06428425521793651 0.05706734330714013
4 0.6788901146252113 0.30923371358572044 0.049197661653512435 0.04622593841874196
4 0.6993249568297879 0.36276815486219344 0.04500491689386337 0.053916341359835626
4 0.6158677207641077 0.45443453152966934 0.0947793702733656 0.08665083028483929
4 0.6422936821025449 0.374812412844826 0.12893642806625139 0.12316403198674077
4 0.2533333687466201 0.4154984242696523 0.057742194707577604 0.06239527277521417
4 0.18155274151933828 0.3177325380927909 0.08114337280708026 0.08376267116229637
4 0.3441231070703773 0.2687638657381412 0.13483463272344803 0.10203474811686104
4 0.27635318621607896 0.21132854247633487 0.059284770213310876 0.07260585488418449
4 0.35545193763270283 0.21275100567988162 0.054034262266323865 0.05433688987945416
4 0.407575706762915 0.18238521412756636 0.05389629315493186 0.05095088536478154
4 0.5402804350429522 0.10318986786201018 0.05272163527957713 0.049769648628271664
4 0.499359985003885 0.0944991062119054 0.049289641061107024 0.04848327476185715
4 0.42929249938824526 0.12120213029608976 0.06660865568822397 0.0864652843325891
4 0.38097917931856906 0.12743297757229818 0.05859492465635128 0.05567583231082105
4 0.34198360048434834 0.14088266667994664 0.0470323047179919 0.04837813763195255
4 0.3163020911898318 0.16060651942481066 0.05272163527957713 0.049769648628271664
4 0.36954591170843765 0.172132871632506 0.056613526536020045 0.06234270421026179