4 0.19833333333333333 0.2848870636550308 0.049957537154989386 0.04282340862422998
4 0.20093418259023355 0.36981519507186855 0.050838641188959664 0.05231006160164271
4 0.29188959660297237 0.5352156057494866 0.04754777070063694 0.04986652977412731
4 0.37062632696390657 0.48299794661190965 0.05281316348195329 0.045554414784394245
4 0.42696390658174094 0.5065092402464065 0.050498938428874734 0.048685831622176594
4 0.43536093418259025 0.416129363449692 0.04611464968152866 0.04206365503080082
4 0.45063694267515925 0.39021560574948666 0.04942675159235669 0.041437371663244356
4 0.34937367303609346 0.5376488706365503 0.045106157112526545 0.04365503080082136
4 0.3934182590233546 0.5586242299794661 0.04422505307855626 0.04493839835728953
4 0.3189065817409767 0.6046098562628337 0.053768577494692146 0.06341889117043122
4 0.4186411889596603 0.6445071868583162 0.04746284501061571 0.04664271047227926
4 0.512176220806794 0.6151745379876796 0.04388535031847134 0.04505133470225873
4 0.607515923566879 0.6199075975359343 0.03939490445859872 0.04280287474332649
4 0.2721443736730361 0.7547843942505134 0.044989384288747346 0.038911704312114985
4 0.41986199575371547 0.7440862422997947 0.08225053078556263 0.06066735112936345
4 0.5547346072186836 0.726611909650924 0.08936305732484078 0.05044147843942506
4 0.5302653927813163 0.7585318275154004 0.041348195329087054 0.03501026694045175
4 0.5663906581740976 0.8092505133470226 0.0421443736730361 0.04270020533880904
4 0.6036411889596603 0.8251950718685832 0.04179405520169851 0.04197125256673512
4 0.6404140127388535 0.7963244353182751 0.03685774946921443 0.03959958932238193
4 0.6759660297239914 0.7977720739219712 0.04024416135881104 0.04051334702258727
4 0.7406369426751592 0.7809034907597536 0.06935244161358811 0.05718685831622177
4 0.7188535031847133 0.7163552361396304 0.04144373673036093 0.038819301848049284
4 0.522176220806794 0.8464887063655031 0.045700636942675156 0.038110882956878846
4 0.5042993630573248 0.7819507186858317 0.040626326963906584 0.03753593429158111
4 0.6282908704883228 0.7258624229979466 0.045329087048832276 0.046950718685831616
4 0.7094055201698514 0.64652977412731 0.0501380042462845 0.08007186858316222
4 0.803312101910828 0.6774743326488707 0.04067940552016985 0.04607802874743327
4 0.788343949044586 0.6293223819301849 0.03935244161358811 0.038737166324435315
4 0.7925053078556263 0.7237987679671458 0.03745222929936306 0.038880903490759754
4 0.8092781316348195 0.7483162217659137 0.03318471337579618 0.03467145790554415
4 0.780031847133758 0.5662012320328542 0.06154989384288747 0.05885010266940452
4 0.7033014861995753 0.5597535934291582 0.08904458598726114 0.07260780287474332
4 0.8545541401273885 0.5428028747433266 0.03992569002123142 0.03673511293634497
4 0.8200000000000001 0.49332648870636553 0.04645435244161358 0.043552361396303904
4 0.783832271762208 0.4958110882956879 0.03543524416135881 0.03665297741273101
4 0.7554989384288747 0.4834804928131417 0.08302547770700636 0.09207392197125257
4 0.5947983014861995 0.4326899383983573 0.04682590233545648 0.04486652977412731
4 0.5335350318471337 0.46856262833675566 0.04388535031847134 0.04246406570841889
4 0.5560297239915074 0.49983572895277206 0.0685244161358811 0.04470225872689938
4 0.5571762208067941 0.6792094455852156 0.07787685774946922 0.04262833675564682
4 0.5473673036093418 0.6392607802874744 0.049065817409766455 0.03883983572895277
4 0.5977070063694268 0.6577618069815194 0.04854564755838641 0.04673511293634497
4 0.6081210191082803 0.6955338809034908 0.037696390658174095 0.031488706365503084
4 0.33065817409766457 0.796006160164271 0.06437367303609341 0.07850102669404517
4 0.382452229299363 0.795359342915811 0.06100849256900212 0.05427104722792608
4 0.4608067940552017 0.8486139630390144 0.04152866242038216 0.033459958932238194
4 0.45904458598726117 0.8199897330595483 0.07277070063694267 0.0898870636550308
4 0.3647452229299363 0.2404106776180698 0.046751592356687896 0.04530800821355237
4 0.43118895966029724 0.2776899383983573 0.04098726114649681 0.0381211498973306
4 0.4231422505307856 0.23736139630390143 0.04470276008492569 0.043039014373716634
4 0.4440764331210191 0.21074948665297744 0.04826963906581741 0.05878850102669404
4 0.47692144373673034 0.2593223819301848 0.04185774946921444 0.04330595482546201
4 0.5227070063694267 0.2413552361396304 0.057622080679405524 0.05358316221765914
4 0.5349787685774947 0.19568788501026693 0.041242038216560514 0.041416837782340864
4 0.5677388535031846 0.21015400410677618 0.03718683651804671 0.04354209445585215
4 0.622823779193206 0.23421971252566734 0.04392781316348195 0.046971252566735115
4 0.5381422505307856 0.2932546201232033 0.04889596602972399 0.045
4 0.7580891719745223 0.25290554414784394 0.04903397027600849 0.05241273100616016
4 0.6988853503184713 0.33539014373716636 0.038917197452229296 0.03857289527720739
4 0.681380042462845 0.35850102669404516 0.0435244161358811 0.043921971252566736
4 0.7382590233545648 0.376129363449692 0.04898089171974522 0.045975359342915814
4 0.5917940552016986 0.371047227926078 0.050552016985138004 0.05625256673511293
4 0.5202016985138004 0.35514373716632447 0.042048832271762204 0.04487679671457906
4 0.5511889596602972 0.3432032854209445 0.04726114649681529 0.05292607802874743
4 0.8151061571125265 0.5886550308008214 0.02908704883227176 0.03284394250513347
4 0.8404246284501061 0.59717659137577 0.03490445859872612 0.03486652977412731
4 0.8324416135881104 0.6374845995893224 0.03781316348195329 0.04349075975359343
4 0.8782165605095541 0.5998562628336755 0.03559447983014862 0.06585215605749487
4 0.8351380042462846 0.6802566735112937 0.03200636942675159 0.030431211498973307
4 0.8352972399150743 0.735 0.036932059447983015 0.03441478439425052
4 0.8565180467091296 0.7093737166324435 0.041390658174097664 0.03955852156057495