4 0.8451307189542484 0.6137902388369678 0.05284313725490196 0.04865005192107996
4 0.8341067538126362 0.6559916926272067 0.016851851851851854 0.032004153686396676
4 0.9059368191721132 0.6424506749740394 0.02622004357298475 0.030695742471443403
4 0.8795206971677559 0.6706334371754933 0.020021786492374728 0.023063343717549326
4 0.8537363834422658 0.5317964693665628 0.02159041394335512 0.03338525441329179
4 0.8773965141612201 0.4928141225337487 0.02789760348583878 0.030093457943925234
4 0.8209368191721133 0.5326272066458982 0.025337690631808282 0.017165109034267913
4 0.8173202614379085 0.49825545171339564 0.02056644880174292 0.030301142263759087
4 0.6357625272331154 0.7922741433021807 0.08705882352941177 0.08944963655244029
4 0.7075599128540304 0.8063239875389409 0.05907407407407407 0.05222222222222222
4 0.5715904139433552 0.84797507788162 0.050359477124183004 0.043530633437175496
4 0.5176252723311547 0.8238629283489096 0.01980392156862745 0.021952232606438214
4 0.6559150326797386 0.7017757009345794 0.02485838779956427 0.02913811007268951
4 0.46778867102396515 0.6266458982346833 0.04133986928104576 0.05240913811007269
4 0.505718954248366 0.6299376947040498 0.025838779956427013 0.0305607476635514
4 0.5627450980392157 0.636895119418484 0.01710239651416122 0.024361370716510903
4 0.7695315904139433 0.4651713395638629 0.03637254901960785 0.029937694704049844
4 0.842962962962963 0.4493042575285566 0.026350762527233118 0.032814122533748706
4 0.6786056644880175 0.5142782969885774 0.0335838779956427 0.029148494288681204
4 0.6749999999999999 0.3739460020768432 0.04342047930283224 0.042855659397715476
4 0.411437908496732 0.6112668743509865 0.021993464052287585 0.024600207684319836
4 0.5536056644880174 0.5338110072689511 0.01733115468409586 0.01766355140186916