4 0.8523565754125005 0.6574302865764404 0.05941561203523405 0.054201585011686364
4 0.8380010217676176 0.6978850142288465 0.020553517837036975 0.03373088848508144
4 0.9112872862319938 0.6917988862019055 0.030421938889668553 0.033894871349751596
4 0.8834293027759265 0.7179431119971732 0.022516810243615987 0.024372757096622538
4 0.8662650511233192 0.5762748569746233 0.02608701621062387 0.0359096727487986
4 0.892771332185137 0.53967399749989 0.03149290900112072 0.032869250331931214
4 0.8333192720479781 0.5736405647534891 0.026800690689424898 0.020270273025341713
4 0.8324770751995862 0.5391938006616311 0.02381747040462974 0.032741708103854586
4 0.6298741493334803 0.8149412772782392 0.09776820068757318 0.09866241195068369
4 0.7010827347597473 0.8359494731945961 0.06500015264205672 0.058468051947637344
4 0.561471969948685 0.8638886712000118 0.05490204153986355 0.04890949705791523
4 0.5086995664666674 0.834839490005763 0.022491289126997976 0.02332891576050563
4 0.6562136263507804 0.7266884919840154 0.028177914200292434 0.03177074804092425
4 0.47251123040109705 0.6323369123956856 0.04740525075969789 0.056088844182656736
4 0.5099450588551906 0.639219451234474 0.029299926544980617 0.03283280969533769
4 0.5667078499419109 0.6521619729920974 0.020349348904093643 0.02538015779614616
4 0.7866149352087723 0.501390400179317 0.03919386871422996 0.034040633896124876
4 0.8614693731654 0.4922000786214704 0.03047298112290457 0.035982554021985184
4 0.6916800368590403 0.5410278551049756 0.036975365141471594 0.03296035192341456
4 0.6975548615542158 0.40026414743471456 0.04827205193820673 0.04671249247590119
4 0.4166407616095035 0.6110618802674236 0.024786356049610117 0.02754072174156656
4 0.5647039838941526 0.5477869495395548 0.019099730976315663 0.019098889461147937