4 0.23404429731761414 0.33922904237449925 0.05407814426465862 0.05980171180837887
4 0.32469343379908455 0.4227366186645852 0.05172130607606877 0.05623432244454864
4 0.3582525015547914 0.47856212509586293 0.05407814426465862 0.05980171180837887
4 0.7113348976088207 0.43878358648155147 0.052889530375134323 0.056261576845433175
4 0.7852320757766736 0.38897836549372955 0.05288953037513406 0.056261576845433314
4 0.6828225362077898 0.3186642873493631 0.05055308177700348 0.05620706804366383
4 0.2742321051791464 0.46079184570288856 0.043523346392151885 0.05253066107629464
4 0.5091211194538509 0.15124080828126507 0.05525996162403 0.06217088658397087
4 0.5717026778156866 0.13864739648035437 0.04113932208295019 0.044279430963049746
4 0.6071771987436633 0.166410740016472 0.04231434291216852 0.04547764555128805
4 0.6293900623076649 0.2647173764777523 0.059973638001209695 0.06930566531163154
4 0.6163021059062146 0.2046849813125428 0.03878928042451352 0.041883001786573004
4 0.5957256483345866 0.2270417529504559 0.0411461186131031 0.04545039115040338
4 0.5614703256818228 0.1905234624100707 0.06584194561714858 0.0741257780654697
4 0.6549622522578212 0.1868490135440807 0.042355122093086534 0.0525034066754099
4 0.7089108730059492 0.25251915348967013 0.07627440594690174 0.060319545425188734
4 0.6922876593216143 0.1976743159648978 0.050566674837309575 0.05854898841837109
4 0.20319470843120427 0.4204876410662505 0.05523957203357106 0.05865800602191005
4 0.16019090715213172 0.4821392254573772 0.05406455120435266 0.057459791433671616
4 0.2168022099457337 0.49165778521176184 0.04465758804045241 0.04670311454041116
4 0.23099421305341986 0.462125353244861 0.05286234425452227 0.05157773609601879
4 0.18916883086864222 0.522047751755842 0.04698724010843027 0.045586663154827005
4 0.1245460835267064 0.5843660899179548 0.04818944705826059 0.05146871849247996
4 0.12021262339446995 0.6264252662595889 0.050539488716697424 0.05386514766895657
4 0.16026867780526705 0.5693893866156651 0.043516549861998904 0.051359700888941005
4 0.21355502630710285 0.6485119415153788 0.05053269218654448 0.05269418748160294
4 0.2447032730766201 0.6164472978929224 0.045846201929976765 0.05024324950335672
4 0.19806265600599207 0.6001346394219361 0.04115971167340913 0.047792311525110764
4 0.1959606876981392 0.5596820041564665 0.038782483894360405 0.04071204159921937
4 0.22440887150634092 0.5902092217556598 0.037614259595294915 0.0406847871983347
4 0.21166714869906905 0.5711740603482697 0.041125729022644227 0.04193751058834235
4 0.059529137435897425 0.7146001189465783 0.047021222759195166 0.051441464091595154
4 0.017215183967352863 0.6573992443213116 0.025993185376017615 0.05095088487567024
4 0.13686981972956966 0.6754153028475932 0.050559878307156365 0.05737802823101773
4 0.1673791926647063 0.753420916836378 0.05174849219668076 0.06091816319396289
4 0.21589448372668618 0.7486971735363259 0.05057347136746236 0.059719948605724986
4 0.46315703984952916 0.8235617575777522 0.04939165400809098 0.05735077383013266
4 0.5156523714757903 0.8376687676784548 0.04938485747793806 0.05617981364277929
4 0.21978238169027806 0.8840520927792092 0.05991246922983274 0.058767023625449014
4 0.30373141449931673 0.9141174541393966 0.05173489913637473 0.0585762428192559
4 0.3632632780405822 0.923704149895993 0.05288273384498128 0.05509061665807955
4 0.2888125721088851 0.9682264228402813 0.04936446788747899 0.0526669330807184
4 0.326681312141293 0.9819348174507416 0.04814866787734271 0.03613036509851667
4 0.4382301308202822 0.8909051060256835 0.05169411995545685 0.05155048169513385
4 0.4185708153756831 0.855898455683711 0.06103991434798035 0.05176851690221177
4 0.3783656267451444 0.8379792561365602 0.04580542274905895 0.04321748837923494
4 0.34242253468023576 0.7902959622149885 0.04001187696480264 0.05127793768628685
4 0.39917015752052154 0.675679114909446 0.08807218995015655 0.08049841261904785
4 0.3957432552764606 0.7628475128650797 0.11980454886920648 0.11402116668883687
4 0.7704823677528188 0.6152457361364827 0.052903123435440416 0.05860349722014044
4 0.8693396587134353 0.6936747723896702 0.07404670183121859 0.07900039962107734
4 0.7215792850284946 0.787430413428546 0.1290144126586701 0.09081999814884219
4 0.8054773438613858 0.8262779761938855 0.05297108873697009 0.07031309909367674
4 0.7264930696015631 0.8466865476938856 0.05052589565639156 0.05152322729424931
4 0.683587818009709 0.8913592093683846 0.049337281766867136 0.047983092331303615
4 0.5731426565933319 0.9918427314684234 0.04688529215613543 0.01631453706315329
4 0.616971457398744 0.9909104920514834 0.04337382272878626 0.0181790158970331
4 0.6791082324791834 0.9584645315793133 0.05888697206398004 0.08307093684137341
4 0.7253754298350211 0.9385932952007032 0.05519879285265324 0.05163224489778827
4 0.7599807737906638 0.9148071360923764 0.04231434291216852 0.04547764555128805
4 0.7800003053333711 0.8877528965046065 0.048162260937648534 0.046784877743065445
4 0.7239017511226954 0.8905430459178773 0.05057347136746249 0.05971994860572472