4 0.3935590145722088 0.32505909176258013 0.03941222661339 0.0396720020968268
4 0.43621485401783605 0.3032286169390821 0.05464634077362786 0.051832029056050395
4 0.5440811443656407 0.34592218500071736 0.04976055183249947 0.06701919652081577
4 0.6145374515482783 0.3756385418443216 0.045919022478234726 0.044105353208825214
4 0.5824604954771567 0.30606081449027944 0.04695189798010862 0.043028704029597575
4 0.6690249278374154 0.3681150546187479 0.042758487401892746 0.04515665150903522
4 0.6920024102920983 0.252336478354236 0.043946134330567134 0.049526625423489505
4 0.7315612222169084 0.28331923438018936 0.040445102115263774 0.038595352917599295
4 0.7619463727814892 0.24390746038280356 0.02846438588744846 0.02865200151437497
4 0.7310179232383016 0.24626318418388912 0.03731552132428194 0.040735975836545625
4 0.1520949151129464 0.3025675861370717 0.041632749043938405 0.0429653268320537
4 0.33978278294963066 0.10157604489874213 0.05082438161973351 0.06703187196032451
4 0.38368817789465265 0.07322229780233463 0.06671991985752386 0.06504335431548385
4 0.48256243953669836 0.07657976291412642 0.0435437286208857 0.03536540537991655
4 0.3039530673226346 0.08916250914934247 0.055988759129102984 0.061648626064186626
4 0.20071674551769697 0.14568620946927974 0.03165587524915047 0.028690027832901345
4 0.17177826024966164 0.2090884759578836 0.04063082782742466 0.04513130063001759
4 0.12734095041102267 0.23743588533453666 0.05020529591253104 0.045245379585596844
4 0.10887460750353734 0.2693618168353647 0.029682987101483 0.034111300047565636
4 0.07660533858967934 0.3376280177897559 0.07282431001268702 0.0553154853839093
4 0.05740587793373618 0.3766282215926159 0.04044510211526389 0.038595352917599295
4 0.07184087271710585 0.4116704032650579 0.032874476463185094 0.034149326366092136
4 0.03467033771943932 0.46516734466896387 0.038286488255435694 0.03748067741984529
4 0.11297426013759208 0.42469197852136975 0.03719170418284153 0.03637867736160015
4 0.11461234318879313 0.4606713795384425 0.06287839050325918 0.04212951100349332
4 0.1376777003537854 0.5290520410379234 0.034971181752293065 0.03308535262637325
4 0.0850392950708753 0.5464048007111422 0.08747847886646305 0.12191639240093431
4 0.12299507128753477 0.5027244563153725 0.05230200120163898 0.04418140584587808
4 0.11237615242420775 0.8202435695177651 0.03925745518658935 0.03422537900314489