4 0.41083769633507855 0.6788853161843516 0.036921465968586385 0.03719185423365488
4 0.4525340314136126 0.7004501607717042 0.051047120418848166 0.049828510182207936
4 0.5590366492146597 0.6574490889603429 0.04648167539267016 0.0642336548767417
4 0.6286387434554974 0.6282958199356914 0.04286910994764398 0.04153269024651661
4 0.5963560209424084 0.6964844587352627 0.04404188481675393 0.04070739549839228
4 0.6821151832460732 0.635166130760986 0.039319371727748686 0.042561629153269026
4 0.7038219895287958 0.7486816720257234 0.0405130890052356 0.04715969989281887
4 0.7429424083769633 0.7181564844587353 0.038041884816753926 0.03694533762057878
4 0.7721361256544502 0.7569560557341908 0.026890052356020943 0.028113612004287247
4 0.741738219895288 0.7543837084673097 0.0343979057591623 0.03804930332261522
4 0.17278534031413612 0.702390139335477 0.038869109947643976 0.0410075026795284
4 0.3553612565445026 0.8991425509110397 0.04673298429319372 0.06465166130760987
4 0.3983769633507853 0.9271168274383709 0.06251308900523561 0.06212218649517685
4 0.4959476439790576 0.9228403001071811 0.040743455497382196 0.03322615219721329
4 0.31966492146596853 0.9117148981779207 0.051989528795811514 0.05928188638799572
4 0.2193298429319372 0.8567845659163987 0.030136125654450265 0.02695605573419078
4 0.19132984293193717 0.794844587352626 0.03745549738219896 0.04289389067524116
4 0.1483455497382199 0.7670310825294748 0.04726701570680628 0.04317256162915327
4 0.13025130890052355 0.7359485530546623 0.027068062827225133 0.033129689174705254
4 0.0989738219895288 0.6688745980707395 0.06881675392670157 0.0527652733118971
4 0.0808586387434555 0.630128617363344 0.03754973821989529 0.036291532690246514
4 0.09541361256544503 0.5960342979635584 0.030649214659685863 0.03163987138263666
4 0.05934031413612566 0.5436334405144694 0.0354869109947644 0.03488745980707395
4 0.13590575916230366 0.5822722400857449 0.034649214659685866 0.03463022508038585
4 0.13784293193717276 0.547331189710611 0.05962303664921466 0.03973204715969989
4 0.1610890052356021 0.47989281886387997 0.032858638743455494 0.03069667738478028
4 0.10984293193717277 0.46309753483386923 0.08061780104712041 0.11784565916398713
4 0.14672251308900525 0.5058735262593783 0.0492565445026178 0.041918542336548764
4 0.13983246073298428 0.19329046087888532 0.03648167539267016 0.03210075026795284