4 0.21334118559033455 0.19112964719015546 0.06113839131818444 0.05617782083320244
4 0.19929044004472832 0.28083461923684633 0.06344960806176396 0.06604513462021439
4 0.26121352294213124 0.46860212078220914 0.060051574852943115 0.06268207243642857
4 0.35380155066500374 0.42515336662582764 0.06452987291685774 0.05845155839825201
4 0.4076459531943387 0.4584903411841622 0.06229727549504796 0.06165614003607654
4 0.43467007982591155 0.36460822771618284 0.05549465746725887 0.05384069104976826
4 0.455650824387563 0.33951204577455696 0.05999916197176337 0.05396747548653749
4 0.3208261399151937 0.4789047978011184 0.0555077606875538 0.05601934028724103
4 0.3628757003658679 0.5076726207216583 0.05551431229770134 0.05710866490597741
4 0.2759543371294371 0.5449716089290284 0.06915230640401679 0.07818618597227614
4 0.372440845418173 0.6021585975689931 0.058899242286227116 0.058293077852290716
4 0.4755698326957044 0.584552521224958 0.05438163456142768 0.05598764417804872
4 0.5745346237867803 0.6040944183001331 0.04986402683662824 0.05368221050380697
4 0.19792040270466751 0.6958356028662162 0.05434887651069028 0.050541021084366804
4 0.35380042443614507 0.7061515740960261 0.09731201116731734 0.08006791332081949
4 0.49790853472447816 0.7080857575224639 0.10289022891676824 0.0715117969168897
4 0.4662001097189649 0.7383850132857303 0.0498116139554485 0.0449676135539159
4 0.49399947592415455 0.7964161399676879 0.053242405215006616 0.053777298831383644
4 0.5293315892789568 0.8188381918309633 0.05210972747873309 0.052656278103455204
4 0.5739544308791095 0.7941657162150357 0.04645944201765999 0.04922982370128451
4 0.6110674559651657 0.8012896792522133 0.04984437200618577 0.05041423664759782
4 0.6814896485089333 0.7927727247152773 0.08376573960306656 0.07424093691683012
4 0.6712205807753945 0.7217230752253708 0.050963946522164495 0.049356608138053745
4 0.4408815513019499 0.8294962710430803 0.055468451026669 0.049483392574822725
4 0.4345506492047788 0.758880347480369 0.049831268785890837 0.04823558741012505
4 0.5749728308474219 0.7184418071582609 0.05665354164412227 0.05931901025264249
4 0.6756108075119378 0.6469934024597556 0.06812445443010275 0.09449435914412958
4 0.7670919885295071 0.69397443971309 0.05100980779319683 0.05698188046920843
4 0.7606562606699765 0.6407877100501608 0.048711694269912245 0.04929321591966913
4 0.7465432748279693 0.7408412659748473 0.04645944201765999 0.04922982370128451
4 0.7593201076095119 0.7693438631156502 0.04079605333629183 0.04362472006164105
4 0.7650039019405612 0.5731386473063321 0.07588285672018368 0.07401906415248422
4 0.6857364906414712 0.5546760552483968 0.1075388688445169 0.09560372296585938
4 0.8472799010543169 0.5593869228385634 0.049824717175743306 0.04714626279138842
4 0.8205968335600321 0.5029580869755181 0.05775346132965853 0.05499340788688926
4 0.7828945389703231 0.5002072704678822 0.04418753493496527 0.045898457626690745
4 0.7554125504476662 0.4830099689339428 0.10427186783864592 0.11402715315680122
4 0.5976832004880059 0.40576392587022986 0.05776656454995359 0.057172057124362026
4 0.526576740093447 0.434449233908385 0.053235853604859086 0.05268797421264726
4 0.5443752791715247 0.47043447088897744 0.0814414196391921 0.06219497389234553
4 0.5100276815054388 0.6587333405328077 0.08931775091192745 0.06132752203795506
4 0.5074744305960223 0.615239596056333 0.05885338101519478 0.05066780552113603
4 0.5562905752186745 0.6421832553936148 0.06003192002250065 0.05941409858021941
4 0.5599830554745121 0.6834666545234244 0.04641358074662766 0.041604551370129826
4 0.2505240259302956 0.7482674543616299 0.08276409406974237 0.0949064085636291
4 0.30509200597130665 0.754900127706327 0.07360439802734144 0.0695983734591543
4 0.37618171193087746 0.8226042003717455 0.04980506234530097 0.04387828893517952
4 0.379743535393385 0.7920080227195498 0.09411707787306818 0.11047391431786155
4 0.39531210491698976 0.1691261939651878 0.05776656454995359 0.057172057124361964
4 0.45750417924005854 0.21856531698562612 0.050957394912016965 0.048267283519317236
4 0.45664339332490506 0.17447936603599484 0.05550120907740627 0.054930015668504646
4 0.4843743430331658 0.15028233205795166 0.06123011386024898 0.0714283654955118
4 0.5088117098853457 0.2056852355206452 0.052116279088880495 0.05374560272219146
4 0.5601126889204855 0.19389447867440068 0.07021946803881565 0.06841396051284095
4 0.5817842529430757 0.1475406186128192 0.050977049742459306 0.05153525737552638
4 0.6137510911397945 0.1678791095661986 0.047605222974228326 0.052529493666685904
4 0.6659063044799403 0.2012636282883217 0.054394737781722616 0.058166293415521486
4 0.5659656988865105 0.25036503024813506 0.06001881680220584 0.05723544934274658
4 0.803594690524492 0.24095383966172232 0.061190804199364304 0.06489241778309351
4 0.7254366509165399 0.31884893219816857 0.048711694269912245 0.04929321591966913
4 0.7027896478012153 0.3401800221380055 0.05437508295128015 0.054898319559312334
4 0.7583592733755506 0.36747816712950165 0.060025368412353244 0.05832477396148303
4 0.6065189672377265 0.34071139023647296 0.06459538901833255 0.06934480458561584
4 0.5351868517026993 0.31331232846430057 0.05325550843530143 0.05595594806885641
4 0.5695762840155046 0.30526498711214944 0.06007122968338558 0.06595004629263759
4 0.7969183272561005 0.6021917352096026 0.03627189400134512 0.04022996176866292
4 0.8216144827091054 0.614566316232209 0.043048305588544084 0.04368811228002567
4 0.8050399684997465 0.6558755830181114 0.048737900710502116 0.05365051439461466
4 0.8609666568271189 0.6238055362884747 0.05112773677585112 0.07658972360646332
4 0.7997005091110587 0.7012251871870367 0.03964372076957609 0.03923572547750321
4 0.7892181386381076 0.7592446569627955 0.045307109450943996 0.044840829117146666
4 0.8163860252833053 0.7350634710393484 0.0509704981323119 0.05044593275679012