4 0.856374891974406 0.40745888894729065 0.0606601850948546 0.06182912914194755
4 0.8014436755044285 0.3392829954771004 0.05471710644457301 0.05599491899223186
4 0.6710120123785914 0.22891181069844024 0.057033163611712845 0.0548483246298444
4 0.6172868467033693 0.19612212246595942 0.053467316421543835 0.05134779854001504
4 0.635961000423717 0.16201074681848932 0.06668482946909994 0.07230371052136135
4 0.5318170372600918 0.2513071347559702 0.08197370251190489 0.07819191445122495
4 0.5790340769498704 0.17966147343016356 0.05111047639242199 0.05017420728755344
4 0.5608887738186664 0.1441774044659358 0.06402211797511449 0.05372872715753084
4 0.36690471598102203 0.5716674559248803 0.06414446656105986 0.0606892840020784
4 0.35012268235991706 0.6469688754584421 0.08922774547818826 0.0921535234754311
4 0.38983343942926585 0.7463761602250965 0.05240104927743304 0.057141513354619575
4 0.43342478425252284 0.767507551991924 0.058282953634742014 0.059495445082061484
4 0.3400526890341646 0.8383065726245372 0.05828295363474188 0.05949544508206122
4 0.2934329135757059 0.8774763845649738 0.06188958368689276 0.06531615678673977
4 0.4152719386390633 0.9309591518334586 0.060578619370890985 0.05718875791224917
4 0.6985590918132243 0.898956521490143 0.07867294392461788 0.08977259485791544
4 0.2663062085765749 0.663304277144766 0.051151259254404 0.05249439290240276
4 0.2288181174852351 0.6903471083873924 0.049921860662365834 0.04900736525761054
4 0.2249493551964943 0.6363859197858525 0.045126614880158664 0.04201981152298869
4 0.29818176689639947 0.7156873078756133 0.04285134057500057 0.0454865915002256
4 0.31950252366265336 0.7656894099889446 0.07131694380337975 0.07001052179658618
4 0.22651949538279426 0.7257130659575461 0.0451470063111496 0.043179904330413285
4 0.22292010467984708 0.7535316710569216 0.040331369097951555 0.035032257788367376
4 0.2638661730738177 0.7903074426676849 0.04758541206423499 0.048993866812573394
4 0.2715849359699802 0.7642525990582612 0.0441011305980296 0.050133711952442414
4 0.18244762531463102 0.5775616356115034 0.04988107780038396 0.04668717964276122
4 0.21448927144867458 0.6061661384014058 0.05684964073279474 0.04440748936302306
4 0.13671355048765688 0.5674376270701724 0.04871285350131857 0.04668043042024265
4 0.1368329427073105 0.6074574543150617 0.04395839058109328 0.04201306230047026
4 0.17420001182932487 0.673211923832625 0.08560072399504665 0.08517271896332822
4 0.17347774577881944 0.499211501163973 0.05453358356565477 0.04555408372541051
4 0.10077255491838613 0.48313179646759336 0.05826256220375101 0.058335352274636626
4 0.17804144647092293 0.45979871721287 0.058201387910778266 0.054855073852362844
4 0.12637877169207445 0.5111191321299315 0.04879441922528222 0.051320801649941024
4 0.16072627927776256 0.537996994153734 0.0606601850948546 0.06182912914194755
4 0.2748336924962219 0.4174388434184556 0.05231948355346942 0.0525011421249212
4 0.20890038960749388 0.42111783717214596 0.0523806578464421 0.05598142054719498
4 0.24219773849715018 0.3882509196135817 0.05236026641545116 0.05482132773977039
4 0.282205801065539 0.37166242208281375 0.052258309260496676 0.04902086370264742
4 0.2217291388496026 0.32027412820768764 0.05826256220375101 0.058335352274636626
4 0.2639513014301768 0.296738572277409 0.05121243354737668 0.05597467132467641
4 0.31231750060465 0.3236974249714336 0.0536100564384802 0.0594684481919872
4 0.2658042684171095 0.20279130254357247 0.05236026641545116 0.05482132773977032
4 0.38179064965302434 0.1559024196910151 0.04293290629896418 0.0501269627299239
4 0.43955953453008173 0.11969695738306586 0.051069693530440385 0.04785402167270425
4 0.364118632417523 0.21379907250194863 0.03926510195384069 0.04082597260297164
4 0.39706769723066204 0.29402770522224536 0.04881481065627316 0.05248089445736562
4 0.46013437431549575 0.2601728000304786 0.04639679633417857 0.047827024782630234
4 0.4287962325506384 0.2715914990967248 0.04291251486797331 0.04896686992249931
4 0.3524814552717624 0.2827503530960084 0.03684708763174623 0.036172102928236256
4 0.34791775457965896 0.3221631370471113 0.040678023424796955 0.05475383551458521
4 0.32611779918511863 0.24489885395930186 0.04401956487406599 0.04549334072274404
4 0.3313267863197276 0.208969723041732 0.045147006311149665 0.043179904330413355
4 0.4058280528570327 0.19432046678639686 0.046294839179224084 0.042026560745507265
4 0.37991729123510076 0.2486895966174271 0.04283094914400969 0.044326498692800934
4 0.4456700276112025 0.20151049719657377 0.05010538354128407 0.059448200524431755
4 0.4859869180107468 0.169264121376833 0.0463967963341787 0.047827024782630234
4 0.4775893251593007 0.22315444314192853 0.046315230610215086 0.04318665355293186
4 0.4278335523111539 0.1503685499433733 0.06879697232633067 0.059556188084727825
4 0.5114941339957724 0.15839172260170659 0.08494228547075393 0.11416828992642437
4 0.7595392098538851 0.24798286191738125 0.05236026641545116 0.05482132773977039
4 0.7467775476373328 0.28618830850342997 0.09978254703175893 0.0945344520929469
4 0.7087142134953357 0.2140499539337721 0.04520818060412241 0.046660182752687136