4 0.20899816637572793 0.7420773133066527 0.06367066850974 0.06564287190848041
4 0.30346534998473934 0.7598198374105636 0.0742958294805489 0.07057145192888668
4 0.5095341400106378 0.7053582751007835 0.07066367550274699 0.06591881013126442
4 0.47170348862817324 0.6113655057180886 0.06613732132204075 0.07024952400230551
4 0.5121185063614454 0.5583554745755167 0.06959991219821961 0.0692588249421397
4 0.414347574704948 0.5277482407581872 0.06120401569743925 0.061036219814655575
4 0.389176841512769 0.5055763270210005 0.06133966617873754 0.06555089250088596
4 0.526435658711939 0.6464960290048123 0.06236951686294042 0.061082209518453
4 0.5607965025483631 0.6055899570344798 0.06353501802844158 0.061128199222250164
4 0.5932128355844495 0.6941463392264747 0.08728590540268479 0.07672067952844486
4 0.6627269855992282 0.5998728556948795 0.06596775822041756 0.06460618314451744
4 0.6531798118089454 0.49572399319669014 0.06350110540811695 0.059999531050692605
4 0.6834970659879743 0.3979121579702954 0.05986895143031517 0.0553468892530706
4 0.7468582461428191 0.778484126309329 0.057639686960286485 0.058640914360148705
4 0.7725152474613779 0.6226608545072132 0.09279572557280472 0.10512134263257308
4 0.7874391139109216 0.4785611666067472 0.08360736673009367 0.10926809768842473
4 0.8170282273856008 0.5118587980962189 0.05167653065148237 0.05389629315493186
4 0.8816180402471737 0.4867100112524187 0.06113619045678998 0.05877888347154058
4 0.9085726896094634 0.45174621321455655 0.05990286405063954 0.05647555742462816
4 0.8862032511971335 0.40629863284904805 0.05627071007283776 0.05182291562700591
4 0.8967730590017575 0.369721354321233 0.05753794909931257 0.055254909845476013
4 0.8946535202314693 0.29917959359888535 0.0853618545155777 0.09017271817954076
4 0.817266386896778 0.3061882475018574 0.056406360554136045 0.05633758831323615
4 0.9118514935080205 0.5414523380014842 0.05650809841510995 0.059723592827908845
4 0.8355111671676944 0.5444646636002074 0.05517303414798587 0.054034262266323865
4 0.8055632387454429 0.40213557929593774 0.06706543414526946 0.06239483650519974
4 0.7382728883323656 0.2985702048783786 0.10480233550552703 0.0785391932569617
4 0.796267677173431 0.20927129107098652 0.06339936754714304 0.056613526536020045
4 0.7391920326841986 0.21265345472861194 0.0551730341479856 0.0540342622663238
4 0.8447653899857958 0.2310877448180059 0.05510520890733659 0.051776925923208615
4 0.8759287078714058 0.21968800927146068 0.04910813997820758 0.04590363654643434
4 0.6672254537331178 0.20588814205390682 0.08399287762812897 0.08335471944639809
4 0.6404109390878244 0.28435165440053234 0.10828636692756598 0.11700589049751352
4 0.6600708714772543 0.12311499025961518 0.0540075329824847 0.05398827256252651
4 0.5971953977436083 0.1470661243761619 0.06240342948326479 0.06221087769001056
4 0.5907557129487252 0.18517544119802268 0.05150696754985919 0.04825295229714405
4 0.5699739316544196 0.2119856186640967 0.12806597412076115 0.11665904729051008
4 0.4730857087589915 0.3660995897116178 0.0647683444345919 0.06343152526916271
4 0.4968518006418627 0.43861221134260925 0.05997068929128881 0.05873289376774329
4 0.5372034773701836 0.42232988547945544 0.07127410266858994 0.08623483721930054
4 0.7356822859443257 0.4647833591720227 0.07151149101086227 0.09413551442020349
4 0.6890283267039544 0.46549427915235725 0.05894083860708593 0.06320157675017611
4 0.7220032373427674 0.41729785377069795 0.06716717200624336 0.06578084101987242
4 0.7668750322145623 0.4155272501745018 0.046912788128503795 0.05032632982507
4 0.8077712721333357 0.7280552798649769 0.10640870073524795 0.09325786919100741
4 0.8195636860711799 0.6739146601223237 0.07926304772547504 0.08091342428809392
4 0.8986160414048459 0.6058199558438512 0.05051102948598094 0.05385030345113444
4 0.8663612836316161 0.6003126636689318 0.12306484325551038 0.1051884067597454
4 0.20173911382472698 0.5587377199842449 0.0647683444345919 0.06343152526916271
4 0.26003288021148185 0.498807173489248 0.055206946768310304 0.05516293043788143
4 0.2133110957304614 0.4972607571264675 0.06117010307711462 0.059907551643098016
4 0.1897020948747488 0.4688121838900183 0.08005551006740552 0.0685440641047579
4 0.25146293637338046 0.4466000417346052 0.06110227783646534 0.05765021529998302
4 0.24290994884544137 0.3949572440657412 0.07683030753349893 0.07743544036582652
4 0.1955099119579287 0.3708374642718094 0.058737362885138374 0.056429567720830874
4 0.21968645888776392 0.34050331317967075 0.05980112618966576 0.05308955290995548
4 0.260152345551523 0.28918628429443516 0.06586602035944385 0.06122017862984488
4 0.3040648474139279 0.3914141164448252 0.06483616967524117 0.06568886161227784
4 0.31559121579377836 0.15365796515698035 0.07306250307439846 0.06826812588197408
4 0.391527323124373 0.23428205851300984 0.05517303414798574 0.0540342622663238
4 0.4126696711677848 0.25830793847082345 0.062335604242615784 0.059953541346895435
4 0.44662356356031363 0.20385784844180024 0.06600167084074234 0.06573485131607514
4 0.40389723224036506 0.3547046300911892 0.0789917467628782 0.0718840789156333
4 0.36808711420137846 0.42504805392961287 0.06346719278779231 0.05887086287913517
4 0.3629565688920614 0.3902203045746189 0.07419409161957499 0.06718544741421374
4 0.7013087605697128 0.17516307847949109 0.04544207338008116 0.04012232657725465
4 0.7169136118599123 0.15081719102362004 0.04917596521885685 0.04816097288954946
4 0.7594651246736349 0.16891325468917445 0.059835038809990526 0.05421822108151304
4 0.7297465967548895 0.11189059674509529 0.08441230114648865 0.05857000937592908
4 0.8069561791491914 0.17664435114362295 0.044378310075553644 0.04346234138813004
4 0.8680200601296342 0.18948990686219033 0.05040929162500729 0.05046429893646188
4 0.8449938098566723 0.16101833877384245 0.05757186171963747 0.05638357801703352