5 0.7836265269067089 0.43142568362010003 0.05112763210133694 0.07360346178691397
5 0.8525824056174945 0.47277934894784324 0.0451586615598505 0.0488452449241758
5 0.917002872401436 0.44468950341327385 0.0451199585334022 0.04661807343197103
5 0.8899693126339047 0.6448908765592238 0.042026234341759686 0.05982550411610994
5 0.5145429498619156 0.5900126083352429 0.03726266881650513 0.04068708207358098
5 0.5645619345131417 0.6589999881391395 0.03949931522995102 0.04190439999907709
5 0.4824861257766554 0.6288477804757314 0.03496796786338666 0.03612900690977752
5 0.44156447432472656 0.508725454416902 0.041735961643397025 0.04312171792457319
5 0.6086468747629881 0.41843646357140335 0.036541051630877945 0.06290693090593315
5 0.8107125300175806 0.2980913213299938 0.04510060702017792 0.045504487685868455
5 0.7811592089706249 0.2894435009920376 0.03496796786338666 0.03612900690977752
5 0.547694968754333 0.26303025733393876 0.05982264808320611 0.06399611878956643
5 0.4594482575496202 0.29279201667004107 0.0372239657900567 0.03845991058137608
5 0.7095753013476912 0.38418069409242894 0.03496796786338666 0.03612900690977752
5 0.6688487116640565 0.14758492538649987 0.052352388630792966 0.08033684235322544
5 0.4750039603173406 0.23021001641590275 0.038351964753391844 0.039625362417175354
5 0.4456135804967385 0.3586369750279415 0.036115318339945836 0.03840804449167925
5 0.40491698937111553 0.4430132316480022 0.04053055662716514 0.03750192310436399
5 0.40669887522379305 0.4178538201813034 0.03156461946015721 0.03151906565627723
5 0.4774325752269763 0.3699650275517602 0.03380126587360322 0.03273638358177334
5 0.30426664180393537 0.3017236478467502 0.047337253433623806 0.04672180561136456
5 0.4123279353217423 0.32675945229092435 0.04395325654361875 0.043225450103966855