5 0.44732558870786615 0.44932432432432434 0.06411498581841975 0.061936936936936936
5 0.7040263305382093 0.4543918918918919 0.044076468126565814 0.037162162162162164
5 0.18655506198674526 0.6272522522522522 0.06356396944745317 0.0518018018018018
5 0.18371143475316806 0.6931306306306306 0.04825460547716568 0.04954954954954955
5 0.4055044750745574 0.4966216216216216 0.06393131369476408 0.05855855855855856
5 0.5698724664683384 0.5546171171171171 0.061411192972977854 0.05518018018018018
5 0.6121494697277027 0.3975225225225225 0.06294676151935433 0.061936936936936936
5 0.6678163447830952 0.4329954954954955 0.04438258833265823 0.04279279279279279
5 0.32798552183749463 0.43524774774774777 0.05557007147765075 0.05518018018018018
5 0.3858598160424141 0.23198198198198197 0.04905548552892004 0.04279279279279279
5 0.5312375497189267 0.25225225225225223 0.04444381237387687 0.04391891891891892
5 0.5575970462040281 0.32882882882882886 0.09233107360373136 0.08671171171171171
5 0.5536108391760809 0.4166666666666667 0.045489588590505274 0.041666666666666664