5 0.40251916757940853 0.549324181626188 0.04987951807228916 0.04335797254487857
5 0.46953997809419495 0.3263991552270328 0.028696604600219056 0.03129883843717001
5 0.5038992332968236 0.8285533262935586 0.039518072289156624 0.04627243928194298
5 0.5642278203723987 0.8502956705385428 0.04175246440306681 0.03142555438225977
5 0.4361007667031764 0.5995036958817318 0.04585980284775465 0.04587117212249208
5 0.529408543263965 0.472713833157339 0.04391018619934283 0.04359028511087645
5 0.39404162102957285 0.39014783526927144 0.050460021905805036 0.04243928194297782
5 0.4408214676889376 0.3521964097148891 0.03496166484118292 0.030696937697993663
5 0.36050383351588167 0.6492291446673707 0.0443921139101862 0.0383843717001056
5 0.1862541073384447 0.5395881731784583 0.03420591456736035 0.03475184794086589
5 0.2406024096385542 0.41866948257655756 0.035673603504928805 0.02995776135163675
5 0.3175136911281489 0.41804646251319955 0.06932092004381162 0.06437170010559662
5 0.39831325301204823 0.44703273495248147 0.03312157721796276 0.03144667370644139