5 0.6019401563652799 0.4626972696077708 0.05719916960904746 0.049887849241492574
5 0.5594408080278341 0.6938309682989366 0.032999887479798526 0.035944590641869285
5 0.46514742265576015 0.17904986894654568 0.04602968059455287 0.05161510653472019
5 0.4013042954951801 0.15813682649144045 0.046559287116695505 0.03755951746483343
5 0.561586992524741 0.4123877318233999 0.052786437351309494 0.051880270596961424
5 0.4806339892976392 0.5451019296840728 0.0504424128522907 0.049622685179251225
5 0.6290933451430518 0.6261825665667289 0.057153283485663994 0.048803250543010886
5 0.5858149158482655 0.6661718560433272 0.03971075811317182 0.03512515600562895
5 0.6329621753700684 0.35888330718182604 0.0502129822353739 0.044199691686843415
5 0.8241435787199647 0.4665448925133793 0.03876817648057929 0.039419356789181785
5 0.7828009639832736 0.5921511881544607 0.04079099811591474 0.034084751317521055
5 0.7042245088330531 0.595022900269961 0.07843304847036765 0.07345991409632918
5 0.6181695485344054 0.567282781770923 0.03750439198430329 0.03612136668336369