5 0.19483236119928246 0.49689077292614053 0.10080469275509993 0.26156512729496345
5 0.23673649960946744 0.24753476485906487 0.06588657950467085 0.1211398003313969
5 0.22624452395928454 0.6500101335872756 0.061554640750296284 0.06601605011687622
5 0.11450455853163011 0.4205975793801495 0.05927845492271632 0.06377495966549256
5 0.2828282826381682 0.5193345506016133 0.0858646102435682 0.11267525316037037
5 0.3265138484595669 0.5481775848137989 0.052391323396593394 0.05374772355363217
5 0.2187212798203135 0.5694598686980402 0.048483266218649644 0.08560915498566647
5 0.3008440829237257 0.639173968188296 0.052313224672082374 0.04934243721001996
5 0.4225170301334337 0.6869838025601459 0.05013466225014116 0.05260795468815146
5 0.525971708361731 0.4370331123025989 0.047741328335794725 0.04375893472134929
5 0.44135921816632756 0.28685525430215736 0.05329512013685024 0.041652409748487
5 0.35274670879572156 0.17296333771715108 0.048014673871583376 0.05917743692399246
5 0.3657330529664832 0.22937103409556817 0.04787800110368905 0.051468185822670875
5 0.5808914779643691 0.24243281823508567 0.06367462912885406 0.05944656788103547
5 0.6094414242147569 0.2098737616527128 0.04101039425869372 0.04254227129671345
5 0.7715629411108395 0.4060007986674443 0.0874769569128042 0.07747140969104932
5 0.6888307719602826 0.43377288316940027 0.08082412156021435 0.08066003261002594
5 0.8414120509046533 0.3791089638938204 0.044405148318936 0.04480258538788599
5 0.7696677768134526 0.6075714843473917 0.05007608820675786 0.04930398993044221
5 0.7698642938527243 0.5018157766410126 0.056904645689497615 0.05602726128459346
5 0.7077922490525425 0.5949406956871319 0.06850034631980263 0.07934725098644597