5 0.7484423676012462 0.4562043795620438 0.036895119418483904 0.061334723670490095
5 0.8183800623052959 0.4873931178310741 0.036542056074766356 0.038800834202294056
5 0.8741848390446522 0.45438998957247134 0.03680166147455867 0.036996871741397284
5 0.8754205607476635 0.6430552659019813 0.03153686396677051 0.04987486965589155
5 0.5187227414330218 0.6306047966631908 0.030062305295950154 0.03252346193952033
5 0.5743406022845275 0.6895828988529717 0.030737279335410178 0.03327424400417101
5 0.49371754932502593 0.6705109489051094 0.027975077881619938 0.028446298227320126
5 0.44036344755970924 0.5631803962460897 0.03306334371754933 0.03336809176225235
5 0.5838629283489096 0.4623879040667362 0.0252128764278297 0.053837330552659025
5 0.7567082035306335 0.3301981230448384 0.03674974039460021 0.034942648592283625
5 0.7279335410176532 0.32473409801876957 0.028338525441329178 0.027716371220020852
5 0.5074454828660436 0.32459854014598544 0.04776739356178609 0.04965589155370177
5 0.42865005192107997 0.3613660062565172 0.030519210799584633 0.03067778936392075
5 0.6731983385254413 0.42022940563086547 0.02755970924195223 0.028644421272158497
5 0.6050155763239875 0.20506777893639208 0.03703011422637591 0.06773722627737226
5 0.43489096573208724 0.30173096976016683 0.03130841121495327 0.031751824817518245
5 0.4242056074766355 0.42404588112617314 0.02924195223260644 0.029801876955161625
5 0.39770508826583595 0.5060062565172054 0.03306334371754933 0.027924921793534934
5 0.3958047767393562 0.48258602711157456 0.026033229491173416 0.02413972888425443
5 0.4553894080996885 0.4313764337851929 0.02832814122533749 0.025099061522419187
5 0.2856282450674974 0.3859541188738269 0.038359293873312564 0.03653806047966632
5 0.3896053997923157 0.3976642335766423 0.035098650051921074 0.033023983315954124