5 0.4557471264367816 0.18003836526755884 0.2689655172413793 0.07146092767089249
5 0.7189655172413794 0.1732545912702622 0.12183908045977011 0.05282986602502863
5 0.3022988505747126 0.24130750862406147 0.06091954022988506 0.056392308578125175
5 0.521264367816092 0.08559211655598689 0.059770114942528735 0.05409036200630189
5 0.4471264367816092 0.2725292089001246 0.10804597701149425 0.0761114845387153
5 0.4235632183908046 0.32141594620168656 0.04942528735632184 0.04807872521283397
5 0.3850574712643678 0.21866690296410013 0.08505747126436781 0.04025354857736347
5 0.3258620689655172 0.31402710616412843 0.04482758620689655 0.04905193440065398
5 0.296551724137931 0.44342810121168447 0.04942528735632184 0.04581628177391981
5 0.5706896551724138 0.49735502030242906 0.040229885057471264 0.04436903499118919
5 0.7114942528735633 0.3839186014531767 0.0367816091954023 0.05103785590920355
5 0.8149425287356322 0.27346286700265937 0.05632183908045977 0.04265963541300414
5 0.7586206896551724 0.29745734404462276 0.04827586206896552 0.04351433520209663
5 0.7798850574712644 0.5139211062215487 0.054022988505747126 0.05954895493904097
5 0.8178160919540229 0.5358075480844134 0.040229885057471264 0.03758170467444711
5 0.6419540229885058 0.7358560523064015 0.06896551724137931 0.08155570833654399
5 0.6 0.6592436180150539 0.07471264367816093 0.07383467196489092
5 0.6810344827586207 0.7995581946562663 0.041379310344827586 0.0410148729657273
5 0.4339080459770115 0.7729834949285807 0.04597701149425287 0.04569777237519222
5 0.5431034482758621 0.7528279823700783 0.05172413793103448 0.05268261835648059
5 0.4367816091954023 0.7089707099469863 0.07471264367816093 0.06139123305086377