5 0.7894402583423036 0.5423647932131496 0.04604951560818084 0.2463202545068929
5 0.8003982777179763 0.2996712619300106 0.041054897739504846 0.11031813361611877
5 0.7286544671689988 0.6805620360551431 0.04843918191603875 0.0540084835630965
5 0.8805166846071044 0.48668080593849417 0.046663078579117334 0.052534464475079534
5 0.7019483315392896 0.5460445387062566 0.06340150699677072 0.09641569459172852
5 0.6548331539289559 0.5651325556733828 0.042131324004305706 0.04325556733828208
5 0.7521313240043057 0.6060445387062566 0.03153928955866523 0.07715800636267232
5 0.6604090419806243 0.6560763520678684 0.04264800861141012 0.039469777306468716
5 0.5367384284176534 0.6765853658536585 0.039999999999999994 0.04306468716861082
5 0.4897631862217438 0.42106044538706255 0.038762109795479005 0.03510074231177095
5 0.6003659849300323 0.29661717921527037 0.04566200215285253 0.03177094379639449
5 0.7065123789020452 0.20618239660657478 0.03607104413347686 0.050031813361611874
5 0.6829924650161464 0.2570095440084836 0.03766415500538213 0.042386002120890776
5 0.47786867599569427 0.22698833510074232 0.05296017222820237 0.046723223753976674
5 0.457578040904198 0.19104984093319194 0.032131324004305704 0.03474019088016967
5 0.26502691065662004 0.3432131495227996 0.07258342303552208 0.06056203605514316
5 0.3368245425188375 0.3858536585365854 0.06498385360602799 0.06527041357370095
5 0.20451022604951563 0.3041993637327678 0.035145317545748116 0.03643690349946978
5 0.22604951560818085 0.5335312831389184 0.04023681377825619 0.039936373276776245
5 0.24722282023681377 0.43375397667020144 0.04610333692142088 0.045503711558854715
5 0.2868783638320775 0.5341463414634147 0.05245425188374596 0.06662778366914104