5 0.22312117925252437 0.49648521797846845 0.049432710767157176 0.07029486235989074
5 0.15947548424149127 0.45752661461608185 0.043483201673014414 0.046712194037417
5 0.09758810908380577 0.4851109908855907 0.04342181553749013 0.04459354996962039
5 0.13154783433757697 0.29452305652050376 0.04062557538861057 0.057138864230373426
5 0.4855654431608855 0.3446420972958995 0.03588438395395365 0.03890832279273341
5 0.44111629738795827 0.27928822260146496 0.03802478166306603 0.040078678257316126
5 0.5177271509247141 0.30698740504076205 0.03365190704155487 0.03456000122645577
5 0.5512707446945067 0.4215697437325985 0.0401651793721783 0.04124903372189885
5 0.38867725147137266 0.507868453956139 0.0354433929885215 0.06003924675535742
5 0.1915304642248196 0.623486071951986 0.043391122469727955 0.0435342279357222
5 0.21919246657896949 0.6320784383174515 0.03365190704155487 0.03456000122645577
5 0.4396985826845908 0.6553775552142326 0.05759529172269871 0.06120509777754366
5 0.5247773623632475 0.6271014722241444 0.03582299781842943 0.0367896787249368
5 0.2918723239942412 0.5409925089505847 0.03365190704155487 0.03456000122645577
5 0.31957136138120146 0.7664127919731496 0.05067172149440519 0.07670631127862267
5 0.5072664588262028 0.6861969348186843 0.03690854320686658 0.03790451747417719
5 0.5413561858506656 0.5638242382093536 0.03476814549775408 0.03673416200959471
5 0.5831844348903811 0.48335253087554625 0.03895686171269233 0.035896906837065236
5 0.5809115623847201 0.5072705517112713 0.03036457780848087 0.03015616294483605
5 0.5116458649906899 0.5532242612067758 0.03250497551759325 0.03132651840941877
5 0.6725180733932866 0.617210488008439 0.04553152017884034 0.044704583400304684
5 0.5710261111173792 0.5939939144813787 0.04227488401352851 0.041360067152583266