14 0.4457684210526316 0.26585439838220426 0.14132631578947366 0.18562184024266937
14 0.34506315789473685 0.6969868554095046 0.1376526315789474 0.11111223458038423
14 0.7918842105263157 0.6862285136501516 0.23457894736842105 0.20496461071789687
14 0.8332105263157894 0.32285136501516687 0.10028421052631578 0.08733063700707785
14 0.8221684210526315 0.2535288169868554 0.1142421052631579 0.0755813953488372
14 0.8119263157894737 0.431577350859454 0.19224210526315788 0.2701718907987866
14 0.3249157894736842 0.4510717896865521 0.26069473684210526 0.3691506572295247
14 0.45086315789473685 0.37043478260869567 0.06582105263157895 0.06481294236602628
14 0.5313894736842105 0.2978361981799798 0.05872631578947368 0.06498483316481293
14 0.5573894736842105 0.38737108190091 0.14629473684210526 0.1551061678463094
14 0.5275578947368421 0.6968351870576339 0.30328421052631577 0.32077856420626893
14 0.5122105263157894 0.14429726996966633 0.5488105263157895 0.1801617795753286