14 0.5256037151702786 0.42456281407035174 0.07864809081527348 0.07850251256281407
14 0.14360165118679052 0.461035175879397 0.14852425180598555 0.2023819095477387
14 0.657203302373581 0.599356783919598 0.09435500515995873 0.07503517587939698
14 0.6479256965944272 0.6697788944723617 0.09502579979360165 0.08964824120603015
14 0.659360165118679 0.3933467336683417 0.24505675954592365 0.345356783919598
14 0.2960887512899897 0.1356180904522613 0.0937048503611971 0.10829145728643216
14 0.407234262125903 0.13669346733668342 0.13019607843137254 0.09346733668341708
14 0.47505675954592363 0.28639195979899496 0.08909184726522187 0.09073366834170854
14 0.2217956656346749 0.29739698492462313 0.15776057791537668 0.16026130653266332
14 0.25991744066047473 0.4122613065326633 0.06533539731682146 0.06082412060301508
14 0.39946336429308565 0.35251256281407034 0.08417956656346748 0.08580904522613064
14 0.1823735810113519 0.6759497487437186 0.10335397316821467 0.12950753768844223
14 0.3778844169246646 0.7553869346733668 0.07753353973168214 0.07509547738693467
14 0.4517131062951496 0.4323115577889447 0.060350877192982454 0.061929648241206024