14 0.624864734343301 0.2697343212638548 0.18885806530254826 0.21740711930507306
14 0.6523765824067425 0.7283191141972969 0.16798024536650924 0.14062255721811262
14 0.19641328755540588 0.6296695350255045 0.2893465947966385 0.2557783614403641
14 0.21827471750533411 0.251704665077221 0.12335916365564095 0.10886550554538348
14 0.24184911122845337 0.18304575646436116 0.1350820094480573 0.09947894685622435
14 0.2206613164050257 0.36671956231481456 0.26161770457078515 0.3133864692083305
14 0.7164182836774288 0.48187065605929025 0.3545997745249317 0.4283833831206187
14 0.6013104235768936 0.37515182459329977 0.08316842480118841 0.07923373887186
14 0.5314547511812681 0.2849650635288315 0.07549473808913786 0.07814054054341807
14 0.48931556431410383 0.37137416959789754 0.18684516812032465 0.18693882326535574
14 0.4657229247146132 0.6920911403865171 0.38608025364115367 0.3865499113709639
14 0.5778194472390907 0.13976603945972377 0.6032371477532906 0.2764398290409356