14 0.40761173715511 0.47728093289074874 0.10250964821478471 0.09622037579412306
14 0.34310868807171463 0.858514483281497 0.25062566060253877 0.19450773103999108
14 0.6212114071408612 0.3905921166676543 0.10328688222957551 0.11068318571147855
14 0.6903516795845567 0.41646794794931186 0.11828394085017852 0.11411898490257123
14 0.41128783317697915 0.33980008226652925 0.4257198698334338 0.32229777864178183
14 0.060600467424741594 0.6326294379409092 0.12120093484948319 0.11767500753558312
14 0.08263545293688843 0.5247234137377641 0.13187956826003697 0.15054050126818197
14 0.2534571273076319 0.4939511035184575 0.11800635727346737 0.10895369564637289
14 0.19709178146426595 0.7434938225645319 0.20825277924660648 0.1935459435046375
14 0.32437472345689095 0.7334539396859049 0.08143874540989939 0.07820154324375579
14 0.3006172278068904 0.5834557395302574 0.11137284149336661 0.10364413825987155
14 0.5725374357049092 0.8719966434707075 0.16265992840082644 0.13266680059738312
14 0.7053307775468942 0.7002110728079207 0.0992206486824055 0.09408212602649246
14 0.395669618396234 0.5514807630171262 0.08121667854853055 0.07406931183879711