14 0.4490861218726738 0.4560857124387134 0.09406421311208478 0.09108704496261279
14 0.47814076826386304 0.873838718134459 0.23888971397396563 0.1754444856095097
14 0.65438997138534 0.31458274665440383 0.0907007806030369 0.107900304224925
14 0.7347212705110052 0.32571154118626067 0.1068737804065137 0.10939338262242243
14 0.4176089546782977 0.30982084120720693 0.4081393067239352 0.28963163394274305
14 0.10986369683794231 0.7025566597527777 0.12881373421713713 0.10989138927642664
14 0.11434117052180812 0.5819432153129128 0.11287586610347951 0.1478127252933435
14 0.28887363285614037 0.5092785738254502 0.10798820652791576 0.10266283674219227
14 0.29341310876086896 0.7862400736611609 0.1904378950463406 0.18222651167827827
14 0.4259858704424377 0.7460636606984481 0.07318494103661906 0.07484948341936942
14 0.36270983962938813 0.5931997687516013 0.10218766227936632 0.09802727785505526
14 0.7262071251988184 0.8344195958974719 0.15312361928445653 0.12057695281861867
14 0.8242613685478448 0.622142937993668 0.09059329183054794 0.08988228620690684
14 0.4553434934043006 0.5370357391371618 0.07430608520630172 0.0692450636652654