14 0.7394610681264487 0.5539632977813905 0.2349127399227536 0.1937769708180115
14 0.323401152307077 0.32558186244088 0.15609528809251214 0.16775006561484074
14 0.20534388958876745 0.7524775400203407 0.2828671404774881 0.29055292995966636
14 0.567803214354637 0.9030112814612845 0.12027541244840598 0.12359150603022581
14 0.6431442990645886 0.9143180747710199 0.11294500792874398 0.13477602780167577
14 0.4619270590749751 0.8497612110645262 0.33774534082115965 0.269757617596185
14 0.5836883816583571 0.3822620545643045 0.46171080031603906 0.3663793819878488
14 0.6296915634349513 0.5266816609621967 0.08673064662323683 0.08369337834031737
14 0.6816992140894198 0.6253636483089823 0.08440493841657021 0.07734526377337707
14 0.5816865644924873 0.6219725076660535 0.20440205973246403 0.18945451510631686
14 0.27133745037821216 0.49855382213520766 0.4232381445739134 0.3919880588225892
14 0.8316987596821975 0.6536970956395364 0.3204109965621745 0.585063277111862