4 0.4137489421201272 0.7504093916239933 0.05935684589115999 0.05633260913710878
4 0.4247245199315541 0.7884317047070049 0.04500700994834978 0.04034037676318709
4 0.40379574197447826 0.8373584999831496 0.048080864878252694 0.05919412262977542
4 0.7655855161918599 0.8400035184700548 0.1005670807019352 0.08770804038959709
4 0.7017816351006753 0.7667323348745602 0.0476622325745087 0.04926034779533834
4 0.7324640088076465 0.7712579040734997 0.026277022761541542 0.028583257512601625
4 0.5229804078146292 0.8039114010749094 0.024133461839958313 0.03180456683365126
4 0.14298779606032838 0.6905434934585473 0.057352829070824875 0.06286517673630436
4 0.20855052061905227 0.7627783860124816 0.06923350118914007 0.07435244911560264
4 0.4773318529520977 0.6661259601362799 0.04537912755167765 0.04917039883824228
4 0.6558694799809612 0.5266698657789134 0.045983818657085576 0.06351918471020696
4 0.883925097155152 0.3924814195165269 0.19999649359490204 0.12137717004802893
4 0.7820313508835112 0.32765985296338823 0.059496389992407944 0.05964386741525447
4 0.7260700781227187 0.2989210628108269 0.04419106033984627 0.0480216716003126
4 0.6513109884757177 0.30924275481779534 0.039252732690856044 0.03901175161106579
4 0.5622030086292802 0.1852233095649654 0.11312415832750597 0.08820275965362405
4 0.7291526482008902 0.23934090104347835 0.05099386070792331 0.04718776571221813
4 0.6378042950585424 0.7111436826684501 0.04533261285126154 0.04806664607886038
4 0.7995791487766352 0.7252563279379273 0.05327696573075436 0.04727771466931394
4 0.8381641911085042 0.6372240760237049 0.03692311296760914 0.037818049894587834
4 0.8440492973189772 0.6739402511938689 0.035688531055361385 0.03556556989727625