4 0.4528372591006424 0.27962771458117885 0.04958244111349037 0.04633919338159256
4 0.4679229122055675 0.2456566701137539 0.037034261241970026 0.03292657704239917
4 0.45474304068522486 0.1979110651499483 0.038137044967880084 0.05093071354705274
4 0.7913811563169164 0.23708376421923474 0.08421841541755888 0.07178903826266805
4 0.7227730192719487 0.29788004136504653 0.04010706638115632 0.04156153050672182
4 0.7517773019271948 0.297311271975181 0.020920770877944323 0.02420889348500517
4 0.5612740899357602 0.24228541882109617 0.019250535331905783 0.02765253360910031
4 0.19372591006423984 0.3037849017580145 0.047269807280513915 0.05227507755946225
4 0.26370449678800856 0.24479834539813858 0.056488222698072806 0.06345398138572905
4 0.5014775160599572 0.3655842812823164 0.037387580299785866 0.041499482936918304
4 0.6505995717344754 0.5153671147880041 0.03673447537473234 0.05472595656670114
4 0.8455567451820128 0.6664219234746639 0.17521413276231265 0.0917063081695967
4 0.7431049250535331 0.714860392967942 0.04978586723768737 0.04957600827300931
4 0.6871841541755889 0.7352119958634954 0.03670235546038544 0.04031023784901758
4 0.6195289079229122 0.7168769389865564 0.03184154175588865 0.033112719751809724
4 0.5208458244111349 0.8214581178903827 0.09614561027837258 0.06984488107549122
4 0.6829871520342612 0.7904860392967942 0.04290149892933619 0.03926577042399173
4 0.6561456102783726 0.3423267838676318 0.03765524625267666 0.04083764219234747
4 0.808254817987152 0.3477456049638056 0.04532119914346895 0.03853154084798345
4 0.8332655246252676 0.43382626680455016 0.030053533190578158 0.03200620475698035
4 0.8436402569593148 0.4006101344364012 0.030481798715203425 0.029906928645294727