4 0.7454545454545455 0.5077296901393523 0.060227272727272727 0.06022491057148634
4 0.7789772727272727 0.5290949045961698 0.04318181818181818 0.044586943494816116
4 0.8329545454545455 0.5243480673329128 0.0625 0.05039476817001306
4 0.7227272727272728 0.8567966871772517 0.09431818181818181 0.1013692657774586
4 0.6710227272727273 0.7765271756139116 0.05227272727272727 0.0491260230117304
4 0.6659090909090909 0.8056703201228776 0.029545454545454545 0.026813411938742877
4 0.7636363636363637 0.6236515311055238 0.03409090909090909 0.025793478012989805
4 0.7715909090909091 0.24193860845804854 0.0659090909090909 0.05922411597131204
4 0.821590909090909 0.3238815658518626 0.07954545454545454 0.07151519138703427
4 0.6431818181818182 0.541250475055514 0.05227272727272727 0.04693304055559005
4 0.4511363636363636 0.6634543193240106 0.06704545454545455 0.04827834301618956
4 0.24886363636363637 0.8329795403297372 0.13522727272727272 0.1974530183404143
4 0.21704545454545454 0.7200285993406913 0.06363636363636363 0.060282328548223914
4 0.20625 0.6604516510038689 0.05113636363636364 0.045817410001940596
4 0.24034090909090908 0.5951844887803531 0.042045454545454546 0.040181839256956266
4 0.1471590909090909 0.4766881240041621 0.09545454545454546 0.11235331738373938
4 0.14772727272727273 0.6460864490782146 0.05113636363636364 0.05239635737036165
4 0.6369318181818182 0.7014434606444452 0.05113636363636364 0.046913901230010775
4 0.6 0.8539295238134881 0.05 0.05347370927285255
4 0.5022727272727273 0.8632509444097892 0.04090909090909091 0.03687322624716646
4 0.5357954545454545 0.8796819483402911 0.038636363636363635 0.03683494759600816