14 0.7433401639344263 0.2511122661122661 0.16889344262295083 0.15427234927234926
14 0.6211168032786886 0.21633056133056133 0.09280737704918032 0.09735966735966736
14 0.5168954918032787 0.2598024948024948 0.2481045081967213 0.20328482328482328
14 0.4888831967213115 0.36505197505197506 0.09855532786885246 0.09535343035343036
14 0.6838831967213115 0.36746361746361744 0.16846311475409834 0.11916839916839916
14 0.7613217213114754 0.6348752598752598 0.11132172131147541 0.11415800415800414
14 0.7719159836065573 0.7687941787941789 0.11066598360655738 0.1247089397089397
14 0.3287295081967213 0.7511122661122661 0.1295184426229508 0.12308731808731808
14 0.5713831967213114 0.7721309771309771 0.13968237704918035 0.22709979209979209
14 0.3019057377049181 0.5526611226611227 0.24954918032786885 0.2522245322245322
14 0.37822745901639343 0.33665280665280667 0.0934016393442623 0.08916839916839917
14 0.37212090163934425 0.4165904365904366 0.12042008196721311 0.07990644490644491
14 0.7429200819672132 0.4975987525987526 0.11878073770491804 0.1559043659043659
14 0.2574282786885246 0.33454261954261955 0.1615061475409836 0.1671933471933472
14 0.5628483606557377 0.4203846153846154 0.0947438524590164 0.09005197505197504