14 0.37107710033746105 0.5043721446166591 0.09277907036148823 0.07594740901861936
14 0.36626498601258056 0.3909273164006513 0.19627071375011007 0.19524999339981278
14 0.645878393492725 0.6482149160903756 0.20640134621247344 0.21937439953161755
14 0.8786403479552495 0.5854167124734349 0.11208184494424024 0.09252201313743233
14 0.6417519049885108 0.35641829204828446 0.10930553273394306 0.11727060970678378
14 0.5596008180214498 0.22975028066570302 0.12231517280038669 0.12004008442760798
14 0.43310229271757533 0.24518024005553113 0.14393665676168158 0.13557565433276567
14 0.5519545376248857 0.44350509189017767 0.2081038832283184 0.197973374367736
14 0.3044949752629932 0.21352621682919048 0.1436844447174933 0.16607254700520413
14 0.28203912725759195 0.5858258827377177 0.14003974810030967 0.2009560452967678
14 0.7224131303187529 0.3182400276089153 0.12089907962665754 0.11207543863850804