14 0.6017795034431107 0.5211580522282236 0.10218096389097478 0.08813293301817435
14 0.6323216862161032 0.6272726494032675 0.2219098482726599 0.2181278200559585
14 0.3117365051501847 0.44460608655905115 0.2358371132457505 0.2424270112803988
14 0.10754026028588787 0.5533416127191312 0.12286029674208195 0.10707624939531635
14 0.38116469226321126 0.7188042530310489 0.12541070256350328 0.13009037426386844
14 0.48734117079455075 0.8207183707944149 0.1379635937156355 0.1346768137761336
14 0.6020746277704182 0.7788739878899137 0.16090243105143714 0.15256423313998962
14 0.44604399797468164 0.6170290710135218 0.23332637578842833 0.22269516212300672
14 0.7299155368613273 0.7810224504768113 0.16692804172211465 0.18110610986279163
14 0.6671542656385813 0.4254099244037644 0.16959745263583323 0.21396706186482267
14 0.3146010733464843 0.7718541504426062 0.1355983069266769 0.12697997555966056