14 0.7490680628272252 0.2680041797283177 0.1496439790575916 0.13133751306165098
14 0.6297696335078533 0.22962382445141066 0.07473298429319372 0.07894461859979102
14 0.4546701570680628 0.2861442006269592 0.06898429319371727 0.07985370950888192
14 0.5493612565445026 0.27557993730407526 0.1826282722513089 0.18549634273772206
14 0.498261780104712 0.3763113897596656 0.08289005235602094 0.07623824451410657
14 0.6886910994764398 0.3763322884012539 0.15104712041884816 0.1090909090909091
14 0.3776335078534031 0.34989550679205855 0.09324607329842932 0.08545454545454545
14 0.3778743455497382 0.42915360501567396 0.09927748691099476 0.07049111807732497
14 0.2616125654450262 0.33871473354231973 0.13879581151832462 0.17766980146290492
14 0.7706806282722513 0.6466144200626959 0.07585340314136126 0.09628004179728318
14 0.7811204188481675 0.7876698014629049 0.084282722513089 0.1029153605015674
14 0.3290890052356021 0.7721003134796238 0.10852356020942408 0.12053291536050156
14 0.24323560209424083 0.5032601880877743 0.1176020942408377 0.11429467084639498
14 0.5868167539267015 0.846687565308255 0.10195811518324607 0.0744096133751306
14 0.4397486910994764 0.646833855799373 0.1499581151832461 0.10917450365726228
14 0.3489319371727749 0.862110762800418 0.09264921465968587 0.07857889237199582
14 0.4704083769633508 0.8358411703239289 0.09163350785340314 0.07519331243469174
14 0.3450890052356021 0.4878996865203762 0.09903664921465968 0.08158829676071055
14 0.760931937172775 0.4815987460815047 0.08499476439790576 0.0900417972831766
14 0.3012251308900524 0.5975653082549635 0.12391623036649214 0.13916405433646814
14 0.5489633507853403 0.5662382445141065 0.1478848167539267 0.14462904911180774
14 0.5350157068062827 0.7334169278996865 0.09582198952879582 0.12316614420062696