14 0.616160190040717 0.3201291600599766 0.2333462680378059 0.2325734008533168
14 0.6549555406935718 0.49105923302660875 0.17835851551263765 0.13834886383933467
14 0.6763792926865081 0.6438677037172287 0.2094625352246504 0.18709749788851515
14 0.3187299306085342 0.7296155569147998 0.10902698407746363 0.10043535299007807
14 0.2518180559702291 0.6131771774330917 0.11250162760785086 0.11306885948356304
14 0.5032488677708746 0.479947278441384 0.09927733663705747 0.08245097606727536
14 0.44267328180383125 0.26567433199617285 0.1709866033933158 0.19059509488298876
14 0.4315154453718563 0.6860764529362091 0.13252034243491886 0.13438085763202856
14 0.3037102280161722 0.5559708026335064 0.09777714511508215 0.09813765308000452
14 0.37185289179080394 0.5587690094995342 0.11351788777045255 0.11308715619732436
14 0.21758139127925927 0.6968908987434901 0.10699446375226043 0.10039875956255566