14 0.16913403222096238 0.6876766686413242 0.1861272933463211 0.17481428816026973
14 0.28431366849269074 0.756167158823434 0.09560913637254329 0.10135558505034419
14 0.47874564674320924 0.7407684117447086 0.09002771941881495 0.10002106799067442
14 0.37781556541930805 0.7288970526999621 0.23315694859772862 0.2398593236149713
14 0.4533600482964193 0.6370891745616595 0.10336105275214827 0.10056315505361571
14 0.25647448875560447 0.5907998794325409 0.18225087065135812 0.15139716994220617
14 0.5732686043924933 0.6935652384801969 0.11695300006720977 0.11219171661766542
14 0.5901823478572834 0.6121351751178017 0.11995013522429644 0.09791482153195956
14 0.6902188174287401 0.7338303926063915 0.18607649956029643 0.22022365969290356
14 0.23288858000762938 0.2907771087750893 0.10046736318775314 0.11927463993976503
14 0.2541447158396542 0.14238680948576612 0.11064839297496304 0.127441737387747
14 0.7188583824391109 0.26892124631041653 0.14121734373476558 0.15305167718180368
14 0.7469145970297033 0.5680160652054043 0.14886581452167927 0.14782465738463157
14 0.4685508326919999 0.12890984045156328 0.12338691415032106 0.10248493309813828
14 0.575768409862617 0.3718541952994432 0.18111389814207415 0.15024334857018368
14 0.7194545881125677 0.1718468335428482 0.11454974805777789 0.10434083662306591
14 0.5871806430939998 0.16868843173557008 0.11336105275214828 0.10096972035082157
14 0.6381291537335059 0.559154431057608 0.12245683282641999 0.11020029132700257
14 0.2054950071611601 0.4638861060823479 0.10925280648395073 0.11520144151461585
14 0.7083637643377033 0.45658853253369336 0.16062346058711127 0.17599258285652097
14 0.4443331022640243 0.4280987799169198 0.18752287983733343 0.1870545840334011
14 0.4966620216150615 0.25877781447795295 0.12899512151254333 0.15255476404077434