14 0.21402248838663382 0.23370508417353084 0.19272459832448818 0.20813393578515188
14 0.15852517882231534 0.3670754280892235 0.12076758642241076 0.11664400072069238
14 0.19123768207486305 0.48926989237467616 0.25798712347564684 0.30297487734316564
14 0.30175375543213095 0.5329265172536455 0.11872172581628555 0.12239063251483996
14 0.33218830360804874 0.313981663357391 0.15495354193467314 0.20283761964784724
14 0.6341923861945109 0.2579523602047535 0.14101153935375893 0.138978186025993
14 0.7810708066073077 0.26171590577852677 0.1524010609938503 0.13918021224043983
14 0.6990653579582026 0.7577213443912721 0.15323641839266494 0.16001354557377304
14 0.7566220428671685 0.48771631853717146 0.26796699219239073 0.18286714105157623
14 0.4793761833148519 0.7648277101335387 0.3117963276503467 0.31086884499551054
14 0.2552858789138561 0.6542956030523954 0.11160956036595927 0.11532497234172731
14 0.34126613407381606 0.670298594874785 0.10484352257173916 0.14527614658420715
14 0.48184061546083357 0.2627784583900347 0.18821907426629725 0.15253797498670693
14 0.23618862985345063 0.7894698382617259 0.20611357182632598 0.20143192279804392
14 0.3726539994362286 0.45600357322960494 0.11279492127434691 0.1165025823705795