14 0.29087703943846394 0.6637175889957587 0.2647239653870413 0.28445796693958914
14 0.4745516966469299 0.6731642614935736 0.16196728339737834 0.21266310110901057
14 0.6369814483691794 0.6674784290414154 0.21562097055696697 0.25380251772582013
14 0.6877374690093755 0.2503876465720555 0.11451397110318011 0.13175764475007998
14 0.5584893507461224 0.19858746098563856 0.1278693416285419 0.13689375748551807
14 0.4460413663956106 0.5055188668271499 0.09552506136020901 0.11837927298967388
14 0.21504278806130728 0.47974695668229567 0.21514366015967626 0.21146842161598028
14 0.6543179570682982 0.38515140703347306 0.15253049143214556 0.16194688255006842
14 0.5043595182640902 0.267256763547925 0.11216767339287978 0.12022275487006978
14 0.5146473404175588 0.34351952274781344 0.12789514219055753 0.1391820870049688
14 0.6427268181747541 0.14410561186243787 0.11560971827228304 0.1306601011317326