14 0.30217391304347824 0.8324591323606025 0.20652173913043478 0.2026875785909846
14 0.4364130434782609 0.8482568310716742 0.11630434782608695 0.12553700037043805
14 0.5358695652173913 0.7850065555843615 0.29891304347826086 0.274396480805994
14 0.5445652173913044 0.6699727433944432 0.12173913043478261 0.12462596708948763
14 0.3407608695652174 0.7002733567722549 0.19891304347826086 0.16599393026157833
14 0.20652173913043478 0.4328200289221104 0.1391304347826087 0.1473177246081057
14 0.16902173913043478 0.29407304597788825 0.14021739130434782 0.157290043338229
14 0.633695652173913 0.23825475564424825 0.15869565217391304 0.16015279508365912
14 0.37717391304347825 0.25675221524683933 0.19021739130434784 0.2716458439967504
14 0.7016304347826087 0.4415467513321447 0.3108695652173913 0.3255930905901102
14 0.6652173913043479 0.6808736323719091 0.11521739130434783 0.11666843439969668
14 0.6554347826086957 0.5960896512180175 0.1423913043478261 0.11321702075432567
14 0.2532608695652174 0.5741021404984297 0.15434782608695652 0.1920074495229891
14 0.7913043478260869 0.6627177927041857 0.20217391304347826 0.21467468336144044
14 0.4559782608695652 0.6243369346598103 0.11630434782608695 0.11781073105476478