14 0.5903921568627452 0.5320125786163522 0.08357298474945533 0.06730607966457022
14 0.5982679738562092 0.6366247379454927 0.1763289760348584 0.17356394129979036
14 0.3324074074074074 0.40858490566037736 0.1850326797385621 0.1960482180293501
14 0.1186710239651416 0.4754297693920335 0.10103485838779956 0.08164570230607966
14 0.3443899782135076 0.6788574423480084 0.09816993464052289 0.10532494758909854
14 0.42397603485838775 0.7928616352201258 0.11034858387799563 0.1070230607966457
14 0.5402723311546841 0.774077568134172 0.1291285403050109 0.1209014675052411
14 0.4249673202614379 0.5949475890985325 0.1869934640522876 0.17564989517819707
14 0.6602941176470588 0.7985115303983228 0.12883442265795206 0.1489517819706499
14 0.670359477124183 0.45345911949685536 0.12403050108932462 0.18155136268343813
14 0.27044662309368195 0.7171069182389938 0.1092483660130719 0.09914046121593291