14 0.7328452790508281 0.7820910866579217 0.15059693034936186 0.1649774935882101
14 0.7795772832547759 0.6656491126867563 0.08914063286529562 0.08326041966466424
14 0.7333095100547995 0.4828577378835029 0.08795299851234041 0.07793403424542
14 0.7387542425126246 0.5795162996614059 0.20893513173319186 0.20419466291530547
14 0.6394829104944448 0.5178327901355079 0.08721106059598106 0.0917159290809526
14 0.6269433591778021 0.709680687121865 0.12719267503021292 0.1645698381440267
14 0.6739189698623407 0.39852379573262847 0.09705789872567407 0.10355997959512882
14 0.5934512554473053 0.39075536961577023 0.0822633253569741 0.10754684699534639
14 0.6930285409679198 0.28319240383350797 0.19619304572156046 0.15940484793206727
14 0.3464026962402843 0.7636874894509758 0.10623619220047291 0.08674160972713944
14 0.20273615313740018 0.7590628251565922 0.11388108801626486 0.09536388727968448
14 0.2479771656848939 0.3051524121085364 0.13473763771546104 0.1233168026020159
14 0.5268354207455558 0.24740231615162064 0.12852798538406615 0.13063662172136906
14 0.15495885371359386 0.5571446403056444 0.08659292724534288 0.11080567954281238
14 0.3683902426424117 0.42981141919406507 0.12716791411706863 0.1635082670187613
14 0.15516442934650146 0.3152083376061808 0.08956156838874714 0.10130712879417604
14 0.17403128344945662 0.44022089171862583 0.08637007902704501 0.10125153941542372
14 0.5356325885005203 0.351016679622501 0.09399021392969285 0.10881224584270348
14 0.515118761169457 0.7708707461294498 0.10111513056945622 0.0951415297646755
14 0.42692297341952745 0.2950050431493057 0.155321817370071 0.1395924355464279
14 0.44294721463971676 0.5488965751204502 0.1633381268830262 0.16413827997795394
14 0.27364926825165525 0.5167663969982393 0.13656816633219873 0.1106150086846661