14 0.5854416243654822 0.29848008385744235 0.20542131979695433 0.20747379454926626
14 0.6350761421319796 0.46497903563941295 0.1622335025380711 0.11862683438155136
14 0.6672385786802031 0.6150314465408805 0.1875939086294416 0.16442348008385746
14 0.3177664974619289 0.7454926624737946 0.09741116751269036 0.08832285115303984
14 0.2436548223350254 0.6373794549266247 0.09830456852791877 0.10066037735849057
14 0.48363451776649746 0.4729874213836478 0.08885279187817259 0.07169811320754718
14 0.40930964467005077 0.26599580712788257 0.14858883248730967 0.17246331236897275
14 0.4269746192893401 0.6874842767295598 0.11680203045685279 0.12030398322851153
14 0.29096446700507617 0.5738888888888889 0.08601015228426395 0.08829140461215933
14 0.35864974619289336 0.5679035639412998 0.10045685279187817 0.10071278825995807
14 0.21531979695431472 0.7255555555555555 0.09563451776649746 0.08930817610062894