0 0.5717842996774781 0.6652173913043479 0.15307734521711722 0.13695652173913042
0 0.229283750511462 0.6119565217391304 0.10491508899444453 0.10108695652173913
0 0.07286640166624163 0.4298913043478261 0.09658756277512526 0.12934782608695652
0 0.1771257479652657 0.48043478260869565 0.14396349270200212 0.13260869565217392
0 0.40115696596176204 0.36086956521739133 0.08323037295625625 0.0891304347826087
0 0.5411485693054807 0.28206521739130436 0.10583152810835833 0.09239130434782608
0 0.24734948245996027 0.3804347826086957 0.114343472027878 0.11847826086956521
0 0.6698920168262014 0.20380434782608695 0.10483645636486497 0.09782608695652174
0 0.3220505690181183 0.2326086956521739 0.2528073884818821 0.2565217391304348
0 0.6269855121293548 0.4092391304347826 0.1852126684732734 0.20869565217391303
0 0.5118852201580084 0.42282608695652174 0.07264965292017025 0.07065217391304347
0 0.3706247432140396 0.5657608695652174 0.3047917248548551 0.21739130434782608
0 0.30014729756977016 0.4217391304347826 0.161798976148849 0.17173913043478262
0 0.16910341308405966 0.7081521739130435 0.3119435278885388 0.32717391304347826
0 0.4430703585090849 0.9081521739130435 0.3490242327275777 0.18369565217391304
0 0.7546510947016273 0.7766304347826087 0.33695514211656696 0.38369565217391305
0 0.826273344832433 0.5478260869565217 0.14233935992187197 0.11195652173913044
0 0.6034847895596601 0.6021739130434782 0.1002008974777277 0.09239130434782608
0 0.6982623895076832 0.5864130434782608 0.30610132711666693 0.225