0 0.5518758358006136 0.3677304707890725 0.08890195793701365 0.08010082457410109
0 0.4911717214860349 0.5096838927533623 0.07811328828893624 0.07251367265796528
0 0.46132196929389035 0.39414763097697253 0.060658691782826124 0.0524474003238556
0 0.39097812324369 0.5757699985861023 0.058659091243312214 0.057434034981278866
0 0.4552900993146974 0.6040164873186886 0.05749868674923336 0.05332166125308005
0 0.3997557257706304 0.631487508992438 0.06293008408657709 0.05863962745505022
0 0.4942845288089177 0.6159067462841284 0.054215140004623734 0.04911462136929613
0 0.5358953798082572 0.6045650207431084 0.055350836156499154 0.05221073493489333
0 0.5615195616888894 0.5244948677575813 0.04883315935168674 0.04582917549252922
0 0.5194767584957306 0.5398779674101118 0.054215140004623734 0.04911462136929613
0 0.5907723195154992 0.41920754301818336 0.06288066740217035 0.05660710712984697
0 0.7065581409907764 0.4492415559424016 0.058535549532295575 0.052352734168270736
0 0.7426506716603212 0.40719902667326663 0.08685294071309266 0.08305493890632111
0 0.21744653159714597 0.48225172278278783 0.11810796184765282 0.10373654125173228
0 0.25743765479794795 0.33886717572024483 0.07616310443382882 0.07953282764059191
0 0.33944864802866265 0.26638697667072475 0.1475363408381223 0.13651859939277833
0 0.49507608334890363 0.692078925401458 0.17560664859688613 0.15705820250481223
0 0.6979204284986087 0.5955468190437236 0.10791229241245595 0.12053963323803572
0 0.7930664962972404 0.5835466334434161 0.1507704708983252 0.138693118951359
0 0.8080127522749709 0.47863657231642204 0.14514140682335447 0.12524507144857558
0 0.29489757638872444 0.7674115675779355 0.1494371080088229 0.12746692408494856
0 0.659055753841756 0.8943008382898344 0.1446728359109698 0.14958798227322206