0 0.5241617178845027 0.3896709062161956 0.08379451925104793 0.08057177493924048
0 0.18502079056162787 0.40027146335747893 0.10166954091466704 0.10918940993725404
0 0.22308209779560903 0.6316364329159251 0.12361648998323056 0.12576506608692797
0 0.4665023282659504 0.8011195119033403 0.1692514128913119 0.1445434958663376
0 0.2047601946233527 0.5599794846750213 0.25772204181941805 0.26201919869604956
0 0.532080361790079 0.4701724754049876 0.17956886957171522 0.11833609885684723
0 0.6206153128226587 0.3740745650412442 0.07800658785694096 0.0758581015063464
0 0.8695982160464196 0.3018180038762687 0.08391249482365526 0.08391253217754784
0 0.7822179760899336 0.2868807350991826 0.16879740304632315 0.2590353633561028
0 0.7008813290045779 0.6347268232166249 0.06864365213011024 0.06542090107384972
0 0.34204386311083573 0.23130688021143248 0.2604569127348137 0.21211530448022656
0 0.47175748009239427 0.04038646675645558 0.09734735795543047 0.08077293351291116
0 0.6818390142694076 0.20729142802722297 0.09639283700185824 0.11895235120369194
0 0.8863042222248678 0.4075689825975392 0.09501645532143992 0.07997685009010619
0 0.9481410760346377 0.5296454155864755 0.08997570255384589 0.09642130583315879