0 0.6226833575691574 0.7911714979535978 0.07531712575102553 0.0667910934222093
0 0.5126099342508058 0.8472524536518646 0.06692714181601325 0.05757774612440113
0 0.7124364933255602 0.5503068087510529 0.07844680702114776 0.06886000994920997
0 0.7608596953846323 0.27195272936235415 0.060679824879773664 0.054447977586528806
0 0.7255549602065254 0.30561986672120134 0.06519402535341935 0.08576836091285236
0 0.63389825638875 0.3438723860976012 0.06485674844127205 0.057542554461239466
0 0.7135790125633551 0.4293830563945211 0.05857329469301672 0.051388592374980044
0 0.7583394050023988 0.4508049997331435 0.0638576885659172 0.060549152178045615
0 0.7494924133722688 0.4899611533779479 0.0535057216922112 0.060373193862237065
0 0.7134777128149336 0.5508284368406983 0.07429397466766002 0.06778156210675762
0 0.7169450336257442 0.6244611360970697 0.06382155175390145 0.057524958629658514
0 0.8264895382534874 0.6540392705223993 0.08270804981068273 0.07901103843682362
0 0.7930989662265944 0.7179747371124888 0.06604853798071098 0.0706649890024976
0 0.7336474303268165 0.7230113638933633 0.05759832602567252 0.05641131912404449
0 0.7438846013339315 0.6702727330281882 0.061883660023217914 0.06857847664391621
0 0.7826332913719204 0.7948981184489703 0.05969281060842438 0.05846263981946399
0 0.7218213274766299 0.7726994074627801 0.05339731125616372 0.05130061321707577
0 0.6883343906176947 0.8285703579238373 0.05021944757002042 0.04519943862555874
0 0.6176990159107655 0.6771986222204841 0.05759832602567252 0.05641131912404449
0 0.5753462937586103 0.6840376769966362 0.07973496139262883 0.09004696061950038
0 0.523983964322254 0.7164240144498512 0.05877806996110635 0.06852568914917359
0 0.47458855274097106 0.6102630663458571 0.07109201977350607 0.05966425848298275
0 0.42669173097272034 0.4995922216666536 0.0721994900849083 0.06573024141133767
0 0.4990584089995382 0.406083461192766 0.09103780572566861 0.08318406315398688
0 0.5486029401167228 0.3514933106373412 0.05448069035955539 0.055350467113172735
0 0.5604538594320021 0.3904973486556984 0.04402031304980214 0.04610192815220278
0 0.3352263063048649 0.38062186819008625 0.07625595760635387 0.05874417312475799
0 0.367160085504203 0.2813865477038997 0.07529303454301488 0.06477496438995124
0 0.31080811686453425 0.28597192972145224 0.05339731125616372 0.05130061321707577
0 0.1771419906087536 0.3597933425836818 0.08677656293613357 0.073033034666373
0 0.1736467315591759 0.5436683397035355 0.06279840067053606 0.05851542731420683
0 0.301560135900015 0.5947237560202397 0.06621717643678474 0.08477789222830405
0 0.2984017911340437 0.7634865833139484 0.08601841514088404 0.09620092270575979
0 0.34801895850380093 0.7582827961330557 0.058645568317048334 0.05743697947175424
0 0.3608150951049523 0.8330819223897841 0.061739112775154925 0.05648170245036782
0 0.42660523597343725 0.23250791238720273 0.05752605240164103 0.05036293202727012
0 0.4138034391988243 0.2005427301501678 0.04916015967463928 0.04316571376171995
0 0.38563594513918226 0.13858450512940396 0.07838657900112135 0.06381968736856482
0 0.3772463238327111 0.17270913410935373 0.058537157881000966 0.04836439882659295
0 0.3715531046807139 0.2159503333134169 0.05446864475555018 0.0543424025970437
0 0.4718828641276253 0.21060067736385754 0.06200411606327072 0.07865912180520647
0 0.5725254466501325 0.18812272255589504 0.060715961691789416 0.05747217113491596
0 0.6281376985291007 0.25155530162968087 0.09901823912450163 0.05812321690340796
0 0.731211679917966 0.21601649769099313 0.06170297596313917 0.053457508901980665
0 0.6958768307298461 0.2471634737595178 0.056575174942307016 0.05740178780859246
0 0.6252482040820014 0.18297172286974495 0.08406847780619553 0.1062463762038885
0 0.6833216062087999 0.19252563782537013 0.06809484014744176 0.06868405163340137
0 0.5509425464388773 0.15752007252461636 0.06697532423203433 0.06161000418891725
0 0.49618516981574173 0.12232209781823387 0.09733330507792903 0.09034608975637523
0 0.47981584036751945 0.26818352560427844 0.053361174444147966 0.04827641966868856
0 0.4297051658620875 0.2753946439016387 0.05752605240164091 0.05036293202727007
0 0.39609777296309984 0.3211849492014057 0.049220387694665566 0.048206036342365116
0 0.3835613421051437 0.35473516259696747 0.04718613113194011 0.05119503822759055
0 0.20372657562732652 0.41920501256675174 0.1637424859217159 0.10457706168722807
0 0.25611278140413024 0.47250415898450465 0.10566306099291492 0.09451911447353833
0 0.2133271427648677 0.5297288437355276 0.05145941952548053 0.06235413123133346
0 0.4229250832044832 0.6174477908958461 0.05551588704692599 0.05536806294475356