0 0.5520833333333334 0.18631711992707953 0.0775462962962963 0.0673193869171494
0 0.41724537037037035 0.1489923454103547 0.06828703703703703 0.058205548597608125
0 0.7112268518518519 0.428321672458612 0.08101851851851852 0.06848482403472517
0 0.8344907407407407 0.7197189250549437 0.061342592592592594 0.05587467436245649
0 0.7870370370370371 0.6915399590552055 0.06365740740740741 0.09081079159999961
0 0.6770833333333334 0.6696992215321907 0.06597222222222222 0.05817934126997517
0 0.7430555555555556 0.5591550153973509 0.06018518518518518 0.05248319232026176
0 0.7864583333333334 0.5260059703465731 0.06597222222222222 0.061557719648353416
0 0.7667824074074074 0.48568819209091374 0.05324074074074074 0.06253970547249764
0 0.7118055555555556 0.4271889945005777 0.0763888888888889 0.06843240937945899
0 0.6973379629629629 0.34627170921720324 0.06481481481481481 0.05816623760615843
0 0.8101851851851852 0.2898139218149107 0.08333333333333333 0.08089841874974564
0 0.7575231481481481 0.22791013851856315 0.06597222222222222 0.07281898090961468
0 0.6909722222222222 0.2354203559447708 0.05787037037037037 0.05696148949713318
0 0.7158564814814815 0.29031880735289545 0.061342592592592594 0.07164044012822238
0 0.7262731481481481 0.1466197932974655 0.061342592592592594 0.06037917886696112
0 0.6655092592592593 0.18390683474693278 0.05439814814814815 0.05241767400117905
0 0.6151620370370371 0.13098585313196115 0.052083333333333336 0.0456347099167892
0 0.5752314814814815 0.3110550466507488 0.05787037037037037 0.05696148949713318
0 0.5266203703703703 0.31273152665716947 0.0787037037037037 0.09323339148186685
0 0.46238425925925924 0.2886840052242125 0.05787037037037037 0.07047500301064656
0 0.43460648148148145 0.4151246192819355 0.07291666666666667 0.05938408937900042
0 0.41030092592592593 0.5460304268527133 0.07407407407407407 0.06615394979957379
0 0.5133101851851852 0.6310128494216903 0.09375 0.08439473010247284
0 0.5815972222222222 0.6803523458691272 0.05439814814814815 0.056922178505683485
0 0.5844907407407407 0.6352745416645409 0.04398148148148148 0.047795236522325785
0 0.33969907407407407 0.6954783989941707 0.0787037037037037 0.05719735544583069
0 0.39988425925925924 0.7967114228901253 0.0775462962962963 0.06506713466489697
0 0.3368055555555556 0.8036192662618201 0.05439814814814815 0.051291547875052856
0 0.1712962962962963 0.752565162259657 0.09027777777777778 0.07309415784976175
0 0.12094907407407407 0.5538108473113521 0.06365740740740741 0.05927926006846808
0 0.2488425925925926 0.4701556852524175 0.06481481481481481 0.08969776913769009
0 0.203125 0.2871147214146122 0.08564814814814815 0.10006877022152287
0 0.2586805555555556 0.28198124104691397 0.059027777777777776 0.05810071928707578
0 0.25405092592592593 0.1981372593057837 0.0625 0.057013904152399285
0 0.4774305555555556 0.8363740179549579 0.059027777777777776 0.051343962530319025
0 0.47164351851851855 0.8736016984362027 0.05092592592592592 0.04336935400072041
0 0.45601851851851855 0.9481029222220502 0.08217592592592593 0.06286729706791114
0 0.4386574074074074 0.9122634411432622 0.06018518518518518 0.04910481394188338
0 0.4207175925925926 0.8668584398243104 0.05439814814814815 0.05579605237955736
0 0.5324074074074074 0.8503912335633119 0.061342592592592594 0.0817755752633574
0 0.6487268518518519 0.8524526937281284 0.061342592592592594 0.059253052740834866
0 0.6938657407407407 0.7714236328212655 0.10532407407407407 0.05524648746135885
0 0.8159722222222222 0.7874961512435757 0.06365740740740741 0.05364862943783745
0 0.7696759259259259 0.7609932707692102 0.05787037037037037 0.058087615623259176
0 0.7077546296296297 0.8467168393059175 0.08217592592592593 0.11129072049133457
0 0.7690972222222222 0.8229367595380555 0.06828703703703703 0.07059293598499551
0 0.6325231481481481 0.8909244333098483 0.06944444444444445 0.06272315676592924
0 0.5815972222222222 0.9376721656889471 0.09837962962962964 0.08332101863161288
0 0.5266203703703703 0.7857044996301424 0.05439814814814815 0.04791316949667448
0 0.4699074074074074 0.789161894472468 0.059027777777777776 0.051343962530319025
0 0.421875 0.7469129037280615 0.04976851851851852 0.04898688096753469
0 0.3993055555555556 0.7133846413887002 0.047453703703703706 0.052339052018279854
0 0.18518518518518517 0.6825880984740388 0.1736111111111111 0.09993852254545346
0 0.22974537037037038 0.6133899137234086 0.1087962962962963 0.09582633899334896
0 0.1684027777777778 0.5600303538516308 0.05092592592592592 0.06476575039711681
0 0.3767361111111111 0.4185951177880776 0.05555555555555555 0.05580915604337397