0 0.6446694459650903 0.31911925891295645 0.08937137693665692 0.0762123629614154
0 0.5197897934142635 0.44329058164296375 0.07778372453611929 0.06944647741419108
0 0.5396087687011559 0.31697200323340635 0.06034850154906809 0.05044809157123058
0 0.38736444384828234 0.47905643133567405 0.05806590492001937 0.05484712685116609
0 0.4413380080208141 0.5276771232460203 0.05803903272689719 0.05042234809010427
0 0.3719968399453024 0.5378520825470657 0.06269156061264178 0.05600480850368419
0 0.476406251472608 0.5521739156898179 0.05339994093771369 0.047052277057055204
0 0.5243142934360931 0.5538521278369782 0.05572956390472629 0.05039660460897797
0 0.5859552493859979 0.48071417337474204 0.048760849148530454 0.04368220602400613
0 0.5357142254313599 0.4829333861246372 0.05339994093771369 0.047052277057055204
0 0.662178182536643 0.38307903896962586 0.0626781245160807 0.05379241912315322
0 0.7691519637741958 0.45046603789371337 0.05803231467861671 0.04931615339983879
0 0.8247639618340126 0.4194278403643815 0.08593404589652301 0.08059852650078794
0 0.24914267895106107 0.3285057061620289 0.1183740981794042 0.09865805028080375
0 0.35328749746445387 0.19626961458516706 0.07321181322974123 0.07713835328379687
0 0.4701944719877272 0.14906248914227152 0.14628254744559097 0.1310466180720184
0 0.44418415081225987 0.6294084195287556 0.17525839649521607 0.14906752663034495
0 0.6961009987566031 0.5961820261036888 0.10349019375262387 0.1195084167685272
0 0.7993321627038414 0.6143884124029332 0.14975346872712794 0.1321914279839734
0 0.8605704207034978 0.512495831864076 0.14504719645513886 0.11775941004826947
0 0.20393893087196135 0.6420414937782796 0.1496795701960418 0.12002328639105306
0 0.5246016297258188 0.8867909861257633 0.1417509444288963 0.14537566208321698