0 0.3784924195713179 0.6318341233070626 0.056407046347613274 0.07631689924229963
0 0.4411525577816685 0.6396486454372312 0.04910594960048876 0.05291919371062656
0 0.2518135729126977 0.7315624683979276 0.05487992910720491 0.055233246176969175
0 0.37018015280037764 0.7750334837469939 0.0653611682349867 0.06427658939687385
0 0.5816313070367766 0.6688842131520398 0.05852046884262027 0.0663777752177504
0 0.5218265328193351 0.7874458245778976 0.04323188371230365 0.04506190399372961
0 0.7088703398606465 0.822549540707792 0.050212704038726866 0.050721250323629105
0 0.7531046872336497 0.7946329691643325 0.07332863934188487 0.06108610763911044
0 0.8131425622495088 0.6572146753299778 0.06073397771909622 0.0619818884437555
0 0.7696475518243466 0.6307784945481687 0.0548999463834987 0.05634189362708004
0 0.7303022194050619 0.548268535726252 0.059767344214915044 0.07194036398152888
0 0.6858719036651899 0.6288652126632018 0.07574232098129925 0.06777669536622419
0 0.6681909564467834 0.6979206545382747 0.05365307101120393 0.05077930486330169
0 0.6952677079060582 0.7362782304879986 0.05369310556379151 0.052996599763523417
0 0.5894599594846487 0.7530349860377326 0.046692267961074375 0.04622860598351306
0 0.6084349231450459 0.7238811766100388 0.048865742284962745 0.039615424309295925
0 0.629966591499953 0.6774949529225663 0.04918601870566392 0.05735378351106976
0 0.5577902478199936 0.7779670723104488 0.044478759084598425 0.050624492757507966
0 0.43497112623196776 0.5831947072910858 0.05252629929667203 0.05186860080018828
0 0.3789773361694166 0.4998566979608091 0.06071396044280256 0.060873240993644516
0 0.5481474273174689 0.4027382892309816 0.06184073215733433 0.0597839450567578
0 0.6009552707572852 0.5637590261219156 0.13790332955933476 0.1452989996247557
0 0.8577230075615844 0.5849328542688595 0.05029277314390203 0.05515584012407256
0 0.9320712257194241 0.6047489832180059 0.05729361074661942 0.061923833904082924
0 0.9468709874265501 0.4714210165063393 0.06202088764397884 0.06976177210775558
0 0.6594876456550378 0.2794255936346473 0.07507594662152559 0.09436488265566066
0 0.5367812236366892 0.28149620554963545 0.07586242463906238 0.07442858006688931
0 0.5712936861060454 0.19164051314914887 0.04657216430331137 0.03957672128284781
0 0.6731806529239259 0.14833427333642663 0.06894165614152055 0.07209517608732241
0 0.4141461643603997 0.3828197915193822 0.05274648933590425 0.06406372275140779
0 0.4544368107325412 0.35885121634759537 0.04789910878078157 0.04957389984706968
0 0.5074648442115895 0.5320670751897489 0.07099502680764591 0.05883010971244041
0 0.3114914345262455 0.35183697641806444 0.05365307101120393 0.050779304863301566
0 0.29430251042304584 0.32107544475671096 0.04669226796107451 0.04622860598351294
0 0.3554384335140268 0.27623888876322567 0.08533699571007528 0.09121310392434576
0 0.41967863427655916 0.276263851472782 0.058400365184857264 0.05972589051708522
0 0.4690893449885023 0.1856022656753256 0.049005863219019674 0.047375956460072234
0 0.512450038721685 0.14106565813681518 0.05369310556379151 0.05299659976352329
0 0.33124416984106314 0.39752654562946627 0.046652233408486794 0.044011311083291337
0 0.748965613007874 0.4065579828424693 0.10674565828618067 0.07051648112349891
0 0.215043660189186 0.5375560347869723 0.04566558262801176 0.052861139170953975
0 0.17638602168099954 0.5249005410786522 0.04325190098859744 0.04617055144384048
0 0.8271187135075491 0.5100382912485376 0.06427443107304237 0.06758318023398216
0 0.9520057163668944 0.533437543416263 0.04677233706624954 0.050663195783956394
0 0.9806515170361508 0.5350936444329832 0.03869696592769829 0.05511713709762401
0 0.9425708822774915 0.7415314827141284 0.05660721911055157 0.08740337374340829
0 0.9998395642186719 0.4377386653102473 0.000320871562656185 0.05556783309811256