0 0.3668153526970955 0.33566700100300906 0.04675311203319502 0.06655967903711134
0 0.4236721991701245 0.3304112337011033 0.04151452282157677 0.044914744232698096
0 0.2557261410788382 0.24179538615847543 0.04714730290456432 0.04762286860581745
0 0.3641182572614108 0.20602808425275826 0.05478215767634855 0.05401203610832497
0 0.5520435684647302 0.3085055165496489 0.04882780082987552 0.056760280842527586
0 0.5016804979253112 0.19889669007021063 0.03634854771784232 0.03789368104312939
0 0.6714626556016597 0.17369107321965896 0.0420746887966805 0.04313941825476429
0 0.7104979253112033 0.20009027081243733 0.06212655601659751 0.05140421263791374
0 0.7604045643153526 0.3262186559679037 0.05112033195020747 0.0532296890672016
0 0.7206224066390041 0.3485957873620863 0.04639004149377593 0.04788365095285858
0 0.6820331950207469 0.42164493480441323 0.04979253112033195 0.06226680040120361
0 0.6449377593360996 0.34777331995987965 0.06384854771784232 0.057372116349047146
0 0.6307780082987552 0.2848445336008024 0.04513485477178423 0.04283851554663992
0 0.6567842323651452 0.2507321965897693 0.045342323651452285 0.04509528585757272
0 0.5615248962655601 0.23287863590772317 0.03901452282157676 0.039067201604814444
0 0.577655601659751 0.2593681043129388 0.04192946058091287 0.03267803410230692
0 0.5955497925311204 0.3018455366098295 0.04068464730290456 0.049327983951855565
0 0.5337448132780083 0.20894684052156468 0.037645228215767636 0.04314944834503511
0 0.41672199170124485 0.3811835506519559 0.04487551867219917 0.044433299899699095
0 0.3632780082987552 0.4547442326980943 0.051192946058091285 0.052407221664994987
0 0.5128423236514523 0.5481344032096289 0.05236514522821577 0.04970912738214644
0 0.565798755186722 0.4038114343029087 0.11663900414937758 0.1230692076228686
0 0.7984958506224067 0.39262788365095286 0.042883817427385895 0.046900702106318956
0 0.8659751037344398 0.3769909729187563 0.04797717842323652 0.052668004012036106
0 0.8757572614107884 0.49786359077231696 0.05157676348547718 0.05886659979939819
0 0.6095746887966805 0.6629989969909729 0.062209543568464726 0.08119358074222668
0 0.4984336099585062 0.6570010030090271 0.06439834024896265 0.06364092276830492
0 0.5270228215767635 0.73913741223671 0.03906639004149377 0.03310932798395185
0 0.6169917012448133 0.7820762286860582 0.05785269709543569 0.061474423269809425
0 0.39121369294605807 0.5616248746238717 0.043755186721991704 0.05468405215646941
0 0.4268153526970954 0.5848545636910732 0.04046680497925311 0.04176529588766299
0 0.4805082987551867 0.43 0.06117219917012448 0.049287863590772314
0 0.29735477178423236 0.5865997993981946 0.04597510373443983 0.043420260782347044
0 0.2805290456431535 0.6139418254764293 0.039512448132780084 0.03867602808425276
0 0.33434647302904563 0.6565697091273822 0.07190871369294605 0.07761283851554664
0 0.39268672199170124 0.6582647943831494 0.04923236514522822 0.051323971915747245
0 0.43396265560165975 0.7416449348044132 0.040975103734439834 0.039979939819458375
0 0.47209543568464735 0.7834804413239719 0.0458402489626556 0.04516549648946841
0 0.31635892116182573 0.5463189568706118 0.039854771784232364 0.03705115346038114
0 0.6945954356846473 0.5506619859578736 0.09217842323651453 0.05688064192577733
0 0.21633817427385893 0.41595787362086256 0.03848547717842324 0.044704112337011034
0 0.18038381742738588 0.42632898696088267 0.036587136929460584 0.03872617853560682
0 0.7681224066390042 0.4594182547642929 0.05441908713692946 0.05698094282848546
0 0.8821058091286307 0.44188565697091275 0.039917012448132776 0.04328986960882648
0 0.914045643153527 0.4422066198595787 0.04241701244813278 0.04639919759277833
0 0.8800622406639004 0.2538916750250752 0.046006224066390045 0.07576730190571716
0 0.9433195020746888 0.5296890672016048 0.03643153526970954 0.05002006018054162