0 0.4862517043559845 0.4093288472055939 0.07394504522826395 0.06149257991191348
0 0.7996819734649667 0.40444773948120566 0.08484860545735273 0.0906764501774275
0 0.8084734094664049 0.5602909766841047 0.1725403949942264 0.21534543829473618
0 0.2399949276336953 0.35222393205385283 0.1427776518916314 0.1833493830537496
0 0.6999770774905149 0.31566992657828524 0.06588466907869635 0.06630124758628042
0 0.5553542778512368 0.7869882060064917 0.1322695198248842 0.10285094553791994
0 0.16477877657086085 0.3413323700639921 0.08205558344622813 0.07721812326885877
0 0.16084669794869225 0.3951027967143714 0.0807409595957956 0.07203216969111773
0 0.10069484923731618 0.559906597042819 0.09186731494025342 0.08582586184713009
0 0.12578852932157486 0.629520474625051 0.08857854062999392 0.08261368012625242
0 0.3373243204416815 0.6421430371065214 0.06462463666501712 0.06214410059290153
0 0.295743970298501 0.625773827461472 0.05283875471116476 0.05551013387149357
0 0.24185026081560018 0.6330977344916668 0.0600758299410782 0.05477477187864473
0 0.29286690260753356 0.2567903397649385 0.09180829413514384 0.10430245970971816
0 0.23620746683188484 0.25133800580246746 0.0650067767222892 0.06934574668343639