0 0.6252191751456235 0.5464761256184877 0.11383402090234318 0.11721040124039171
0 0.7051274471100667 0.24105158135890198 0.07397440290677544 0.07229451056334253
0 0.6019308826110829 0.16394713712868805 0.10412942783811831 0.12006954332522772
0 0.4772899698580706 0.1912678513517528 0.09471430036284664 0.07991974612559204
0 0.8413541978217769 0.29080125330359674 0.09269655689150792 0.08806877223551926
0 0.8915865092845837 0.2712616407171669 0.0837736546745158 0.07455831929817855
0 0.8033810327653671 0.2629593185409147 0.09583676254273424 0.08199277405423509
0 0.7765378308043186 0.2195100553114748 0.12409312392536404 0.08568658216616586
0 0.764904663493863 0.14500114455355131 0.13113080485593898 0.11451819236097462
0 0.8803063239163383 0.20698670779820058 0.10586319519891109 0.09655166475628421
0 0.5905316173202116 0.04744195344984015 0.0942031433638642 0.05225581169936255
0 0.6449593853026541 0.3289172206531643 0.07270048680126343 0.06202476132322407
0 0.6330113809651171 0.4474720129945578 0.0771335402987049 0.06724310254599279
0 0.5577752725623847 0.5587128735877955 0.06967387159425549 0.0742483004881148
0 0.8943795039057301 0.530828314069125 0.1923440887939637 0.3176263774970857
0 0.4082396140542756 0.319783659127231 0.07717140378011095 0.06929228287386165
0 0.245290254390606 0.3960828532819215 0.23915221849499843 0.3278731358057835
0 0.3198338411712136 0.20497165510334675 0.2136873386470517 0.18188053291083808
0 0.3638849392944727 0.519960731041507 0.1959172611758795 0.15895798769189454
0 0.4318930991405819 0.7412232262457648 0.09864963912360132 0.116876534829554
0 0.5178777910854109 0.6056779445927136 0.16596499591386296 0.18083123847677612
0 0.2712857858456838 0.6320954483290981 0.3078660607918053 0.2914895461897543
0 0.6687075290924755 0.7452338369520258 0.3585203600284869 0.2751923506392535