0 0.5022882267626725 0.5548396611033084 0.08029469605273835 0.0705964503643039
0 0.16345187535029687 0.5929916309101284 0.09528365380282391 0.0985138378450741
0 0.18094268338980155 0.35861098529114094 0.11632115507611167 0.11310706828671899
0 0.40852221448078857 0.1560719343319081 0.16201539558524852 0.12561565758787513
0 0.16916462772236832 0.43206229396744755 0.2431315519041358 0.23295395892120915
0 0.5031886366703532 0.47408525855382855 0.17618768157551634 0.0956395435760192
0 0.5990760558400564 0.5565104109515736 0.0733608859875928 0.06721682121189232
0 0.8534401986804008 0.5925054624905406 0.07940464100446352 0.07504431469636304
0 0.7680683580474321 0.6198624465429724 0.15031227889975907 0.2446656739832256
0 0.6561511488428672 0.28726884918410844 0.06500586094900708 0.058262784676617586
0 0.3343000651958443 0.7382278514279863 0.25055186964397824 0.18178732247165316
0 0.48070526075815984 0.9089437317330106 0.09268208344012574 0.07066771554016218
0 0.6752435186899806 0.7134551072052725 0.08905805697123328 0.10849723764589167
0 0.8607950937380268 0.4856109488432314 0.09031179564894772 0.0684275867432557
0 0.9116190916841032 0.35557408399092333 0.08449932320359715 0.08620608676679042