0 0.8015734989648033 0.434944612286002 0.05784679089026915 0.06445115810674723
0 0.8436438923395445 0.5504028197381671 0.049327122153209106 0.05691842900302115
0 0.5703726708074535 0.30835850956696875 0.05873706004140787 0.06716012084592145
0 0.29562111801242236 0.21449144008056395 0.047236024844720496 0.05096676737160121
0 0.32472049689440996 0.2541389728096677 0.07987577639751553 0.05176233635448137
0 0.35055900621118014 0.34886203423967777 0.049513457556935814 0.05510574018126888
0 0.4480124223602484 0.28671701913393755 0.04479296066252588 0.05037260825780464
0 0.4760869565217391 0.24745216515609264 0.052722567287784676 0.054632426988922456
0 0.5146997929606625 0.2625478348439073 0.05449275362318841 0.043423967774420945
0 0.5712836438923395 0.3069284994964753 0.05908902691511387 0.06317220543806647
0 0.6463354037267081 0.3162638469284995 0.04988612836438923 0.05425981873111783
0 0.6913871635610765 0.21540785498489426 0.06904761904761905 0.06922457200402819
0 0.751407867494824 0.25847935548841894 0.0634368530020704 0.05462235649546828
0 0.7484782608695651 0.31658610271903326 0.04943064182194617 0.04861027190332327
0 0.6966149068322981 0.29780463242698896 0.06248447204968944 0.05045317220543807
0 0.8281469979296067 0.28138972809667673 0.0517287784679089 0.05075528700906344
0 0.7969151138716357 0.33656596173212483 0.04601449275362319 0.045176233635448135
0 0.8487991718426502 0.3776435045317221 0.038902691511387165 0.043141993957703934
0 0.685952380952381 0.4203323262839879 0.04967908902691512 0.04847935548841893
0 0.6870496894409939 0.46259818731117824 0.08149068322981366 0.06436052366565961
0 0.7125258799171842 0.5174823766364552 0.061749482401656314 0.04704934541792548
0 0.5983850931677018 0.547361530715005 0.05045548654244306 0.061007049345417924
0 0.47945134575569354 0.575226586102719 0.05661490683229813 0.06152064451158107
0 0.3951863354037267 0.48944612286002015 0.07250517598343686 0.07766364551863042
0 0.3461594202898551 0.432416918429003 0.04963768115942029 0.045035246727089626
0 0.38789855072463764 0.42749244712990936 0.0413871635610766 0.03657603222557906
0 0.3463561076604555 0.6431822759315206 0.0486128364389234 0.06633434038267876
0 0.24977225672877848 0.5954884189325278 0.05548654244306418 0.06478348439073514
0 0.24669772256728778 0.6503524672708962 0.044296066252587994 0.04491440080563948
0 0.3032298136645963 0.792195367573011 0.06166666666666667 0.07591137965760322
0 0.48870600414078674 0.8262537764350454 0.05100414078674949 0.052930513595166165
0 0.5586128364389235 0.711631419939577 0.07872670807453416 0.05279959718026183
0 0.7289544513457556 0.7425176233635449 0.08743271221532091 0.07040281973816717
0 0.7302795031055901 0.6939174219536757 0.050362318840579706 0.04909365558912387
0 0.8079192546583851 0.6943403826787513 0.04817805383022774 0.05270896273917422
0 0.20896480331262943 0.5301309164149043 0.043447204968944095 0.04891238670694864
0 0.17478260869565218 0.5370090634441088 0.03750517598343685 0.04185297079556898
0 0.10791925465838509 0.553877139979859 0.05357142857142857 0.06865055387713997
0 0.14179089026915115 0.5673111782477341 0.040973084886128365 0.050201409869083585
0 0.18407867494824015 0.5803323262839879 0.049120082815734996 0.04496475327291037
0 0.1929399585921325 0.4828801611278953 0.07203933747412009 0.04981873111782477
0 0.18422360248447206 0.38225579053373615 0.05104554865424431 0.0515508559919436
0 0.2560766045548654 0.33872104733131925 0.04495859213250518 0.08937562940584089
0 0.23422360248447205 0.233877139979859 0.04581780538302277 0.05315206445115811
0 0.2611801242236025 0.2728801611278953 0.05060041407867495 0.04780463242698892
0 0.18641821946169773 0.3302114803625377 0.0983022774327122 0.06668680765357503
0 0.20454451345755695 0.2760221550855992 0.06105590062111801 0.056676737160120845
0 0.15014492753623188 0.3978147029204431 0.05408902691511387 0.057311178247734136
0 0.10716356107660455 0.44446122860020143 0.07884057971014492 0.08254783484390735
0 0.25250517598343686 0.4848136958710977 0.04185300207039337 0.045236656596173215
0 0.2524016563146998 0.5340281973816716 0.043405797101449275 0.048902316213494466
0 0.2944513457556936 0.574269889224572 0.04250517598343685 0.041520644511581065
0 0.3267701863354038 0.5920644511581067 0.04514492753623189 0.039194360523665664
0 0.3669151138716356 0.7762034239677744 0.08203933747412008 0.14729103726082576
0 0.42818840579710143 0.7345115810674723 0.08144927536231884 0.09032225579053374
0 0.4803105590062112 0.7852870090634441 0.0569047619047619 0.04129909365558912
0 0.5981366459627329 0.5980060422960726 0.049120082815734996 0.04584088620342397