0 0.3825992478028998 0.6079056450641265 0.08565311864897467 0.08867105625706491
0 0.462276555807395 0.21632774237019325 0.14587659279329437 0.13706096793950828
0 0.507494537816681 0.2723995887080723 0.0884623741894777 0.07901934301702501
0 0.5418319698485458 0.314298281843066 0.08723480134662635 0.0767899576700231
0 0.7492328418525047 0.4466377073942759 0.14558071380436408 0.1522607764922885
0 0.2436765188214956 0.5941458894181748 0.08085928900930993 0.08193216410653005
0 0.3085426934023417 0.26192424528606223 0.13523605326872384 0.12462177214764579
0 0.4518075790751909 0.3395990006707566 0.13569717553610405 0.153982800743999
0 0.6239196590795898 0.48930645258904726 0.08536196431962455 0.083224433163383
0 0.6992139432141837 0.36633510573723854 0.18025335705270815 0.17883732600909946
0 0.467020896328326 0.7599872627071145 0.15224738047103062 0.15256519314946337
0 0.4538921385009914 0.6323602076677458 0.12850170641702663 0.16452089416465884
0 0.6316644241437352 0.7280192506847626 0.0817374766569411 0.07762560174111377