0 0.35636198678302766 0.33931745834426913 0.050729153487573266 0.0695319782621867
0 0.4139651915644872 0.33055479816090233 0.04431177987538258 0.04816299619239519
0 0.23895207052678175 0.2518909065813918 0.049565066730332105 0.050250400114652066
0 0.34614438601708664 0.20909912617512288 0.059047815827279346 0.05847020181974512
0 0.5416739880533632 0.3002103777519487 0.05277070435937777 0.06042779175806709
0 0.4844237889339069 0.19334257540644217 0.039028001249935294 0.04100459835533078
0 0.6545518746639148 0.15694211020489424 0.045347801196533505 0.04614639989773898
0 0.6950576784693324 0.18133563144367745 0.0663670469704313 0.055510214369728576
0 0.7529326094461061 0.3049318130724147 0.05484274700167986 0.056394599168755014
0 0.7142979520355909 0.3302163302918428 0.049571165084431754 0.05126459889761353
0 0.6801641336245023 0.40667068096575737 0.053849414159225464 0.06551058694414127
0 0.6377963309553317 0.3341204194432051 0.06850007315372882 0.06161900961003087
0 0.6196015756792587 0.27194781590261113 0.048492455284583826 0.04618180371153945
0 0.6440182077984525 0.235666429232709 0.04850465199278276 0.048210201277462374
0 0.546978761480274 0.2235734626463909 0.042178753692085076 0.04205420095209266
0 0.564953976008764 0.2492349100003722 0.04423859962618823 0.03599261079685755
0 0.5851232002615465 0.29109993533920325 0.044336173291780696 0.05221979132424092
0 0.5174944928682813 0.20159152501670974 0.040106711049782987 0.04608739354140491
0 0.4095592264914879 0.3823320418126376 0.047450335609333184 0.04718420122323415
0 0.3602323450089225 0.4599717097028825 0.054836648647580276 0.05538040038579355
0 0.5169382406575983 0.5449273162273311 0.05587876832283079 0.054378002874098975
0 0.561642316058746 0.3958338392233705 0.12447641514215231 0.13222419301151322
0 0.7957787834742053 0.36986968308712265 0.04537219461293163 0.050203195029584764
0 0.8627519178017706 0.3503517242412591 0.05169809291362955 0.056359195354954476
0 0.8797280505715916 0.4713655591005179 0.0559336535097265 0.06350579192075201
0 0.6213795953371576 0.6548137571061959 0.06759821562276765 0.08594797912983904
0 0.5092172170196466 0.6555693937402649 0.06853666327832611 0.06770420230779964
0 0.5427270024491874 0.7368406557237577 0.04214216356748778 0.0359690082543239
0 0.6362501445171289 0.7743298963335462 0.06223515839402654 0.06560499711427564
0 0.394939758143252 0.5660790405976641 0.04751741750442807 0.058340387835809984
0 0.4322795636212709 0.5869582699098828 0.043245266783733825 0.045108598572243926
0 0.47691960630437363 0.4272157056848268 0.06425841420353216 0.05345821426127188
0 0.3018282549770289 0.5970482178377743 0.048492455284583826 0.04618180371153957
0 0.2867998474662393 0.625616902194064 0.042178753692085076 0.04205420095209266
0 0.3436445060380766 0.6650404854726335 0.07701388282461995 0.08301159422235614
0 0.4023416665046327 0.6638725148902108 0.05273411423478048 0.05434259906029833
0 0.44947828631572484 0.7449903603472348 0.044281288104884756 0.04309200227758766
0 0.4900755654326354 0.7845968633304399 0.04850465199278288 0.04821020127746249
0 0.3188738199432247 0.5552713467604519 0.042166556983886015 0.04002580338616974
0 0.7003337073151699 0.5357627022749073 0.09681415665438059 0.06396604150015801
0 0.2096209596430471 0.42971793046638523 0.04116712578733215 0.04812759237859454
0 0.17405777607138775 0.4427966584764753 0.03903409960403476 0.04201879713829224
0 0.768939802789871 0.43914203338143926 0.058017892860227765 0.061500996897362735
0 0.883055305844743 0.4145291228052423 0.04220314710848319 0.0461109960839385
0 0.9150198573858217 0.41315498524864286 0.04536609625883216 0.049188996246623304
0 0.869860406290604 0.22500966501101757 0.05079013702856868 0.0796739660918013
0 0.9501294124528354 0.4989724398485619 0.04014939952847975 0.05318678502213508