0 0.438839378238342 0.44851586489252815 0.04608290155440414 0.06048106448311157
0 0.3707979274611399 0.7487512794268167 0.07454922279792746 0.06200614124872057
0 0.5231709844559586 0.786734902763562 0.18727461139896373 0.11759467758444217
0 0.4319585492227979 0.20129989764585465 0.16048704663212435 0.0951381780962129
0 0.3038341968911917 0.636202661207779 0.05381347150259067 0.05052200614124872
0 0.7977720207253887 0.5862640736949846 0.07408290155440414 0.11036847492323439
0 0.4360621761658031 0.12621289662231322 0.061564766839378234 0.06475946775844423
0 0.4901658031088083 0.13292732855680656 0.054601036269430046 0.06419651995905834
0 0.665357512953368 0.10670419651995906 0.0673678756476684 0.07164790174002048
0 0.7289015544041451 0.14376663254861824 0.06426943005181347 0.06985670419651996
0 0.6990777202072539 0.34970317297850567 0.050041450777202075 0.04986693961105425
0 0.6914093264248705 0.3063664278403275 0.04509844559585493 0.03841351074718526
0 0.7091502590673575 0.25597748208802457 0.042518134715025906 0.047021494370522006
0 0.3269326424870466 0.23345957011258955 0.08797927461139897 0.0652200614124872
0 0.3330155440414508 0.1779529170931423 0.056870466321243526 0.048229273285568065