0 0.6474143302180686 0.5744035785288271 0.06196261682242991 0.06932405566600397
0 0.5190654205607477 0.48192842942345926 0.057050882658359295 0.060576540755467194
0 0.6388681204569056 0.4844433399602386 0.04097611630321911 0.0478727634194831
0 0.4729906542056075 0.37266401590457254 0.04616822429906542 0.04432405566600398
0 0.43288681204569057 0.42436381709741555 0.041921079958463135 0.045168986083499
0 0.4164589823468328 0.36634194831013916 0.046074766355140184 0.0484493041749503
0 0.41365524402907583 0.4570974155069582 0.03851505711318796 0.04166003976143141
0 0.4167185877466251 0.49869781312127237 0.041059190031152645 0.042942345924453285
0 0.49092419522326064 0.5428926441351889 0.035867082035306336 0.038001988071570576
0 0.4837279335410176 0.500168986083499 0.03842159916926272 0.042047713717693835
0 0.5893042575285566 0.5967594433399602 0.04312564901349948 0.04876739562624255
0 0.537466251298027 0.6960039761431411 0.04073727933541017 0.045914512922465206
0 0.5717030114226376 0.7399602385685885 0.06607476635514019 0.06669980119284294
0 0.5990965732087227 0.23727634194831013 0.08023883696780892 0.0923558648111332
0 0.7328141225337488 0.31135188866799207 0.06528556593977154 0.05592445328031809
0 0.788276220145379 0.40546719681908544 0.1080166147455867 0.11365805168986085
0 0.3383385254413292 0.43851888667992045 0.12160955347871236 0.13686878727634194
0 0.39453790238836967 0.6502286282306163 0.10154724818276221 0.07741550695825049
0 0.3877881619937695 0.7406660039761431 0.10949117341640706 0.11660039761431411
0 0.48863966770508827 0.7813618290258448 0.09586708203530633 0.11409542743538767
0 0.30266874350986506 0.2344234592445328 0.09700934579439252 0.11833996023856859
0 0.10686396677050883 0.5365904572564612 0.12219106957424715 0.10742544731610337