0 0.4360125260960334 0.45298969072164946 0.05948851774530271 0.064340206185567
0 0.36579331941544885 0.7554432989690721 0.0850313152400835 0.07473195876288659
0 0.5848225469728601 0.773917525773196 0.0962212943632568 0.09139175257731959
0 0.7957620041753654 0.5958762886597938 0.10292275574112734 0.1318762886597938
0 0.5154801670146137 0.7739587628865979 0.19861169102296453 0.19161855670103092
0 0.5110855949895616 0.463659793814433 0.07277661795407098 0.1491855670103093
0 0.4443945720250522 0.36435051546391756 0.05643006263048017 0.058329896907216496
0 0.4367536534446764 0.12794845360824741 0.06343423799582464 0.06338144329896907
0 0.40301670146137786 0.2014639175257732 0.21893528183716077 0.10443298969072165
0 0.7000104384133612 0.35129896907216496 0.04946764091858038 0.051371134020618554
0 0.2488204592901879 0.5787216494845361 0.14786012526096035 0.20614432989690723
0 0.10555323590814197 0.4210309278350515 0.05881002087682673 0.07679381443298969
0 0.30683716075156575 0.27249484536082474 0.09488517745302714 0.06731958762886597
0 0.5368058455114822 0.13671134020618558 0.056221294363256784 0.07401030927835052
0 0.662223382045929 0.1092680412371134 0.07370563674321504 0.06575257731958763