0 0.350723716428359 0.5747354037569863 0.14605273198716243 0.15266668550662266
0 0.2501597094749268 0.25152201318450346 0.10775279091336053 0.10471959062525836
0 0.35910517359405675 0.04456079990952745 0.13057978336272627 0.06994005216951944
0 0.3538869448926778 0.1458271144406019 0.14139081650503385 0.14362259319777024
0 0.5684332912465291 0.28634913233509424 0.09495263104422662 0.08318167010924804
0 0.7067119166732654 0.3722291848642547 0.09854290362051607 0.10552029489644282
0 0.48164983426860897 0.1609646639810641 0.12623959118811598 0.11422929319400055
0 0.8398665334229265 0.44828384124087395 0.10429656971520372 0.10460318806028593
0 0.6578970076678798 0.15836146650080032 0.2733572635122111 0.2524903351111694
0 0.6218263336227103 0.5050616472785854 0.22227056770708853 0.18522754193601726
0 0.5578899768008759 0.4111233840469608 0.07530705446784586 0.07252205557440397
0 0.3572385081535602 0.35400524435397185 0.2321976298729425 0.3033157265537218
0 0.46513205301395993 0.22595232039538019 0.1829660094165135 0.16168609064410677
0 0.15067366393662976 0.23491708799620117 0.3013473278732595 0.3257213795631532
0 0.07825981487878365 0.5739894076722993 0.1565196297575673 0.34091007354429015
0 0.32353527191883064 0.7856084229942798 0.408632475201599 0.3370300351450967
0 0.5766232358867335 0.7426471908793482 0.11949471301446818 0.14177426584183347
0 0.425025769619821 0.5733438597211886 0.09850939077598288 0.09996473934088726
0 0.4827396645831143 0.6486066387663739 0.24026884857088146 0.3046984436497688