0 0.4444910807974817 0.3712145748987854 0.11857292759706191 0.10393724696356275
0 0.7657607555089192 0.3509210526315789 0.07825813221406086 0.07880566801619433
0 0.9434942287513116 0.4854048582995951 0.06244491080797481 0.10917004048582996
0 0.8391500524658972 0.4601821862348178 0.11051416579223504 0.10181174089068826
0 0.6591080797481637 0.6143623481781376 0.06092339979013641 0.07197368421052631
0 0.54700944386149 0.7143724696356275 0.08237145855194124 0.06950404858299596
0 0.7946799580272823 0.5659615384615384 0.08416579223504721 0.09364372469635628
0 0.4454039874081847 0.812085020242915 0.08013641133263379 0.07541497975708503
0 0.7554459601259182 0.7157692307692307 0.1865897166841553 0.2034412955465587
0 0.4441762854144806 0.615748987854251 0.13128016789087094 0.1695344129554656
0 0.54598111227702 0.5804655870445344 0.05438614900314795 0.05611336032388664
0 0.6462119622245541 0.4217105263157894 0.2495068205666317 0.15195344129554655
0 0.7389192025183631 0.5384716599190283 0.11781741867785939 0.13797570850202429
0 0.8087827911857293 0.24950404858299594 0.24412381951731374 0.25775303643724695
0 0.5124658971668415 0.11834008097165992 0.30161594963273874 0.11874493927125505
0 0.25660020986358867 0.3064676113360324 0.23850996852046172 0.31332995951417003
0 0.23593913955928647 0.53 0.11457502623294859 0.08202429149797572
0 0.4279328436516264 0.43510121457489875 0.07647429171038825 0.07102226720647774
0 0.3452151101783841 0.4689574898785425 0.24975865687303253 0.1585323886639676