0 0.43175025588536337 0.41659638554216866 0.059651995905834185 0.06496987951807229
0 0.578618219037871 0.7489759036144579 0.1055885363357216 0.09778112449799196
0 0.6073899692937563 0.6858333333333334 0.06594677584442171 0.054106425702811246
0 0.6292221084953941 0.6386546184738956 0.06426816786079836 0.05296184738955823
0 0.7866734902763562 0.4620783132530121 0.10060388945752304 0.11287148594377511
0 0.3119549641760491 0.46728915662650605 0.05597748208802456 0.05973895582329317
0 0.43426816786079836 0.7500903614457831 0.09890481064483111 0.08731927710843373
0 0.5453633572159673 0.6406927710843373 0.08875127942681678 0.11846385542168675
0 0.6677891504605936 0.457570281124498 0.06150460593654043 0.05937751004016064
0 0.7576970317297851 0.5483333333333333 0.12794268167860798 0.1297991967871486
0 0.4762128966223132 0.25600401606425705 0.10787103377686796 0.11166666666666666
0 0.4897645854657114 0.3748895582329317 0.07904810644831116 0.13169678714859437
0 0.6278607983623337 0.23926706827309238 0.05939611054247697 0.054879518072289156