0 0.45466738197424894 0.37084093211752783 0.106931330472103 0.09149949341438704
0 0.7799785407725323 0.34398176291793314 0.0651824034334764 0.05971631205673759
0 0.8483261802575107 0.45188449848024315 0.11244635193133047 0.08096251266464032
0 0.805450643776824 0.5631104356636271 0.07069742489270386 0.07913880445795339
0 0.7440021459227467 0.20964539007092198 0.07888412017167382 0.07493414387031408
0 0.7704935622317597 0.16613981762917931 0.06645922746781116 0.06839918946301926
0 0.7686695278969957 0.24941236068895642 0.07272532188841202 0.0794630192502533
0 0.8105579399141631 0.28102330293819655 0.07142703862660943 0.10605876393110436
0 0.886480686695279 0.30346504559270515 0.1019098712446352 0.10797365754812563
0 0.8357618025751072 0.18646403242147921 0.08641630901287554 0.0874468085106383
0 0.9674678111587982 0.48019250253292806 0.040236051502145924 0.08266464032421479
0 0.6821995708154506 0.3862613981762918 0.05435622317596566 0.059503546099290774
0 0.5582403433476395 0.3791691995947315 0.06013948497854077 0.06404255319148937
0 0.4347317596566524 0.43137791286727456 0.06876609442060086 0.05617021276595745
0 0.502156652360515 0.12339412360688957 0.31166309012875537 0.13498480243161093
0 0.6644957081545064 0.6073961499493414 0.06256437768240343 0.0638500506585613
0 0.5671995708154507 0.7465349544072949 0.31388412017167383 0.17813576494427558
0 0.7728326180257511 0.706950354609929 0.16074034334763948 0.17685916919959474
0 0.4525 0.6174873353596758 0.13999999999999999 0.1626241134751773
0 0.23109442060085836 0.5202330293819656 0.10917381974248927 0.07714285714285714
0 0.3816952789699571 0.4616413373860182 0.16877682403433478 0.13092198581560283
0 0.32574034334763946 0.6864842958459979 0.26378755364806866 0.24978723404255318
0 0.254549356223176 0.29965552178318133 0.23791845493562233 0.3018844984802431