0 0.41220691703474216 0.4488924465363828 0.059422739957286266 0.07027507407096717
0 0.39098633348326906 0.7602582500104346 0.08911453767271114 0.07956884378708409
0 0.5489255630215131 0.7630811939097576 0.2159222127903232 0.15940388602313627
0 0.3672554108557075 0.20648389622408134 0.18336517000554892 0.13140427620455183
0 0.30596675990612154 0.6644697048828968 0.06537035523976496 0.06221039976139223
0 0.7930357494045001 0.5039845773500685 0.09946501604583768 0.12747709032531815
0 0.35986982241065485 0.1317936350386957 0.07649320970880703 0.0780998487209341
0 0.415050759592495 0.12627257872573838 0.0701611899210038 0.07684775284417379
0 0.5862697799907692 0.06092864095330425 0.08417242880787983 0.08663447127418694
0 0.6554753092763606 0.08335132050201326 0.08094235149642381 0.08445562830475087
0 0.6573083882000574 0.2926171510455769 0.06113477151066193 0.06103060361442846
0 0.6427481174073888 0.2522872048003617 0.05437563560583094 0.04942654086396212
0 0.653354865450732 0.19816777813790418 0.05362639885840005 0.056636767810657976
0 0.2670900887204845 0.26214134130428673 0.10400314814212624 0.08525092533251322
0 0.2647008904262082 0.2058857962346313 0.06847229771611255 0.06128365266871644