0 0.4471800658219868 0.6026003181344447 0.07618781277603212 0.08086382092175934
0 0.5143480023095779 0.23610467331405136 0.1313162738527012 0.1237669856885649
0 0.5587129458751123 0.29489909827592636 0.08018701385506018 0.07054413449824075
0 0.5926470469597785 0.33887986182699126 0.07910073438759137 0.0694782227707871
0 0.794101583901345 0.48975573233044045 0.12953904839301736 0.13830182890032414
0 0.31386596660872895 0.5735280188693984 0.0717932782217505 0.07451684067861114
0 0.3685553747757492 0.2624463549254401 0.12255191308634124 0.11211469186893529
0 0.5075735506800664 0.35307396776696803 0.12008374163444216 0.14225029001990752
0 0.6753790200617839 0.5167156629918986 0.07710113384807746 0.07463806598254633
0 0.7443912784014393 0.4068938712616904 0.16192976567945278 0.16194584739060194
0 0.5315039518171509 0.7580887760875931 0.1369700462698751 0.13847154432583342
0 0.5158371597628691 0.6343603353581486 0.11289982717961805 0.1524972412610649
0 0.6882582073944805 0.746572878417408 0.07381758710346782 0.07039866413351868