0 0.5926577972410182 0.5866402921186618 0.126471802501824 0.13058216091883937
0 0.6997998204319603 0.2781741330898795 0.08115804632668751 0.08048632411775142
0 0.5978350744028423 0.1833268579733619 0.11626099399368772 0.13233837393165704
0 0.4653885953922324 0.1959863872233924 0.10411601396262601 0.09104002040945912
0 0.8381286314847018 0.3480574583604605 0.10197727302241806 0.0984792744362022
0 0.8925270665347282 0.33400958382745993 0.09146825725468827 0.0841064551909553
0 0.8011495648335749 0.3138159024898954 0.10415577493057177 0.09319055804386771
0 0.77583834659816 0.26495872164690454 0.13498700529470956 0.09867460717745813
0 0.7698963731041099 0.18564167357790595 0.1435163239940149 0.12908883098708265
0 0.8858267523609309 0.26488568259848044 0.11696257551029278 0.10872627380000587
0 0.5936582883179482 0.0701826560092713 0.0952487270357811 0.04234622670736137
0 0.6304417279555852 0.36158871457903813 0.07868133715894025 0.0696460082520214
0 0.6088032257525318 0.48396215875259196 0.08449538088282334 0.07631669038946443
0 0.5213440638446248 0.5908911740027739 0.07778095080260593 0.08250542021162957
0 0.8749588900434946 0.6061082766734722 0.2225837416773073 0.3427332330507935
0 0.3838656424008224 0.32089831411508435 0.0856740940147782 0.07851104187071659
0 0.20783371594506256 0.3792266520654746 0.27179725053737386 0.3575204542715135
0 0.3002504718528976 0.1890957450224897 0.23370646569688366 0.2056245906107644
0 0.32197196935554495 0.5245777864206919 0.21390690826132458 0.18122384123593102
0 0.3756550025200094 0.7649843356204606 0.11164554388573265 0.12893731209267043
0 0.4760899491214071 0.6343437242984599 0.1846718811925731 0.2005147887448832
0 0.21631939354945157 0.6291928768955721 0.3395180853747603 0.3268159517487875
0 0.6228999665766413 0.8003202989218148 0.3905124864635225 0.3148090802330869