10 0.6195632400370298 0.1500028899491605 0.1069520221301033 0.11359184647208041
10 0.5166916773431504 0.1758920849009128 0.09299853375801027 0.11295089580399215
10 0.34666484196418873 0.254057603298078 0.09446602084686531 0.11873825331379462
10 0.24338728513939747 0.24392977015016917 0.09282066033449067 0.08777495056150103
10 0.42356471427350656 0.5313747086475366 0.11074509061430718 0.11948602909323094
10 0.5736528478132801 0.6428833804598392 0.09000262030206449 0.10022939179356172
10 0.7226588448887344 0.43641260743554766 0.14477071723804594 0.12676893816190607
10 0.5030585844574254 0.508847342790916 0.07030106213102404 0.07873258906791475
10 0.48348712463162646 0.42966707082443545 0.09019038254796136 0.0819341804960246
10 0.46993301694564865 0.30273481807166663 0.09176491495972262 0.1552218507975206
10 0.4122151125983918 0.27564234464957393 0.07097139419162124 0.09134726796699733
10 0.31699643642396624 0.5831734810042148 0.16905755451035914 0.16906818038943738
10 0.4046619801643321 0.7015534860129676 0.09238914097564943 0.1014830058957352
10 0.3423481047214387 0.7827791596682284 0.09881743165757106 0.09148238031234818
10 0.6757857225515435 0.5981522859929739 0.08101487993422662 0.062064879762269584
10 0.8462267718501862 0.4576202989849938 0.10977006216252962 0.10113740524001993
10 0.30926202980953543 0.3467228796275929 0.14525823146393446 0.13594325008851157
10 0.1633614637185277 0.4838396249847672 0.07862835926064189 0.06081126566009597
10 0.5668267827892158 0.49848223006631476 0.10572334774300422 0.13412722319559475
10 0.5388127607221235 0.567264444194185 0.07574937994997955 0.07211891790133076
10 0.8223228756864496 0.56911333121262 0.08890571329381473 0.07958718995869907
10 0.43422093086568936 0.8328985134450156 0.18699681802374132 0.13557252411112508
10 0.11693463128410843 0.3206657122049713 0.12083962681277169 0.134821586419357
10 0.5366889089446157 0.3780316980471108 0.12787731027705426 0.13628885074422684
10 0.7364204924653636 0.6685823845659096 0.20017947976749215 0.29633663304941754
10 0.13862252627063223 0.5564753629135051 0.13161438389421054 0.11930066610453763