10 0.5492556859738804 0.7321809280796655 0.14962646220161457 0.15468682824386354
10 0.8221542117434347 0.6218245261627686 0.14965098991100806 0.12856839170612458
10 0.8025362322861348 0.5110556982627686 0.135729090568411 0.11410291991934156
10 0.32706744423700695 0.5775136079500118 0.11708731982055799 0.14632628086661836
10 0.465287591799328 0.5716336845673683 0.16833425385688391 0.15076055307179873
10 0.4594905897683097 0.45891394084008674 0.12919824682695902 0.11721876790394581
10 0.4830238268709929 0.837821427976809 0.20330124340317576 0.13741067101011867
10 0.29232590570918915 0.45073451682411014 0.10042443426427339 0.09261976849339155
10 0.17398030852115906 0.4665193236259016 0.19163927837044153 0.23073762785436952
10 0.7439935424074964 0.26651590930685004 0.1066591044459023 0.10908640933410803
10 0.6342038689844419 0.3409847968047683 0.15080737533052394 0.12968307063679507
10 0.7461978291094488 0.3596911956767121 0.11777021555701342 0.10933995245344955
10 0.6688426445488433 0.15755945931292611 0.15391433712183294 0.12431251047891566
10 0.22327002448847835 0.729261157598378 0.10795131279063318 0.11346906212098774