10 0.5725498339874597 0.6583116736358139 0.08640042351742777 0.10771981488417288
10 0.6153728861836337 0.31747415848349253 0.08921318860946079 0.09575412528408035
10 0.7463525871987796 0.22540996291289672 0.11358253766359334 0.11728936061439549
10 0.6536661418279358 0.0775457409498539 0.1021539636304196 0.09723347214686784
10 0.6526557162419819 0.18547036532420008 0.11063323411703736 0.15663542628001598
10 0.530663867526769 0.5012724951736369 0.0902884574266651 0.09578602992030683
10 0.4398736119080034 0.6430792520366646 0.2145212680262747 0.1476687724852089
10 0.6618910188516849 0.6529223607588436 0.13257554263170415 0.13866507276357828
10 0.7031608720592861 0.5613292198570153 0.09647722582834029 0.08830201914117415
10 0.45125611731718024 0.5145823982169823 0.10197987596138945 0.12351735698432564
10 0.3329082781974456 0.504401720169127 0.14929170391837882 0.1249211609782891
10 0.3557501004428194 0.19811376422094396 0.08806282136324198 0.09352923819171353
10 0.15457924559134145 0.25392242511814206 0.20090803314019626 0.22065511522251413
10 0.25494103375236965 0.6168005084898042 0.1959925120357569 0.17121729605067684
10 0.1757586016200936 0.45100957124292124 0.21147640123571412 0.3096942371497834
10 0.4354753059777142 0.22258495159168004 0.0777846145762873 0.07569823681655277
10 0.5163867149753295 0.290836026494657 0.07678444418809738 0.07785931463646664
10 0.6886874312355519 0.4193596436599686 0.2661375972480924 0.24340272672943405
10 0.33864309839982976 0.10168047862503585 0.19067760797524383 0.14148441434787637
10 0.37104962398571323 0.31596053340044694 0.08334870473484501 0.08134021613803585