10 0.6536458333333334 0.3818789808917198 0.09167708333333334 0.06899150743099787
10 0.32965625000000004 0.39722929936305734 0.07934375 0.07423566878980893
10 0.22958333333333333 0.2838322717622081 0.09620833333333333 0.09599787685774948
10 0.10054166666666667 0.3996284501061571 0.07817708333333333 0.08686836518046709
10 0.2021666666666667 0.38257961783439487 0.13530208333333332 0.08618895966029724
10 0.5110208333333334 0.4488853503184714 0.07913541666666667 0.07579617834394906
10 0.6537916666666667 0.5147558386411889 0.10966666666666666 0.1936836518046709
10 0.6389166666666667 0.2946709129511677 0.11405208333333333 0.11180467091295115
10 0.5491770833333334 0.2695435244161359 0.0709375 0.08307855626326964
10 0.53196875 0.5248726114649681 0.10372916666666666 0.08294055201698514
10 0.5348958333333333 0.6431953290870488 0.09781250000000001 0.13056263269639065
10 0.24586458333333333 0.6718895966029723 0.07690625 0.07361995753715499
10 0.31928125 0.8605095541401274 0.18342708333333332 0.16708067940552015
10 0.6487604166666666 0.7005838641188961 0.13511458333333334 0.1701380042462845
10 0.5019375 0.8063906581740977 0.26835416666666667 0.16256900212314224
10 0.26003125 0.5897133757961783 0.06107291666666667 0.06583864118895966
10 0.315875 0.49898089171974525 0.06331250000000001 0.06442675159235668
10 0.4172083333333333 0.3075902335456476 0.19491666666666668 0.22962845010615712
10 0.15751041666666668 0.705276008492569 0.10761458333333333 0.16975583864118896
10 0.35460416666666666 0.637303609341826 0.065875 0.07099787685774947