10 0.3963736892934648 0.3534686003194987 0.07891645166848113 0.10179134407889147
10 0.44308839169707 0.6923384737990674 0.08271921863506729 0.08996093348844145
10 0.33884407485851287 0.7990438571286836 0.10594480420101476 0.10927829313912432
10 0.46765363754866324 0.9319777883664798 0.09552355816658291 0.08932808951665627
10 0.4409597685069442 0.8260591215262546 0.10006432718804176 0.1493170236549824
10 0.47767958667552984 0.5015752607216427 0.08378988244663045 0.08999897354235409
10 0.5304584272975669 0.35116201706374095 0.20518752038794738 0.13129649661759993
10 0.3104570053908326 0.37053986139920286 0.1238170707091464 0.12840545252024413
10 0.29393168610484327 0.46513300451429745 0.08986485565807015 0.0815126169159385
10 0.5521361695205367 0.4786579559821746 0.09340222191295365 0.11644708482332793
10 0.6711225486446484 0.47309550042479975 0.14140758860432667 0.11380158877444854
10 0.7275741169198037 0.7747830951240453 0.0815613024090193 0.08774424419705616
10 0.9084936486620986 0.6947817372883355 0.18301270267580272 0.2067503787969829
10 0.7176282763885307 0.35291706571412856 0.18482127313050173 0.15667948638902165
10 0.8375653234013546 0.5045718172945982 0.18933476384596704 0.29607499753336625
10 0.643112558743292 0.7614483670139122 0.07229797260063556 0.0700107298659734
10 0.5467782722744763 0.7052685982608907 0.07131456120355693 0.07215133904953364
10 0.34486636089795797 0.6023706218382618 0.24953734663571017 0.2242452866401343
10 0.7692254705350374 0.86709212270243 0.18150203791183045 0.12719164157531415
10 0.6824172058380563 0.661681799654888 0.077825796487421 0.07455822861048202