10 0.7154993524086312 0.46340363740000057 0.17789696036784342 0.16052774067465847
10 0.5990248979931446 0.1768312875953859 0.1507101991385287 0.15990670709904625
10 0.47931545275233634 0.19615940422562556 0.1335837658870242 0.14560757297262192
10 0.5456528720416731 0.6929235938881934 0.16709209917185794 0.12782913038829616
10 0.540395913197686 0.5488155718993559 0.17521781591885904 0.18132840682887363
10 0.41774242063956696 0.5535615240573606 0.13565884713361237 0.13870101904769283
10 0.8291360912990143 0.5333486640218362 0.16366037658899177 0.2158341749937097
10 0.406947615588215 0.7280744871953343 0.10721981779948153 0.10791757247904113
10 0.422503711970473 0.8520968967327149 0.2636997124068646 0.20768846381067307
10 0.21248202690595028 0.2539296823666153 0.12523929920064758 0.11528315122072715
10 0.2922773058642101 0.36954938187058545 0.1519403963933331 0.1610938013662801
10 0.3142813657152803 0.25277152948793535 0.1269029738763498 0.12691108075478227
10 0.09391047306204445 0.3313434437475123 0.1461747233823322 0.16443907248950773
10 0.7084794527320681 0.8034728387342619 0.13001559574623203 0.11655124986738857