10 0.7859468085106383 0.35569327731092437 0.09804255319148936 0.08771008403361344
10 0.7697765957446809 0.4480882352941176 0.0993191489361702 0.0758718487394958
10 0.7095319148936171 0.6002836134453782 0.10455319148936171 0.07680672268907564
10 0.7264893617021276 0.6937184873949579 0.07492553191489362 0.0782563025210084
10 0.4456702127659575 0.5263550420168067 0.10320212765957447 0.09190126050420168
10 0.3309255319148936 0.38925420168067226 0.0871063829787234 0.07334033613445377
10 0.5117553191489361 0.2575 0.1073404255319149 0.12169117647058823
10 0.4606063829787234 0.45468487394957985 0.06763829787234042 0.05810924369747899
10 0.5354574468085106 0.4734873949579832 0.07004255319148936 0.07563025210084033
10 0.6553936170212766 0.4881197478991597 0.1385531914893617 0.07161764705882354
10 0.684595744680851 0.5404936974789916 0.08029787234042554 0.05680672268907563
10 0.4051382978723404 0.6216596638655463 0.14447872340425533 0.13922268907563023
10 0.2885851063829787 0.5405672268907563 0.08778723404255319 0.07536764705882353
10 0.21740425531914895 0.5954411764705883 0.07732978723404255 0.08176470588235295
10 0.36469148936170215 0.29701680672268904 0.052223404255319156 0.06867647058823528
10 0.4828510638297872 0.14542016806722688 0.08652127659574468 0.09137605042016807
10 0.6258297872340425 0.6322794117647058 0.11641489361702129 0.12114495798319327
10 0.5093404255319148 0.7623214285714286 0.05128723404255319 0.06655462184873949
10 0.46553191489361706 0.3977521008403362 0.11731914893617021 0.08472689075630252
10 0.4036276595744681 0.42197478991596643 0.06179787234042554 0.06293067226890756
10 0.3809787234042553 0.16522058823529412 0.06772340425531914 0.07478991596638655
10 0.16458510638297874 0.5120378151260504 0.11292553191489363 0.15877100840336136
10 0.6647659574468086 0.8064705882352942 0.11745744680851064 0.0986764705882353
10 0.5797765957446809 0.4263235294117647 0.11819148936170212 0.10533613445378151
10 0.29448936170212764 0.2413655462184874 0.26176595744680853 0.1590441176470588
10 0.4438085106382979 0.7837394957983194 0.10077659574468086 0.11046218487394957