10 0.515144385026738 0.26105042016806723 0.1329090909090909 0.14227941176470588
10 0.7856256684491978 0.3522689075630252 0.13506951871657755 0.11634453781512606
10 0.7750909090909092 0.4594642857142857 0.12254545454545454 0.10256302521008404
10 0.31332620320855614 0.4215231092436975 0.10286631016042781 0.13502100840336134
10 0.446524064171123 0.42024159663865546 0.15148663101604276 0.1361449579831933
10 0.44928342245989306 0.5289180672268907 0.11708021390374332 0.10563025210084034
10 0.44380748663101605 0.16332983193277312 0.18624598930481281 0.12199579831932773
10 0.28904812834224597 0.545514705882353 0.08998930481283422 0.08430672268907563
10 0.17419251336898398 0.537405462184874 0.16814973262032085 0.21375000000000002
10 0.7367486631016043 0.6979936974789916 0.0955187165775401 0.09976890756302521
10 0.6254010695187165 0.6323529411764706 0.1356470588235294 0.11784663865546219
10 0.7320106951871658 0.6084138655462186 0.10544385026737968 0.09946428571428571
10 0.672951871657754 0.8068487394957983 0.1390909090909091 0.11281512605042017
10 0.20218181818181818 0.2821008403361345 0.09583957219251336 0.10373949579831933