10 0.7445023538481448 0.7339501968663406 0.11514904827710476 0.12411943902317371
10 0.6456425541083107 0.742860802242692 0.1018027864330803 0.12139031344118548
10 0.4743892293795985 0.7256184986735245 0.10405732993202997 0.12696212676917784
10 0.3823964882221418 0.7682522605571276 0.09832723948214582 0.09713347064218014
10 0.48716912807257523 0.44269118572578614 0.11962581399827665 0.12978060953880693
10 0.6001853424898208 0.2900853140696984 0.09728723517983529 0.10915019555713132
10 0.7794075109331612 0.43368194362113704 0.15191914302929946 0.14313769226837697
10 0.5638228662285509 0.43741538029602267 0.07604037470646846 0.08527498648506568
10 0.5626280902021061 0.5175262578358764 0.09496804912743048 0.09261346994843733
10 0.576688652261809 0.6403453778679237 0.10758459092572846 0.15999089939274508
10 0.5297120717427158 0.6839108847719668 0.07721612837103471 0.09628457735958805
10 0.37872590239836823 0.4284069977461042 0.17882498714374973 0.1847801539586685
10 0.4345910014021922 0.2901634771805505 0.09951592165740294 0.11033604397284273
10 0.3609118304078743 0.23444998367095743 0.10279754094797226 0.10169814992974317
10 0.7030374592040718 0.29856219326409755 0.08262300605364342 0.0712886720830771
10 0.8879731870547749 0.374478880023207 0.11507794146830394 0.11205803551440166
10 0.42115895372763534 0.6509863459150919 0.153075503927829 0.15085780945868896
10 0.25954039857190203 0.5713901806155739 0.08039431957607589 0.07010282366736581
10 0.6243299398690152 0.4267567127222722 0.1163635874737439 0.141707977266117
10 0.5845525862742771 0.3718735045572904 0.08045249787418546 0.07997124471999727
10 0.8429501917569076 0.27813005886375136 0.0938375452502828 0.0892793176704062
10 0.43381529076073144 0.15858452981212948 0.19088560298233434 0.15785933778894104
10 0.25107528881230173 0.7378883697156808 0.12971631357311367 0.14553359407617494
10 0.6217109067513602 0.5480530292054885 0.13640237300581678 0.14909113932330928
10 0.7436572869089246 0.213575751959401 0.22621565040911315 0.30946367244299444
10 0.2214006224947759 0.5115057440335453 0.13852763139785648 0.13273312808989787