2 0.30485660928218233 0.4265685259001618 0.04545978269308339 0.049952380825601966
2 0.2501556190306466 0.4668432789395137 0.07024064131402388 0.057801683890370485
2 0.29444604090006227 0.6880511042942821 0.04744306299375824 0.045834204280509286
2 0.23012817925611082 0.6546463421993517 0.03199648434462755 0.030911440096157605
2 0.22235074487174544 0.6189149252160414 0.04633973594739171 0.04476829255305574
2 0.09042025815098578 0.6442929010261804 0.04542255372774028 0.0489107141589353
2 0.06662596711163511 0.6245380374242823 0.04560869855445536 0.05411904749226863
2 0.16472730343667885 0.5770313594230554 0.06292687060823177 0.06179863513152786
2 0.19269631116319472 0.5097828112974998 0.06689343120958145 0.05356228204134273
2 0.12907055955862212 0.5315257698839351 0.0460791331899906 0.037476625886388844
2 0.10487689503799337 0.5825557494937962 0.046600338704792785 0.052059959219722174
2 0.07872196147579018 0.5394361210742591 0.04086032968090235 0.040480400582453765
2 0.07488062968439348 0.4978906797115277 0.04862084797081068 0.04898344934129639