2 0.43256050784416006 0.6787242466233894 0.05612284614418433 0.04945920100121195
2 0.4772853235586935 0.7328136612026702 0.06549657542965939 0.0752107122356522
2 0.716739023341171 0.6745734200279058 0.051614084360667396 0.0515170737025759
2 0.6813207813964013 0.7436385931811156 0.03440938957377843 0.03434471580171743
2 0.6432003975399099 0.7539595602408793 0.0504671047082083 0.050372249842518715
2 0.6733435035529555 0.8894438318623051 0.05498905929611177 0.049420571831420256
2 0.6520518195583318 0.9152778647875294 0.06067118634086136 0.050719912370644465
2 0.5987910176368799 0.8160785318941622 0.06880558634317008 0.06758323691316913
2 0.5248050279802482 0.790318232777227 0.05978806277613648 0.07169898231589701
2 0.5495500494074512 0.8553466811329398 0.041396809923627806 0.05006321648418466
2 0.6054284315058888 0.8777234268075432 0.05840361264471624 0.05064265403106082
2 0.5597075590601582 0.9071517113433066 0.044719013641525154 0.04354193585196708
2 0.5142637355065487 0.9133499073834948 0.055028637709272 0.052739155902216714