2 0.32411273486430064 0.5834760448521916 0.03786012526096034 0.04422018348623853
2 0.26754697286012524 0.5519062181447502 0.061544885177453025 0.047869520897043834
2 0.29121085594989565 0.3295718654434251 0.040469728601252614 0.03996941896024465
2 0.231482254697286 0.37166156982670745 0.027118997912317328 0.026809378185524976
2 0.22686847599164928 0.40739041794087666 0.040073068893528185 0.03839959225280326
2 0.0969206680584551 0.4003873598369011 0.03790187891440501 0.04325178389398573
2 0.07586638830897705 0.4234658511722732 0.037766179540709814 0.048409785932721716
2 0.1746659707724426 0.45618756371049946 0.05344467640918581 0.05334352701325178
2 0.20806889352818372 0.5177268093781855 0.058277661795407096 0.04365953109072375
2 0.1445198329853862 0.5053822629969419 0.04113778705636743 0.03067278287461774
2 0.11651356993736953 0.4594393476044852 0.03910229645093946 0.046167176350662587
2 0.09517745302713988 0.5043934760448522 0.03441544885177453 0.0345565749235474
2 0.09478079331941544 0.5457288481141692 0.04035490605427974 0.04287461773700306