2 0.4974057231474204 0.2722523045585029 0.19069498237307436 0.12453099025053838
2 0.35352992391226346 0.4648479683108678 0.15151737223162953 0.15663765329257148
2 0.29322890295104426 0.3783981404944731 0.11148426004550042 0.10615751057091218
2 0.45834754219347307 0.631930127259689 0.15194376886527486 0.1287718775717974
2 0.3004687631191751 0.7335171350993676 0.16789112028692113 0.11851056364859741
2 0.4332873749867777 0.8290329509972864 0.141445353088793 0.09522909511026668
2 0.802988988555844 0.5561148333375469 0.11994852494917212 0.14500265992463485
2 0.7241395673769142 0.3919278768326361 0.08950895888423342 0.08943869022244616
2 0.6051852399104395 0.35846636975954865 0.09254761755934732 0.08094865919746279
2 0.647127729554164 0.44438545779047683 0.12617665390861535 0.13446036611501158
2 0.8456922348620595 0.3750694693121986 0.0983996204215502 0.10041806385539474
2 0.17945198927139472 0.5429136168056338 0.06085309393587717 0.06394885896257325
2 0.24822668253009403 0.5073736579229989 0.09639060481694271 0.10679339212097728
2 0.6829986975382771 0.20202519554496484 0.10939983863628513 0.10931395471632303