2 0.39758528611703753 0.7765132551303277 0.21982003266498676 0.16858347408242128
2 0.2940068023171492 0.5423217053206779 0.18727326756208715 0.19344796035903844
2 0.21550268227702968 0.612650165419074 0.13502340147551253 0.1331837141642082
2 0.4342155098591766 0.4024562300360305 0.18179565594737138 0.16439071965268348
2 0.2973656846038355 0.25594205268686615 0.19491569457857416 0.1573274085123248
2 0.45041274591967995 0.19615829459729917 0.16380741417980893 0.12804247498611407
2 0.7635805681975196 0.5750973983119866 0.15205146810687736 0.173908446880353
2 0.6495021040441872 0.7190998833673118 0.10972932265816533 0.11084117409300315
2 0.5236907368547938 0.7197696448203694 0.11057257557508228 0.10313874369309534
2 0.583916087579312 0.6446022397572614 0.1562039612364153 0.16527167428293857
2 0.767920819691877 0.7696917195900691 0.12131875174790759 0.1236173135529041
2 0.1358081223175542 0.414688299682449 0.07515590575440524 0.0780559929638556
2 0.19759241231073263 0.47010652963714233 0.12043652475789703 0.13021109650270105
2 0.5688136579106713 0.8992715936529857 0.1339852781931281 0.1353429073135617