2 0.50828141783029 0.26010672358591247 0.1873361976369495 0.11893276414087513
2 0.6556068743286788 0.4558271077908218 0.14686358754027926 0.15178228388473852
2 0.7135338345864661 0.37145144076840986 0.10804511278195489 0.10256136606189967
2 0.5551772287862513 0.6191675560298826 0.14851772287862514 0.12413020277481324
2 0.7149946294307197 0.7246958377801493 0.16399570354457574 0.11320170757737459
2 0.5847046186895811 0.8160405549626467 0.13824919441460795 0.09099252934898613
2 0.21029001074113857 0.5334791889007471 0.11552094522019334 0.14059765208110994
2 0.28510204081632656 0.37267876200640343 0.08699248120300751 0.08681963713980789
2 0.4026530612244898 0.3423906083244397 0.09027926960257787 0.07814300960512273
2 0.3632438238453276 0.42689434364994666 0.1224812030075188 0.1303521878335112
2 0.1636734693877551 0.35208110992529346 0.09553168635875403 0.0975240128068303
2 0.8309667024704619 0.5385592315901814 0.05885069817400644 0.06173959445037353
2 0.7615896885069817 0.5011205976520812 0.09312567132116005 0.10364994663820705
2 0.321578947368421 0.18443970117395944 0.1065735767991407 0.10584845250800427