9 0.6541009024780005 0.6802059967393899 0.038151263072997904 0.03242270133343352
9 0.7387179413243299 0.6495665765742749 0.03817057177313982 0.03354882745955965
9 0.8185585892391543 0.5338260012570577 0.0350450747037616 0.04473145609124136
9 0.8513638547264631 0.4479268267176684 0.032890611423656145 0.04805741271656652
9 0.788011472529132 0.42897785180070136 0.030407900241139495 0.03223922519774781
9 0.8438478536909252 0.6222273729402159 0.02707000747020111 0.031034466442041865
9 0.6661475930878888 0.7379005379370877 0.022529376508288373 0.024172866179179204
9 0.6436857970300971 0.7176691131993499 0.02474176588881935 0.02422528793223241
9 0.6408390199359761 0.6483730401278033 0.026896229168924802 0.020899331306906986
9 0.6322239662066447 0.6295953774727734 0.025847960579084835 0.02425149880875876
9 0.6230365064320388 0.6096784832533538 0.022490759108004528 0.02192061392692695
9 0.5845666498067005 0.5586747008388393 0.023577645098128343 0.0208206986773273
9 0.5334512458295856 0.6407630175371627 0.02928239685073221 0.031086888195095076
9 0.48889451901669684 0.6216965644580835 0.029263088150590286 0.02996076206896895
9 0.507830934084313 0.5652989908661916 0.03811264567271431 0.030170449081181272
9 0.49772631105296994 0.49189110565578126 0.03832504137427446 0.04255783646856866
9 0.5082117963424603 0.4262879414809313 0.03048513504170681 0.03674372970225231
9 0.5180476407861087 0.3550410412371876 0.029340322951157603 0.03446526657347345
9 0.4428276580248551 0.4500662321654408 0.031649255832397694 0.04014831895715717
9 0.4089439047206939 0.4408208544854358 0.030330665440572176 0.0277347206932433
9 0.4443695546451113 0.5722378114118621 0.030407900241139495 0.03223922519774781
9 0.4230152094543844 0.6488401280827081 0.024857618089670137 0.030982044688989168
9 0.476657253758989 0.7463558230632387 0.025905886679510104 0.027629877187137396
9 0.5167546399784222 0.8277912217596851 0.02251006780814645 0.023046740053053075
9 0.6178954755139463 0.9224925429894149 0.02926308815059041 0.02996076206896895
9 0.5771951769847349 0.9671177432277783 0.02588657797936843 0.02650375106101101
9 0.2964334392570451 0.42464693700447975 0.026973463969491993 0.02540383581141149
9 0.31433809504387256 0.40480914619689723 0.021423181818022764 0.024146655302652597
9 0.286957605157111 0.4846456814252254 0.03599679979289245 0.035748657958758694
9 0.2667122540477401 0.5291927198162665 0.019191483737349992 0.022968107423473518
9 0.2353305206262375 0.5368916557812065 0.026992772669633857 0.026529961937537618
9 0.2663507004897347 0.669329895327653 0.03155271233168864 0.034517688326526665
9 0.22306023675042702 0.5951356838214467 0.03256236352124495 0.02891326857242238
9 0.21900917825104033 0.6490717889311314 0.02247145040786273 0.020794487800800825
9 0.19120823956653993 0.5431630405399651 0.02136525571759724 0.020768276924274347
9 0.29509216669900395 0.894581802211662 0.02922447075030669 0.027708509816716697
9 0.4085353355891334 0.674950245213564 0.028118276060041077 0.027682298940190093
9 0.39110934173796175 0.658215147798574 0.02375142339940465 0.030955833812462565
9 0.6818358039262955 0.6532842840007264 0.030349974140713974 0.028860846819369426
9 0.6985473758722193 0.6283527147490496 0.028176202160466596 0.031060677318568472
9 0.725555401674105 0.5912827614369875 0.02588657797936843 0.026503751061011268
9 0.7458200614836178 0.5478618491720727 0.020220443627048033 0.01848981379549549
9 0.7122383924227457 0.5239899372906913 0.03149478623126331 0.031139309948148158