9 0.5293139293139293 0.24122751322751323 0.05101871101871102 0.0525079365079365
9 0.7294594594594594 0.34495238095238095 0.05363825363825364 0.05276190476190476
9 0.6461954261954261 0.4753650793650794 0.05411642411642412 0.05255026455026455
9 0.5783367983367983 0.49791534391534387 0.046621621621621624 0.04612698412698413
9 0.6041891891891892 0.534962962962963 0.04002079002079002 0.039523809523809524
9 0.6033575883575883 0.6512169312169311 0.04098752598752599 0.0418941798941799
9 0.6247089397089397 0.6898941798941799 0.058014553014553015 0.06602116402116402
9 0.45773388773388773 0.5904021164021164 0.04276507276507276 0.04561904761904762
9 0.4521205821205821 0.5311428571428571 0.04555093555093555 0.04389417989417989
9 0.44756756756756755 0.45880423280423277 0.0432016632016632 0.04347089947089947
9 0.5216943866943867 0.5225714285714286 0.05817047817047817 0.05423280423280423
9 0.2954781704781705 0.5935661375661375 0.051112266112266116 0.05024338624338624
9 0.2023284823284823 0.5719047619047619 0.07737006237006237 0.058433862433862435
9 0.1843866943866944 0.42017989417989415 0.04318087318087318 0.046941798941798944
9 0.27977130977130976 0.412063492063492 0.06355509355509356 0.09424338624338624
9 0.33653846153846156 0.3291746031746032 0.04214137214137214 0.043544973544973546
9 0.34649688149688146 0.22640211640211638 0.046871101871101876 0.04408465608465608
9 0.42748440748440747 0.23169312169312167 0.05869022869022869 0.049502645502645506
9 0.4801975051975052 0.24794708994708994 0.039999999999999994 0.044243386243386244
9 0.49508316008316006 0.18105820105820106 0.06062370062370062 0.05128042328042328
9 0.3796985446985447 0.42765079365079367 0.07737006237006237 0.04642328042328042
9 0.3240540540540541 0.4131640211640212 0.037411642411642416 0.04492063492063492
9 0.342983367983368 0.3855343915343915 0.03816008316008316 0.041195767195767195
9 0.3713825363825364 0.36083597883597884 0.04940748440748441 0.04241269841269841
9 0.3933471933471933 0.32747089947089947 0.044407484407484404 0.036698412698412695
9 0.42996881496881495 0.30185185185185187 0.03835758835758835 0.04041269841269841
9 0.458981288981289 0.32720634920634917 0.04531185031185032 0.04476190476190476
9 0.3800935550935551 0.5228253968253969 0.0432016632016632 0.044444444444444446
9 0.3449168399168399 0.5328994708994709 0.028513513513513514 0.02850793650793651
9 0.4052390852390852 0.5593756613756614 0.041465696465696464 0.04024338624338625
9 0.44295218295218297 0.646962962962963 0.02553014553014553 0.02306878306878307
9 0.3808835758835759 0.6405291005291005 0.06672557172557173 0.0686031746031746
9 0.4212785862785863 0.6696931216931217 0.02624740124740125 0.027312169312169312
9 0.42975051975051975 0.7116825396825397 0.037920997920997915 0.039174603174603174
9 0.46805613305613303 0.7032380952380952 0.035602910602910605 0.04117460317460317
9 0.5646361746361745 0.7175132275132274 0.054646569646569644 0.05082539682539683
9 0.5282328482328482 0.7457460317460317 0.040883575883575884 0.04204232804232804
9 0.5297817047817047 0.8228359788359789 0.04374220374220374 0.04765079365079365
9 0.5279002079002079 0.7836931216931218 0.046975051975051973 0.0440952380952381
9 0.399012474012474 0.7770793650793651 0.04730769230769231 0.05148148148148148
9 0.19478170478170478 0.7975555555555556 0.052442827442827446 0.05807407407407408
9 0.14992723492723492 0.7208783068783069 0.0603014553014553 0.055841269841269844
9 0.430010395010395 0.8235343915343916 0.05127858627858628 0.045386243386243384
9 0.4445945945945946 0.7871534391534392 0.03617463617463617 0.04855026455026455
9 0.4789293139293139 0.7994179894179895 0.04041580041580042 0.05140740740740741
9 0.11387733887733888 0.5122645502645502 0.04601871101871102 0.07667724867724868
9 0.08166320166320166 0.5489735449735449 0.04135135135135135 0.04522751322751323
9 0.06278586278586279 0.4972910052910053 0.03841995841995842 0.046719576719576716
9 0.5852598752598752 0.6013756613756613 0.041777546777546776 0.04128042328042328
9 0.5677442827442827 0.5648783068783069 0.04424116424116424 0.04867724867724868