9 0.32985858552947983 0.4406121126348407 0.02543004668793797 0.0288740254743777
9 0.36200560187712744 0.4437982222123155 0.028834635942842822 0.030098452371579845
9 0.4432022779912915 0.3302483670363802 0.026556172814063965 0.028906792398069748
9 0.4215830891444197 0.3200537234141597 0.02762987718713714 0.026687307069509416
9 0.4927401344493497 0.4037130333653633 0.027656088063663743 0.02781343319563567
9 0.39479290157064595 0.3777931088804177 0.020768276924274222 0.02198620102285275
9 0.5011224363330085 0.49792478297720094 0.023099161806106158 0.025430113248615226
9 0.4620745034077081 0.4883483781638802 0.018516024672022097 0.021920667175468783
9 0.4758501256864869 0.5000028425094457 0.017389898545895843 0.021887900251776733
9 0.5437195891163668 0.5391146366312832 0.02186819217387387 0.020892841820418673
9 0.49714403248806355 0.6170975508044182 0.018542235548548572 0.02304679330159478
9 0.5133956410340847 0.6867802775691711 0.025325203181831932 0.024369520969873198
9 0.494658236258359 0.7278735230712274 0.025246570552252247 0.02099114259149482
9 0.4542225392239245 0.7311984183228192 0.033312929570820854 0.02910339394022178
9 0.2665914848412919 0.7201120948974667 0.035565181823073104 0.029168927787605877
9 0.16766181487510068 0.6761577689326573 0.020768276924274284 0.02198620102285275
9 0.08755006544324383 0.6912698888436326 0.024303920561811843 0.02884125855068565
9 0.680218631395396 0.6499958825326159 0.0469312865904404 0.03400110152903061
9 0.6092862616699706 0.6726899576529473 0.0322130143212212 0.03019675314265586
9 0.600079729522498 0.6155912198177338 0.02891326857242238 0.03347683074995835
9 0.5514461483046051 0.580977904840102 0.025377624934884886 0.026621773222125448
9 0.6766146358729984 0.4951535401902735 0.02535141405835854 0.025495647095999323
9 0.7049924646056561 0.6023260983541089 0.026529961937537618 0.027780666271943623
9 0.6950796511387392 0.5874079398630871 0.01731126591631654 0.01850952187339823
9 0.6764592537428684 0.5851780964329797 0.02438255319139153 0.03221963692906403
9 0.6827947533461716 0.4705753669576509 0.02192061392692695 0.023145094072670926
9 0.6477266366125879 0.4144121790667101 0.02535141405835854 0.025495647095999323
9 0.619952599604555 0.3815311783035069 0.019668361674674697 0.02307956022528683
9 0.5854227474042796 0.39684423249788303 0.02529899230530533 0.02324339484374707
9 0.6047503676841095 0.4052841530835304 0.01958972904509514 0.01970118184690845
9 0.5570575533276279 0.26603940914724494 0.025508679317517526 0.03225240385275608
9 0.41142080156824345 0.270242038475074 0.03464874270915917 0.03814516987292284
9 0.4945973404246749 0.29010536232139267 0.03339156220040041 0.03248177231860016
9 0.4246099746009763 0.4259259627318616 0.01621135066671676 0.019602881075832433
9 0.37834706536196233 0.4206410774190472 0.019746994304254258 0.02645793860366521
9 0.4019039759427681 0.4173877413751383 0.026451329307957933 0.024402287893565116
9 0.4017996032189193 0.4370785651204995 0.01733747679284289 0.019635647999524483
9 0.6895964758048054 0.7628050966873806 0.035617603576126186 0.03142118003985813
9 0.5562005977006261 0.6401978272327998 0.019615939921621747 0.020827307973034576
9 0.5623947621765771 0.6645733735629715 0.019694572551201304 0.024205686351412955
9 0.4484374680276784 0.8694497964467965 0.024199077055705807 0.024336754046181148
9 0.3874693919577084 0.8609236258106705 0.02529899230530533 0.02324339484374707
9 0.4218143556755261 0.7651417039838144 0.017363687669369493 0.02076177412565048
9 0.4050535181662669 0.7702808307590647 0.021868192173873997 0.020892841820418673
9 0.3018688178048305 0.7610889635475511 0.02896569032547559 0.0357290830022106
9 0.3823367679810818 0.8821561875886069 0.03656025356656659 0.023571064080667038
9 0.32049156911198773 0.884295448226987 0.021894403050400475 0.022018967946544798
9 0.5762139378104613 0.8956749813465176 0.03553897094654663 0.028042801661479752
9 0.6405631404874127 0.37256529431973723 0.023125372682632636 0.02655623937474135
9 0.5089917429953708 0.4733957601301163 0.016263772419769715 0.021855133328084687
9 0.5208427489784788 0.49906126720487437 0.021894403050400347 0.022018967946544798