9 0.6021305595640549 0.5646854337824919 0.03089942384373934 0.03464561995517256
9 0.5699136343458356 0.5592967977662787 0.03326349003759277 0.034769515414470535
9 0.4608726027430865 0.6735262167574716 0.03208145694066605 0.03470756768482168
9 0.4810283762026509 0.6854444955548081 0.03311899756396014 0.031223416123690395
9 0.42521291951699486 0.5934191915994814 0.03203329278278851 0.03352553458789497
9 0.5211653148824283 0.6267245795535584 0.024652109253962832 0.026061649628440757
9 0.43630274320239215 0.4949387581766702 0.02834270101837574 0.02979359210816773
9 0.4747318655064431 0.5070788802613743 0.02228804306010954 0.02593775416914278
9 0.4634654223527678 0.494104976943207 0.02110600996318269 0.02587580643949379
9 0.40042833249477816 0.44904874509990594 0.025785978193012135 0.024941564261162896
9 0.46556757618759415 0.3701463710900244 0.023518240314913796 0.027181734995718347
9 0.4638737857461732 0.29592607690223743 0.030706767212229168 0.029917487567465772
9 0.4915160952463978 0.2543741015544515 0.029380241641669688 0.026309440547036572
9 0.5346121391263452 0.25329504251919027 0.037991622425299625 0.03501730633306656
9 0.7276839050712793 0.2767925842543436 0.04040385277703073 0.03632323488929118
9 0.8205256897957574 0.32854338067008254 0.0246521092539631 0.026061649628440757
9 0.9076459432092585 0.31808005705624864 0.02966922658893495 0.03340163912859686
9 0.2828190298598697 0.3248766517729984 0.053647037632612235 0.04291482540006362
9 0.36089241383991644 0.30486162867247923 0.03685775348625059 0.03613739170034435
9 0.3584360417881612 0.3651453166157417 0.034590015608152114 0.0383775624348998
9 0.40164347186672317 0.40475347782997856 0.030803095527984253 0.03228155376131913
9 0.2532431410773902 0.4862501171347233 0.030754931370106712 0.031099520664392418
9 0.24666166789177038 0.3727724267129608 0.030851259685861797 0.033463586858245846
9 0.2530795682630449 0.38894920369204095 0.020961517489550125 0.022329707148713514
9 0.2729814742792888 0.392624224675715 0.029813719062567783 0.036947738419377
9 0.2415693138106824 0.5122213582854885 0.02706433960569387 0.027367578184665446
9 0.26622745675142523 0.5728532980922144 0.030754931370106712 0.031099520664392418
9 0.2877599311683532 0.6088793599172506 0.024700273411840508 0.02724368272536747
9 0.3272486649457103 0.595014753869567 0.029476569957424776 0.028673506740890135
9 0.30879369489471964 0.584776603123147 0.02337374784128103 0.023635635704938204
9 0.328681574976658 0.7335319563805621 0.031043916317371974 0.0381917192459527
9 0.48065812082248977 0.7379520467735735 0.04192303497910012 0.04465941429742703
9 0.39911990798455865 0.7127375604258346 0.0393181479958591 0.038625353353495755
9 0.5002830565968472 0.5747410709200115 0.01977948439262348 0.022267759419064663
9 0.5477219196014812 0.582870485741568 0.02484476588547314 0.030789782016147613
9 0.5222841259386182 0.5847933784774845 0.03188880030915588 0.029979435297114828
9 0.5266730979922555 0.5639219560923201 0.021009681647427603 0.02351174024564023
9 0.29711579250197756 0.2055867436946718 0.04163405003183485 0.03756721571586688
9 0.4094912390914649 0.3424179754579057 0.023421911999158707 0.02481766880186492
9 0.4081867843709177 0.316537142784816 0.024748437569718052 0.028425715822294185
9 0.5699667475737583 0.1093113610982966 0.029524734115302452 0.02985553983781678
9 0.6313732690310637 0.12201655210023557 0.029476569957424776 0.02867350674089007
9 0.5754865980571453 0.21989591650739135 0.02105784580530528 0.024693773342567078
9 0.593952603533142 0.21538962740705195 0.025785978193012135 0.024941564261162962
9 0.6994686274147504 0.23109092748332413 0.03586837702083405 0.04080357635840208
9 0.6411054720998102 0.1002753483831873 0.041345065084569595 0.030475017134306597
9 0.7065156523477326 0.10156538177537552 0.025834142350889815 0.026123597358089678
9 0.44283496761339963 0.07410148868913762 0.041537721716079765 0.03520314952201347
9 0.2650123173794803 0.6171485653621417 0.028390865176253284 0.03097562520509444
9 0.4229040304481718 0.5198208878249823 0.019875812708378567 0.02463182561291809
9 0.4157857385587461 0.491885727606284 0.025834142350889544 0.026123597358089744