9 0.30676627534685164 0.43001068376068374 0.04966915688367129 0.055363247863247866
9 0.13705442902881534 0.42648504273504273 0.05102454642475988 0.05444444444444445
9 0.3812379935965849 0.4050213675213675 0.04705442902881537 0.046495726495726496
9 0.35175026680896476 0.42778846153846156 0.04102454642475987 0.04465811965811965
9 0.43977588046958377 0.3400320512820513 0.053713980789754534 0.0541025641025641
9 0.4815368196371398 0.2733653846153846 0.038089647812166484 0.0459508547008547
9 0.4632443970117396 0.18604700854700854 0.05559231590181431 0.049519230769230774
9 0.621931696905016 0.24009615384615385 0.10144076840981857 0.06513888888888889
9 0.5504802561366061 0.27821581196581197 0.09710779082177161 0.07596153846153846
9 0.7046744930629669 0.3066559829059829 0.05849519743863394 0.05389957264957265
9 0.5672678762006403 0.42330128205128204 0.04957310565635006 0.053717948717948716
9 0.6656776947705443 0.43982905982905984 0.05485592315901814 0.05631410256410257
9 0.7622625400213447 0.4850534188034188 0.07790821771611527 0.18059829059829058
9 0.7725506937033084 0.6040384615384615 0.07953041622198505 0.060758547008547006
9 0.7231056563500533 0.6627136752136752 0.0548025613660619 0.05432692307692308
9 0.5633404482390608 0.5664957264957265 0.04284951974386339 0.04348290598290599
9 0.5008431163287087 0.602895299145299 0.06994663820704376 0.05311965811965812
9 0.5784738527214515 0.7215598290598291 0.0348025613660619 0.03780982905982906
9 0.38371398078975455 0.7390491452991453 0.049754535752401276 0.045726495726495724
9 0.4622945570971185 0.8090384615384615 0.04467449306296691 0.050352564102564105
9 0.5232230522945571 0.7583333333333333 0.1011846318036286 0.06405982905982906
9 0.5108110992529349 0.7106303418803419 0.07123799359658485 0.05655982905982906
9 0.4849946638207044 0.6779594017094017 0.0607684098185699 0.052126068376068375
9 0.4424332977588047 0.6616452991452991 0.04262540021344717 0.05756410256410257
9 0.40397011739594446 0.6349038461538461 0.057588046958377805 0.10135683760683761
9 0.45241195304162224 0.5184401709401709 0.06772678762006404 0.043237179487179485
9 0.35943436499466386 0.534198717948718 0.044002134471718246 0.04316239316239316
9 0.4067662753468516 0.4688888888888889 0.05643543223052295 0.06481837606837607
9 0.39691568836712915 0.5205662393162394 0.037641408751334045 0.03620726495726496
9 0.37590181430096054 0.5753311965811966 0.035250800426894345 0.03408119658119658
9 0.40861259338313766 0.555940170940171 0.058196371398078976 0.05394230769230769