9 0.430383866405728 0.22783038403696634 0.06655080594028674 0.06810334544474367
9 0.23108261007771103 0.38139115729169687 0.06991403463983831 0.06820299280172484
9 0.3388401332411929 0.500769865809995 0.06991403463983831 0.06820299280172484
9 0.4140559754209641 0.5099433253920729 0.06062566228227013 0.05994639893653297
9 0.392117909517119 0.5544909812234579 0.051291609568687925 0.050548252559925434
9 0.40902257743669457 0.6777017208916644 0.05254972686991362 0.05400612587983258
9 0.392083674226163 0.7232414581989932 0.07723433666712232 0.08324247016408927
9 0.5562204441213552 0.5809843469024749 0.0560499966375069 0.05753043077106019
9 0.553733701008807 0.5172068772986773 0.05824646874786071 0.05645530983096553
9 0.5484547336468811 0.43925964865916695 0.056004316281492994 0.05638887825964466
9 0.47846171213943994 0.5234277687278789 0.07448970028460154 0.0706189609671975
9 0.7305458908706018 0.5478844714882618 0.06529268863906129 0.06464547212483666
9 0.8268984852131317 0.5045526234447063 0.09498883497400841 0.07920771268899356
9 0.8245306867916713 0.3398640118304462 0.05726243358271869 0.05984675157955167
9 0.7215639284292303 0.3526064525654053 0.08967846861133641 0.11439654582891237
9 0.648974706720259 0.27779372357693477 0.054837559692295104 0.055214109962568834
9 0.6235601400061946 0.1713680058238762 0.06053430157024219 0.057663293913701855
9 0.5380737978145561 0.19499451910242407 0.07318590262736208 0.06601953513587502
9 0.48372634819398896 0.223969529195266 0.05264108758194142 0.056289230902663495
9 0.4584402637252274 0.15630677315184463 0.07547373544974381 0.06722751921861135
9 0.6164482858232921 0.39106704059287417 0.09336527482467148 0.06661741927776235
9 0.6746509817259819 0.36368810401734414 0.05039893511557371 0.05622279933134276
9 0.6498940363730662 0.33876713558068416 0.050261894047531876 0.05279814179709619
9 0.6159629195526172 0.31924887973067734 0.06273077368059614 0.056588172973607125
9 0.5880711472802195 0.28871979609392096 0.05573023414540957 0.049539563191151575
9 0.5451714205942996 0.2694672665291973 0.050216213691518095 0.05165658928568059
9 0.5180847770846743 0.3027654761747291 0.059413225337058465 0.05763007812804148
9 0.6297594157524037 0.49215036943111956 0.05717107287069063 0.05756364655672062
9 0.6688372026677899 0.4949832507229597 0.03616945426513069 0.0364178172093539
9 0.6078441900265656 0.5361272490067969 0.05357944239106967 0.051756236642661824
9 0.5802817178004802 0.6372814015102316 0.03257782378550973 0.030610407295294982
9 0.6454744869047746 0.6171066536521098 0.08638566795664879 0.08807440649503456
9 0.6063881411666493 0.6564613916041536 0.0338816214427492 0.035209833126617775
9 0.6034170105149019 0.7027274841021428 0.049049457102320206 0.0504818209886047
9 0.5608846341879362 0.7022773551901149 0.04685298499196653 0.05155694192869936
9 0.46032181704875447 0.7388927513078188 0.07094375016099436 0.06595310356455422
9 0.5031301830226467 0.7604283858953735 0.05254972686991362 0.05400612587983258
9 0.5121730359546673 0.8422547930750268 0.05730811393873246 0.06098830409096719
9 0.5082349877832558 0.8007542053366622 0.060534301570242324 0.05766329391370192
9 0.6457019599054771 0.765325793314996 0.06309621652870737 0.0657205930649312
9 0.8667014852443206 0.7411048275057854 0.0690213601867241 0.07387753957314204
9 0.9045030584815273 0.6499090976413165 0.07682321346299731 0.07296849756134928
9 0.6194061638033562 0.8208344532546398 0.06510996721500568 0.06007926207917444
9 0.5984007301761105 0.7861106411139667 0.04941489995043144 0.0596142410799289
9 0.5634313390117663 0.806530115270673 0.055203002540406464 0.0643465300538929
9 0.9130785915677179 0.42161520325104174 0.06638901718339499 0.09204273239880927
9 0.9526731437545253 0.45350784990548704 0.054928920404322915 0.05749721498539975
9 0.9617292993103379 0.3950893771093329 0.04147600560611663 0.057098625557474955
9 0.4213734411580381 0.6208959295056523 0.05362512274708344 0.052897789154077224
9 0.43539545289557524 0.5782931129410134 0.058474870527930226 0.06216307238804315