9 0.40503319569873847 0.3023516581075522 0.06138163114161967 0.0581434500841367
9 0.40494683042217383 0.11911827590876446 0.06023625997780734 0.059241865120372036
9 0.3757688751262086 0.3805032782530663 0.05214493357314858 0.05425795931411146
9 0.4012954666065033 0.35057777879229496 0.04980057069427104 0.04723819952483092
9 0.30455440184303856 0.4394152499861464 0.06024966511562059 0.061546012585809794
9 0.2317190590632963 0.47981355395099873 0.05093923928917668 0.04498771075587659
9 0.13737301050511963 0.45410017678404546 0.054502701589839435 0.06358186656882965
9 0.19166716433963196 0.6294868541230915 0.07322409177632684 0.11397957621947934
9 0.23531565014888142 0.5548861520154194 0.08471801882788928 0.10990786825343962
9 0.26199354724267343 0.723224651975265 0.05913110422743489 0.06725272255292054
9 0.39072495782561273 0.5828674032296429 0.05907078110727532 0.05688405895845063
9 0.4062373537442673 0.6896094083905513 0.06256051514996507 0.06280540371149586
9 0.4528590917307852 0.797224161490157 0.19636192979911593 0.09667958208884475
9 0.5806588452357029 0.8170051615924612 0.06732967173459979 0.09066980808268366
9 0.6454799411532127 0.7675906937568322 0.06025636768452728 0.06269808631852895
9 0.5451128918633045 0.5883295579593646 0.0486619020993654 0.049488688293785124
9 0.5863969070869565 0.5239902020531954 0.05920483248540784 0.07992553361282864
9 0.7126256763024909 0.6157221517539468 0.04170254172070559 0.04110221998585122
9 0.7363143329159694 0.4065150401141785 0.05101296754714963 0.057660521815784425
9 0.8095477104264346 0.4957786897766854 0.05558774963349214 0.052114787938124296
9 0.7532900879618903 0.5588444457622086 0.07207201804360801 0.11392591752299588
9 0.7021099402516857 0.5414796752433436 0.06266775625247108 0.08123858343499817
9 0.6677119412083314 0.5116441078972233 0.05799243563252938 0.06950321132187488
9 0.6512749748401726 0.46478310748945556 0.06363886062471101 0.050186251348071746
9 0.6232938121536518 0.42141777818136816 0.11097442219978512 0.06966736389468191
9 0.49685017667349435 0.46565735828968785 0.047663987451498954 0.0759327254498361
9 0.5158664798918735 0.36628548268688144 0.04751653093555306 0.050587103330020436
9 0.444149698000317 0.41249781401181185 0.07179051014952947 0.06553882074880234
9 0.5000788945884364 0.40588367092951433 0.04056387312580007 0.043352708754805555
9 0.5595380406326855 0.3867576928767598 0.03824632052254891 0.040941243896400595
9 0.5380202482257337 0.4209032558397398 0.05913110422743489 0.06725272255292068