9 0.3800057354844387 0.23002711376681392 0.06434193521377035 0.0659484550815018
9 0.1718309505921234 0.37049386840831156 0.06779021107583932 0.06596889242275807
9 0.27762983878527236 0.5022817794179484 0.06779021107583925 0.06596889242275807
9 0.35494519122604146 0.5185495821254886 0.05845436572584216 0.05771767153459914
9 0.3311942803441193 0.5629098203032181 0.049098457082823975 0.04829549045908685
9 0.3445246227841472 0.6906364487604171 0.05145749753659946 0.05182199591531859
9 0.325936094048818 0.7356128230437076 0.07377809702887216 0.0800544769064288
9 0.49773344439873124 0.6048846379115249 0.05383660128339597 0.05651946155890382
9 0.497717595167058 0.5387185748789594 0.057244750559423 0.05419797852545289
9 0.49449422958956707 0.458480552256894 0.054945899984710354 0.054184353631282045
9 0.42012135662399586 0.5388442147943698 0.07240797551828564 0.06716710239845339
9 0.6773748335611629 0.5866265365655167 0.0631323200473512 0.06242876207235548
9 0.7768473703574558 0.550912641206901 0.09323807374184588 0.07548644775746653
9 0.7791718035553035 0.3817054879107588 0.055006089863773325 0.05769723419334307
9 0.6739291682366265 0.3851805096581798 0.08353527153230919 0.11289586172901382
9 0.6012157310066306 0.30160293351906203 0.053796474697354164 0.054177541184196557
9 0.5789838128091372 0.19021865433167318 0.05841423913980023 0.05537575115989201
9 0.49077189222408535 0.20609094475258877 0.07117829705884544 0.062476449201953506
9 0.43458337334084307 0.23152166519072537 0.05034819883528507 0.054157103842940355
9 0.4099551968961136 0.159354333609055 0.07351727421959989 0.06483199447083161
9 0.5653515139600775 0.4155705845970208 0.09186795223125924 0.06259907324949111
9 0.625522894763025 0.39250562809839046 0.048049348260572555 0.05414347894876951
9 0.6007070258271779 0.36483818985970073 0.04798915838150972 0.05063059838670862
9 0.5666255330669071 0.3412146127000653 0.06184245170884842 0.05422522831379458
9 0.5390464490242844 0.30708986231321705 0.05482552022658481 0.0471585925071604
9 0.4957695539651631 0.2834117855768982 0.047969095088488685 0.04945963819935499
9 0.4670568938668574 0.31544628577553 0.057264813852443905 0.05536893871280652
9 0.5762095590421334 0.5198609781894336 0.05496596327773126 0.05535531381863581
9 0.6151796707006332 0.5265328824207831 0.03508465741131805 0.035333179033171715
9 0.5518939671630435 0.5636323300499434 0.05143743424357855 0.050651035727964956
9 0.5208481474891461 0.664746668855354 0.03153606508414417 0.02945794075514723
9 0.5883503496087631 0.6499227145742543 0.08305375249980647 0.08479281723252698
9 0.5469037265309435 0.6871515986980379 0.03276574354358424 0.03414859395164737
9 0.542652918948037 0.7339695688509268 0.04679960650811133 0.048281865564916
9 0.4990449795540701 0.7296123352059428 0.04454088251944062 0.05061016104545229
9 0.3950951213664776 0.758273219652095 0.06775008448979751 0.06362697204805094
9 0.4383318898395572 0.7842932167631212 0.05145749753659946 0.05182199591531859
9 0.44549799075071145 0.8692389236994 0.0550261531567941 0.05886819438069643
9 0.44279205673041727 0.8258929594260594 0.05841423913980023 0.05537575115989215
9 0.5834432709413283 0.8021339140360553 0.06085353276565945 0.06358609736553827
9 0.8105550816593066 0.7976245713986593 0.06559167696623132 0.07181006846535537
9 0.8517651592822226 0.7071101863032001 0.07476701597206085 0.07069360785468538
9 0.5549140892727924 0.8570055441116257 0.06305206687526732 0.05774492132294083
9 0.5348664594770486 0.8194121940687719 0.04698017614529985 0.05882050725109868
9 0.4989333261736886 0.836765411019428 0.052787492461144295 0.06236745004858661
9 0.8672620391134632 0.47357175339700525 0.061314988505141 0.09051818167467175
9 0.9068699620872854 0.5101099548529577 0.052687175996039386 0.05651264911181846
9 0.9216862934796292 0.4504727346629478 0.049238900133970684 0.05649221177056226
9 0.3593008275904491 0.6333411489451143 0.05145749753659946 0.05182199591531859
9 0.37439092223115694 0.5912717377889515 0.05619564173717132 0.06004596701513569