9 0.44190831556503196 0.3413368983957219 0.02673773987206823 0.031229946524064172
9 0.463955223880597 0.5198930481283423 0.021300639658848614 0.024395721925133687
9 0.40107675906183365 0.4808877005347594 0.018390191897654583 0.022737967914438505
9 0.4124733475479744 0.4603957219251337 0.016961620469083154 0.025155080213903742
9 0.5637526652452025 0.4278930481283422 0.018454157782515992 0.022641711229946525
9 0.667590618336887 0.4455294117647059 0.02371002132196162 0.031882352941176466
9 0.7556503198294242 0.4300534759358289 0.023347547974413643 0.03216042780748663
9 0.7508742004264393 0.4647165775401069 0.02245202558635394 0.025112299465240642
9 0.7687100213219615 0.4922566844919786 0.018006396588486143 0.01772192513368984
9 0.7701812366737739 0.6044491978609625 0.03063965884861407 0.03381818181818182
9 0.7240191897654584 0.6648021390374332 0.024093816631130065 0.026074866310160427
9 0.489317697228145 0.5997219251336898 0.020127931769722815 0.02609625668449198
9 0.5156396588486141 0.6091871657754011 0.025852878464818763 0.020716577540106952
9 0.7599680170575693 0.5141604278074866 0.016183368869936033 0.018085561497326205
9 0.7664818763326227 0.5283743315508022 0.015756929637526652 0.016620320855614972
9 0.777228144989339 0.5557860962566844 0.014722814498933902 0.017893048128342245
9 0.396044776119403 0.5248235294117647 0.01773987206823028 0.019112299465240644
9 0.4348614072494669 0.5213262032085562 0.018933901918976547 0.021133689839572194
9 0.36108742004264394 0.537336898395722 0.016375266524520257 0.0193475935828877
9 0.37702558635394456 0.5786417112299465 0.013411513859275054 0.015133689839572194
9 0.3881449893390192 0.5621497326203209 0.012057569296375267 0.015957219251336897
9 0.40533049040511726 0.5509732620320855 0.017196162046908315 0.02067379679144385
9 0.4161087420042644 0.5674331550802139 0.021929637526652453 0.02420320855614973
9 0.40674840085287844 0.6056042780748663 0.01666311300639659 0.019433155080213906
9 0.3958315565031983 0.6397326203208555 0.01843283582089552 0.021176470588235297
9 0.4149893390191898 0.6291122994652407 0.0129317697228145 0.020245989304812834
9 0.40178038379530917 0.667668449197861 0.0314498933901919 0.02518716577540107
9 0.44472281449893386 0.6664491978609626 0.02404051172707889 0.039668449197860965
9 0.47743070362473344 0.6724598930481284 0.01640724946695096 0.021240641711229948
9 0.4953518123667377 0.6841176470588235 0.015170575692963753 0.01974331550802139
9 0.4750426439232409 0.693668449197861 0.01950959488272921 0.021946524064171122
9 0.4939125799573561 0.7200320855614973 0.016769722814498934 0.020545454545454547
9 0.5214925373134328 0.7076363636363636 0.020245202558635392 0.020566844919786095
9 0.5189658848614073 0.7277540106951872 0.0185181236673774 0.020385026737967913
9 0.5493603411513859 0.7482459893048129 0.0161727078891258 0.025101604278074865
9 0.532910447761194 0.7579358288770053 0.016108742004264393 0.017422459893048126
9 0.5047228144989339 0.7569946524064171 0.017046908315565032 0.020064171122994655
9 0.4897867803837953 0.7652620320855614 0.016396588486140725 0.017433155080213904
9 0.521183368869936 0.7696898395721925 0.01633262260127932 0.02106951871657754
9 0.46541577825159913 0.8112513368983957 0.021098081023454156 0.02025668449197861
9 0.3095735607675906 0.4348021390374332 0.018997867803837953 0.02849197860962567
9 0.35363539445628994 0.4315294117647059 0.019445628997867802 0.021935828877005348
9 0.3795415778251599 0.4122139037433155 0.01732409381663113 0.019390374331550803
9 0.5736673773987208 0.29216042780748663 0.022313432835820896 0.025080213903743313
9 0.7079530916844349 0.3095828877005347 0.029040511727078888 0.02835294117647059
9 0.5967803837953092 0.24232085561497327 0.017974413646055436 0.020106951871657754
9 0.5340085287846482 0.2731122994652407 0.025053304904051173 0.033219251336898396
9 0.4625053304904051 0.18797860962566845 0.01915778251599147 0.026438502673796792
9 0.6489019189765458 0.24884491978609624 0.02277185501066098 0.024128342245989302
9 0.6261727078891258 0.23795721925133692 0.014946695095948826 0.021540106951871658
9 0.1372174840085288 0.4283743315508021 0.017761194029850748 0.026245989304812832