9 0.31865625000000003 0.42380042462845013 0.02272916666666667 0.03165605095541401
9 0.3316875 0.3374097664543524 0.02420833333333333 0.03193205944798301
9 0.4216666666666667 0.2378131634819533 0.03603125 0.02532908704883227
9 0.4938333333333333 0.18865180467091297 0.04004166666666666 0.02330148619957537
9 0.5219479166666666 0.24439490445859874 0.025406250000000002 0.024331210191082805
9 0.33798958333333334 0.23227176220806794 0.024302083333333332 0.021316348195329085
9 0.26448958333333333 0.42469214437367303 0.01904166666666667 0.01816348195329087
9 0.2864375 0.44180467091295117 0.017666666666666667 0.019830148619957536
9 0.3493020833333333 0.429203821656051 0.014979166666666667 0.022951167728237794
9 0.36822916666666666 0.4334182590233545 0.018041666666666668 0.02146496815286624
9 0.3877083333333333 0.4381740976645435 0.01659375 0.018227176220806794
9 0.440625 0.46395966029723995 0.014979166666666667 0.020233545647558384
9 0.3750208333333333 0.5290976645435245 0.023895833333333335 0.02307855626326964
9 0.3999375 0.5673354564755838 0.022708333333333334 0.02307855626326964
9 0.44814583333333335 0.5376963906581741 0.020770833333333336 0.03177282377919321
9 0.5155416666666667 0.5310615711252654 0.033427083333333336 0.02981953290870488
9 0.5726875 0.5071974522292994 0.029625000000000002 0.02316348195329087
9 0.6354062500000001 0.4836411889596603 0.027208333333333334 0.022791932059447982
9 0.5630520833333333 0.5745222929936307 0.03272916666666667 0.023290870488322717
9 0.5771145833333333 0.6045859872611464 0.021281249999999998 0.02394904458598726
9 0.45275 0.5985562632696391 0.02546875 0.02461783439490446
9 0.38690625 0.6351698513800426 0.024864583333333336 0.018556263269639068
9 0.29015625 0.6049469214437367 0.02034375 0.02043524416135881
9 0.20915625 0.5847346072186838 0.018145833333333337 0.018227176220806794
9 0.10604166666666666 0.5095541401273885 0.023104166666666665 0.02361995753715499
9 0.07357291666666667 0.5572929936305733 0.0193125 0.019978768577494692
9 0.61165625 0.7071125265392781 0.018635416666666668 0.022271762208067942
9 0.62578125 0.686104033970276 0.01909375 0.017059447983014862
9 0.5589583333333333 0.7285774946921444 0.027166666666666665 0.028365180467091293
9 0.5222916666666666 0.7574946921443736 0.01775 0.015392781316348195
9 0.52075 0.7885774946921444 0.02021875 0.02235668789808917
9 0.39616666666666667 0.7877176220806794 0.02671875 0.024872611464968154
9 0.4702083333333333 0.8124734607218684 0.020572916666666666 0.026231422505307855
9 0.4224375 0.8281422505307856 0.015354166666666667 0.017940552016985137
9 0.5231354166666666 0.8318259023354565 0.015270833333333334 0.016804670912951167
9 0.18808333333333332 0.8081316348195329 0.020447916666666666 0.023216560509554143
9 0.3662708333333333 0.654543524416136 0.021114583333333332 0.021910828025477707
9 0.3844375 0.6669532908704883 0.024520833333333332 0.01699575371549894
9 0.33797916666666666 0.39154989384288746 0.021510416666666664 0.024097664543524414
9 0.35796875 0.37107218683651805 0.02396875 0.022791932059447982
9 0.38621875 0.33737791932059447 0.01933333333333333 0.020541401273885353
9 0.42201041666666667 0.3095541401273886 0.013104166666666667 0.017292993630573246
9 0.44926041666666666 0.33574309978768574 0.02271875 0.02578556263269639