9 0.7032417500348239 0.37088092136171674 0.03221096726913917 0.03882770797629996
9 0.6760179052243096 0.2809139696331978 0.03339508714269945 0.040006770975681054
9 0.5629817034343901 0.1919641554456828 0.04582107904433918 0.03549394648635703
9 0.47738365556564805 0.1533678151935271 0.04802949833612008 0.033190067823114816
9 0.45510330833877877 0.2194559631372439 0.033115401345854986 0.03184826281717296
9 0.6535577842356982 0.1687550293415766 0.030707206484899264 0.02832463565290935
9 0.7624858760713616 0.36085847759288475 0.024826562230932454 0.023594821821504332
9 0.7411117856765228 0.3838298633299984 0.023762307698877085 0.02591226231862667
9 0.6707856080672457 0.3834984149481205 0.02155388840709606 0.028216140981868885
9 0.6510551213550693 0.3918874742825896 0.023802262812711972 0.027077763484127968
9 0.6307125971491951 0.40144881569949975 0.02253823271148165 0.023567698153744345
9 0.5767824770021909 0.43995144793677 0.020289858305865736 0.024706075651485263
9 0.6577566439474524 0.496660522672774 0.03078711671256904 0.03065563798391168
9 0.6361555336557772 0.5429351508029708 0.02960299683900875 0.02947657498453039
9 0.5797264203892886 0.5208859697697008 0.029922637749688365 0.038800584308539714
9 0.5051359578810454 0.5281777453821606 0.042508450106667775 0.038949764481220284
9 0.4392738407399091 0.514395567178439 0.03654789562503118 0.031888948318813067
9 0.3676709222432283 0.5012639487268683 0.03417965587791035 0.029530822320050623
9 0.45975982910431995 0.5840544004309078 0.03998038990420739 0.03192963382045318
9 0.44938788005455077 0.619710680649734 0.028498787193118238 0.030628514316151698
9 0.5837219075222686 0.5878276966996775 0.033115401345854854 0.03184826281717283
9 0.6606061435653919 0.6137120188023608 0.03173150590311974 0.024841693990285976
9 0.7613344202903771 0.561256868889685 0.02719480197805329 0.02595294782026691
9 0.8461569889499672 0.5223880671376533 0.023682397471207053 0.023581259987624337
9 0.9474591708101296 0.4198299289423075 0.02960299683900875 0.02947657498453039
9 0.9807979465421913 0.4648708384635113 0.0065199260753260446 0.023377832479423665
9 0.4270457774016142 0.7376432877074324 0.02498638268627226 0.028256826483509256
9 0.4082742134214766 0.7180603190698736 0.024786607117097566 0.02242932065600343
9 0.4877991082378212 0.7503209929981131 0.03556355132064547 0.03653739114693774
9 0.5316024540334954 0.7736848553695649 0.02241836736997673 0.02007119465724085
9 0.5379008042274143 0.8068134866661278 0.02613054744599766 0.028270388317389115
9 0.6731991984426002 0.7801616961269466 0.03540373086530552 0.03187538648493308
9 0.5968380001394459 0.8224252876213812 0.02857869742078827 0.032959516647154026
9 0.6509460955433927 0.828774107505086 0.021354112837921102 0.022388635154363058
9 0.5420034459157257 0.8539484746995247 0.021314157724086347 0.02122313398886189
9 0.9032235370319849 0.7593772803687281 0.02845883207928335 0.029463013150650266
9 0.6863625614453868 0.629717112940136 0.027274712205723063 0.028283950151268975
9 0.6680286809621189 0.6474098388477941 0.030547386029559455 0.023662630990904685
9 0.6773927111409859 0.3408965941548677 0.029642951952843638 0.030642076150031554
9 0.6528603682483862 0.3225469358522102 0.03074716159873415 0.029490136818410513
9 0.6167338240739368 0.29210191456753104 0.02605063721832789 0.025939385986386787
9 0.5740546654810708 0.2693072409449497 0.019025828204635546 0.021196010321101775
9 0.5477243424658983 0.3034051350898446 0.030827071826404054 0.03182113914941285