9 0.5669466640226151 0.7610150573799146 0.06758059549526012 0.06303973557827967
9 0.5929921837392189 0.9467524215473521 0.06640821086060328 0.06421489180781736
9 0.5851293099499604 0.6760118274120239 0.058119190637661286 0.058256588251461905
9 0.5636970754047615 0.7113490367068263 0.05454029089843299 0.05114375906773506
9 0.6480546701484029 0.603090249374176 0.06760117744034609 0.06658583486905968
9 0.7161802940708196 0.5485211302419418 0.05570581488472778 0.048786569741270665
9 0.8145992506643612 0.5573695803473966 0.06171181167361392 0.06773348362904218
9 0.7347917305207883 0.3896408317161313 0.08560544651028015 0.12106251033852092
9 0.7018788095282501 0.4727850511962717 0.09737731739538259 0.11758517972162923
9 0.6509525078460966 0.30699783546142295 0.066456235399137 0.07248912348630436
9 0.5409015374236318 0.4736194084430856 0.06521524428086048 0.061843948746575166
9 0.5102655654520286 0.36764520928234057 0.06996652865474587 0.06778162170076406
9 0.44834872056279657 0.2668079220719616 0.20936445539200335 0.11114628354200835
9 0.31624580627123544 0.2707658453121188 0.07838590119656537 0.09619855409872695
9 0.25810260336430724 0.33248561639871826 0.06760803808870813 0.0677678679659864
9 0.3845177547805733 0.49575786890413576 0.0545540121951568 0.05350782526158849
9 0.3522493416164404 0.5694492620425567 0.0688901930971565 0.085505241287276
9 0.21232050086637066 0.4994819786530725 0.04624441002712896 0.04400342241445303
9 0.21814047391424232 0.7158352965949941 0.0569605272997284 0.061795810674853284
9 0.13132226511437453 0.6384942571079839 0.06164320518999401 0.055913152659775034
9 0.17892429728193368 0.5643012466971543 0.08442620122726116 0.12105563347113216
9 0.23312498608644877 0.5723007977270645 0.07243478959457512 0.08670790498636902
9 0.27248905977616034 0.5967628512715881 0.06646995669586109 0.07485318968015778
9 0.2952270684814542 0.6412231913204222 0.06871181623974525 0.054772380767181446
9 0.32978840293456557 0.6804331511069744 0.11954971572843408 0.07752671490650881
9 0.45106239237317514 0.6119890938441175 0.055884191742139155 0.07951943026136496
9 0.4457416741852458 0.7159804989041129 0.053381627560499835 0.05468298149112644
9 0.5115396804592538 0.6560784771009308 0.07942107286398266 0.07138273593065485
9 0.45660529539762773 0.6728981826727873 0.045078886040834036 0.04636061174091756
9 0.39864046934811087 0.7038850932392923 0.042706674178072355 0.0439827918122866
9 0.4153763047063202 0.6649742771841544 0.06645623539913714 0.07248912348630436