9 0.44889065773148795 0.6865043272028544 0.030468505186571952 0.0349488542898051
9 0.48238737396489667 0.5027681148267502 0.024809872253071314 0.02707142095571413
9 0.41432297723632794 0.5382417562460039 0.020329613782093386 0.02478733143129855
9 0.42571151069139157 0.5601350157713286 0.02036848701194552 0.02813554571701284
9 0.5815815108756878 0.6071475486496068 0.020329613782093386 0.02478733143129855
9 0.6905833365608872 0.5972595277120737 0.027127747948264475 0.03490989428935062
9 0.7816062086055601 0.6211974053434692 0.027127747948264728 0.03490989428935062
9 0.7789514315849813 0.5843410748669757 0.025923457999173893 0.027084407622532374
9 0.7986785103043659 0.5572310848697029 0.02027778280895713 0.02032304571701284
9 0.8073531767177459 0.4412765362996378 0.034961721400834006 0.03834901524279198
9 0.7625955540212975 0.37435731296032 0.02817654497794654 0.029342523813311466
9 0.5142987170868247 0.4222360429264579 0.023709244250252868 0.028174505717467317
9 0.5420411776647556 0.4141901738826265 0.02811175626152641 0.023762166670454325
9 0.7911745692173767 0.5342672072496705 0.018050611316752483 0.020297072383376604
9 0.7988012187774012 0.5198491853459691 0.018037653573468104 0.019181000954805176
9 0.8112835112754778 0.49209674630009237 0.01693702557064978 0.020284085716558358
9 0.4121148522708858 0.4919053119600624 0.020290740552241258 0.021439117145584267
9 0.4528319995916876 0.4985177181560686 0.021430241784911836 0.023684246669545366
9 0.3762986999896306 0.4758647386218808 0.01806356906003636 0.021413143811947904
9 0.39530053517327124 0.4342393267197703 0.0157845665946952 0.01692288476402583
9 0.40608692365378946 0.4522198429116858 0.013570352845774429 0.018012982858961024
9 0.42350299563778615 0.4658139933902246 0.019190112549422808 0.02254220190733745
9 0.43611486556870344 0.44922226863006226 0.025923457999173765 0.02708440762253225
9 0.42841007946081144 0.4089592838671727 0.019177154806138807 0.02142613047876615
9 0.41908026683525984 0.37258306910405586 0.02031665603880926 0.023671260002727124
9 0.4387105525681774 0.3850871214876596 0.01473576956501301 0.022490255240064854
9 0.42709525860564274 0.34366261196233505 0.03597164520066394 0.029433430481038667
9 0.4711337265498257 0.3486398710159386 0.02945858138674189 0.043864439051558284
9 0.5061663254505587 0.34514270102071115 0.01808948454660436 0.02364528666909089
9 0.5255309774461531 0.3347672891186006 0.01694998331393391 0.02140015714512979
9 0.5047935848387751 0.32280828578246445 0.021443199528195837 0.024800318098116798
9 0.5262104787922396 0.29739188292827595 0.019190112549422936 0.022542201907337578
9 0.5536617802344423 0.31221898483674976 0.022530869787730157 0.022581161907792056
9 0.552858790238994 0.2910071343604836 0.02030369829552526 0.022555188574155696
9 0.5860460809862384 0.27242352007931453 0.01924194352255919 0.027006487621623294
9 0.5692127173618612 0.26106800579132766 0.018037653573468104 0.019181000954805048
9 0.5396897373468621 0.25960778769207454 0.019190112549422936 0.022542201907337578
9 0.5245461889565646 0.24994586054717205 0.018037653573468104 0.019181000954805048
9 0.55792784585307 0.24810331769457442 0.01808948454660436 0.023645286669090763
9 0.501697854458375 0.20002094863938 0.02364445553383261 0.022594148574610236
9 0.3168068680808225 0.5783935724231474 0.022634531734002546 0.03150973333636361
9 0.36197835838603404 0.5850579252864263 0.021443199528195837 0.024800318098116798
9 0.38840677828512277 0.607684540528082 0.019177154806138807 0.02142613047876602
9 0.5832271442727632 0.7488886200781781 0.025923457999173893 0.02708440762253212
9 0.7245553509531437 0.7421673910498008 0.032669761192208976 0.03274268476629873
9 0.6044504522532934 0.802700301985743 0.02030369829552513 0.02255518857415595
9 0.5411052520701309 0.765136198167659 0.029380834927037632 0.03716801048012971
9 0.46133563735236566 0.8473419862519128 0.022608616247434543 0.0292775904792205
9 0.6589837594541033 0.8005464700884051 0.025923457999173893 0.027084407622532374
9 0.635151806730815 0.8097538638946714 0.01697589880050191 0.023632300002272646
9 0.1363347096241633 0.5701513395414601 0.021495030501332096 0.02926460381240251