9 0.6657537154989385 0.42627388535031846 0.020849256900212314 0.02505307855626327
9 0.6353184713375797 0.42636942675159234 0.024532908704883227 0.025233545647558385
9 0.5638747346072186 0.3113481953290871 0.022622080679405517 0.025467091295116772
9 0.5845859872611464 0.30341825902335456 0.024203821656050957 0.022526539278131634
9 0.5145329087048832 0.37627388535031847 0.022929936305732486 0.024044585987261145
9 0.6071656050955414 0.3609235668789809 0.018354564755838642 0.01917197452229299
9 0.5022823779193206 0.4639384288747346 0.01994692144373673 0.021815286624203824
9 0.5390445859872611 0.45861995753715495 0.015414012738853502 0.018641188959660295
9 0.5262314225053079 0.46808917197452227 0.014787685774946921 0.01884288747346072
9 0.46040339702760086 0.4989065817409767 0.019087048832271764 0.017951167728237793
9 0.5004883227176221 0.5771125265392781 0.01643312101910828 0.019660297239915074
9 0.4824946921443737 0.641167728237792 0.022653927813163482 0.021178343949044585
9 0.4977070063694267 0.6816772823779194 0.021815286624203824 0.017802547770700637
9 0.5363588110403397 0.6886730360934182 0.028789808917197453 0.02400212314225053
9 0.7129405520169851 0.6950849256900212 0.030329087048832273 0.02432059447983015
9 0.8074734607218683 0.6627813163481954 0.017791932059447985 0.019097664543524413
9 0.8819745222929937 0.6845010615711252 0.019893842887473458 0.025021231422505306
9 0.3275690021231422 0.5906581740976645 0.041337579617834394 0.02723991507430998
9 0.3927494692144374 0.6190339702760085 0.027430997876857748 0.026008492569002124
9 0.4040339702760085 0.5658280254777069 0.024543524416135883 0.02849256900212314
9 0.4511571125265393 0.537547770700637 0.022611464968152868 0.022855626326963908
9 0.337515923566879 0.4451804670912951 0.022218683651804672 0.021868365180467093
9 0.30613588110403395 0.5433227176220807 0.022494692144373673 0.024501061571125263
9 0.3156794055201699 0.5300743099787686 0.014447983014861995 0.015615711252653928
9 0.3336305732484076 0.5300743099787686 0.020127388535031848 0.02837579617834395
9 0.33300424628450104 0.4215498938428875 0.019267515923566878 0.020488322717622083
9 0.36816348195329085 0.3714543524416136 0.022600849256900212 0.022653927813163482
9 0.39532908704883224 0.34355626326963906 0.017059447983014862 0.01991507430997877
9 0.42712314225053083 0.3609872611464968 0.022335456475583864 0.02032908704883227
9 0.4088110403397028 0.36736730360934183 0.01734607218683652 0.017282377919320597
9 0.4598407643312102 0.24064755838641189 0.020774946921443736 0.029044585987261146
9 0.5959978768577494 0.25792993630573247 0.029734607218683654 0.032908704883227176
9 0.5174203821656052 0.26869426751592357 0.028917197452229298 0.027452229299363057
9 0.5768789808917197 0.40325902335456476 0.013439490445859873 0.01718683651804671
9 0.6210403397027601 0.40294055201698514 0.017070063694267515 0.022845010615711252
9 0.5985350318471339 0.39731422505307856 0.0232484076433121 0.021178343949044585
9 0.5983545647558386 0.4162208067940552 0.015276008492569004 0.017367303609341824
9 0.31346072186836516 0.69619957537155 0.03073248407643312 0.026740976645435247
9 0.4440552016985138 0.5927070063694267 0.017494692144373672 0.01778131634819533
9 0.43756900212314226 0.6155626326963907 0.017441613588110402 0.02151804670912951
9 0.5351061571125265 0.8190445859872612 0.0209447983014862 0.021687898089171976
9 0.5926645435244161 0.8168046709129512 0.021985138004246285 0.020445859872611466
9 0.5645966029723992 0.7232908704883227 0.01535031847133758 0.01851380042462845
9 0.579968152866242 0.7297558386411889 0.019543524416135882 0.018524416135881103
9 0.6775583864118896 0.731104033970276 0.023895966029723992 0.03092356687898089
9 0.596348195329087 0.8372186836518046 0.03260084925690021 0.01928874734607219
9 0.6549575371549894 0.8449150743099787 0.019596602972399152 0.01961783439490446
9 0.4140445859872611 0.8316135881104034 0.03173036093418259 0.023152866242038214
9 0.37686836518046707 0.33264331210191084 0.02045647558386412 0.022855626326963908
9 0.49556263269639067 0.4397664543524416 0.01384288747346072 0.019044585987261147
9 0.48372611464968157 0.4632484076433121 0.01872611464968153 0.01929936305732484