9 0.45913510979758493 0.6377787192873436 0.030703889492320856 0.03635821065429811
9 0.4601998106780212 0.45437260575022576 0.02521290386195419 0.02846205482161375
9 0.4011005997882864 0.5046074206209445 0.020842930376527156 0.02607526115983317
9 0.41515091349014727 0.5230512145826032 0.020861942892249283 0.029350370330138847
9 0.5730205956387939 0.5298705556967696 0.020842930376527156 0.02607526115983317
9 0.6755977286993736 0.4939774111951447 0.02743591563611183 0.03620566999311539
9 0.7676171402090148 0.4945935129939605 0.027435915636111582 0.03620566999311539
9 0.7585606811174579 0.4600912137173839 0.026302228480690325 0.028512901708674612
9 0.7728961825551498 0.42940837012445726 0.020817580355564656 0.021708448932758934
9 0.7615727122940815 0.31643056797819663 0.036169525101725025 0.03988755425990799
9 0.7068850318151695 0.26332147987957366 0.02849355272864459 0.03079800159633346
9 0.47702766786260026 0.3695487670731338 0.024129916748458432 0.029502910991321442
9 0.5021581841564253 0.35527885198951126 0.028461865202441216 0.02533948631249079
9 0.761578686657991 0.40919990435999376 0.01863893111809164 0.021606755158637202
9 0.7665693725156744 0.39368725057346 0.018632593612851016 0.020515052101868644
9 0.7743625887357073 0.3644011913596672 0.017549606499355504 0.02155590827157634
9 0.3910086848725388 0.46087649224889604 0.020823917860805032 0.022800151989527492
9 0.43077537096165747 0.4579288778144061 0.021925917490022914 0.0250344049901256
9 0.35401917912480696 0.45441751348320114 0.018645268623332267 0.022698458215405764
9 0.3651659255217985 0.4102409223418503 0.016434931859656124 0.01713824915744124
9 0.37869375818263357 0.4248891790483493 0.014262620127423983 0.01812825844008819
9 0.39715840790660617 0.43330425795084737 0.019740930747309524 0.02384100815923531
9 0.4065254047549572 0.4143131074457646 0.026302228480690575 0.028512901708674612
9 0.3920349975801996 0.3778816364909552 0.01973459324206865 0.02274930510246675
9 0.3775224091370995 0.34527112623483575 0.020836592871286534 0.024983558103064612
9 0.39816887685116525 0.3530386598348279 0.015377294767123116 0.02254591755422329
9 0.379872171016071 0.31569344992796294 0.03611882505979928 0.03115392980575952
9 0.4234673370338688 0.3098386137468386 0.029665264915510095 0.045040988221385594
9 0.4562072818957468 0.29794202809571135 0.018657943633813765 0.02488186432894288
9 0.4726263699923012 0.2835330365801915 0.017555944004595883 0.022647611328345023
9 0.450881071401638 0.2774539044524131 0.02193225499526354 0.0261261080468941
9 0.46738888457156214 0.2477610701421334 0.019740930747309524 0.02384100815923525
9 0.49674994923551896 0.2551218286456386 0.023008904603518673 0.023993548820417782
9 0.49196523229815803 0.23515413308719413 0.020830255366045908 0.02389185504629605
9 0.5204270975005992 0.20981464677470343 0.019766280768272273 0.028207820386309486
9 0.5025007725807541 0.20246584748544347 0.018632593612851016 0.020515052101868707
9 0.47360832016327714 0.20818010221963054 0.0197409307473094 0.023841008159235188
9 0.4578511382230438 0.20236716374140165 0.018632593612851016 0.020515052101868644
9 0.4889444211463359 0.1927302545344029 0.018657943633813765 0.024881864328942942
9 0.42760038035543235 0.1606686058367477 0.024098229222254932 0.024044395707478648
9 0.3141634048209872 0.5665100101510167 0.02305960464544417 0.03272717327456626
9 0.3588383891996604 0.5622418816679842 0.02193225499526354 0.026126108046894157
9 0.3876104290175641 0.5772699850123998 0.019734593242068773 0.02274930510246675
9 0.5989168606427487 0.6650876890598483 0.026302228480690325 0.028512901708674737
9 0.7331065889150261 0.6238990241347686 0.03286986371931225 0.03427649831488248
9 0.6285976061800292 0.711178482635107 0.020830255366045908 0.02389185504629605
9 0.5606542426243005 0.6903389458275024 0.030716564502802232 0.03854161676783523
9 0.49855286995713427 0.7887358124136901 0.023046929634962673 0.030543767161029137
9 0.6798719133235276 0.6956882422620237 0.026302228480690325 0.028512901708674737
9 0.6585508644426594 0.7103260447693176 0.01756861901507738 0.02483101744188214
9 0.13970985943952824 0.6024839400283527 0.02195760501622635 0.030492920273968396