9 0.15179025423728812 0.40041797283176594 0.03020127118644068 0.0325705329153605
9 0.21220338983050846 0.37942528735632186 0.02646186440677966 0.025872518286311392
9 0.2877754237288136 0.330208986415883 0.02284957627118644 0.021922675026123304
9 0.35041313559322035 0.3562068965517241 0.027754237288135593 0.026677115987460816
9 0.38398305084745765 0.4244932079414838 0.02979872881355932 0.02270637408568443
9 0.3502542372881356 0.4723092998955068 0.024978813559322032 0.02143155694879833
9 0.4879872881355932 0.5358725182863114 0.0225635593220339 0.029822361546499476
9 0.5210911016949152 0.5149634273772205 0.02643008474576271 0.02554858934169279
9 0.5554978813559321 0.4968965517241379 0.025243644067796608 0.024555903866248695
9 0.5783580508474576 0.49039707419017764 0.021154661016949152 0.020041797283176593
9 0.6669491525423729 0.4562382445141066 0.04304025423728814 0.05350052246603971
9 0.711875 0.3836363636363636 0.033400423728813564 0.03187042842215256
9 0.7291101694915254 0.3544618599791014 0.02733050847457627 0.026812957157784745
9 0.7595550847457627 0.39072100313479624 0.02680084745762712 0.02786833855799373
9 0.6458686440677966 0.30799373040752354 0.026652542372881356 0.027168234064785787
9 0.6768644067796611 0.32804597701149424 0.023125 0.02487983281086729
9 0.5854449152542373 0.33034482758620687 0.02909957627118644 0.03189132706374086
9 0.8441843220338983 0.40477533960292583 0.023792372881355932 0.03052246603970742
9 0.816313559322034 0.3912748171368861 0.03469279661016949 0.030188087774294672
9 0.7826165254237287 0.37693834900731454 0.028728813559322035 0.02694879832810867
9 0.7983580508474576 0.5296133751306165 0.0331885593220339 0.03425287356321839
9 0.8245444915254238 0.5472622779519332 0.04236228813559322 0.04168234064785789
9 0.8424046610169492 0.5772831765935215 0.027341101694915253 0.026624869383490072
9 0.6873516949152543 0.5438871473354232 0.037171610169491526 0.03856844305120167
9 0.7187076271186441 0.5891013584117032 0.030328389830508475 0.0296551724137931
9 0.719989406779661 0.6269278996865204 0.03120762711864407 0.02897596656217346
9 0.7542161016949153 0.6465308254963428 0.030540254237288133 0.03184952978056426
9 0.7191101694915255 0.6617972831765936 0.03066737288135593 0.0296551724137931
9 0.7371927966101695 0.7056008359456635 0.03143008474576271 0.02881922675026123
9 0.7762711864406779 0.7517136886102403 0.029533898305084745 0.026551724137931033
9 0.6147139830508475 0.772612330198537 0.03565677966101694 0.035632183908045977
9 0.5840148305084745 0.7232288401253918 0.026991525423728815 0.025308254963427375
9 0.5980296610169491 0.672884012539185 0.02111228813559322 0.023970741901776386
9 0.6571610169491525 0.6475444096133752 0.028146186440677966 0.030240334378265413
9 0.652436440677966 0.5941797283176593 0.026292372881355934 0.026478578892371995
9 0.6117478813559322 0.6136468129571577 0.03333686440677966 0.023009404388714735
9 0.5812923728813559 0.6530929989550679 0.02891949152542373 0.04253918495297806
9 0.5185593220338983 0.6984952978056427 0.03364406779661017 0.03036572622779519
9 0.49528601694915253 0.7167816091954023 0.04238347457627118 0.03423197492163009
9 0.45670550847457625 0.7044305120167189 0.025402542372881358 0.02528735632183908
9 0.478135593220339 0.685987460815047 0.02754237288135593 0.028359456635318706
9 0.4267478813559322 0.6813584117032392 0.02322033898305085 0.022748171368861023
9 0.41322033898305083 0.7130407523510972 0.028411016949152542 0.027951933124346916
9 0.5735275423728813 0.5814315569487982 0.03550847457627119 0.03732497387669801
9 0.609364406779661 0.5572413793103448 0.026122881355932204 0.022873563218390805
9 0.5813559322033898 0.5460815047021944 0.025360169491525426 0.024785788923719958
9 0.6370868644067796 0.5178056426332288 0.031197033898305086 0.028808777429467084
9 0.6402542372881356 0.4927795193312434 0.028940677966101697 0.02360501567398119
9 0.5114300847457627 0.48772204806687564 0.029226694915254238 0.029226750261233017
9 0.5489512711864407 0.43021943573667715 0.03083686440677966 0.05669801462904911
9 0.5160593220338984 0.4209090909090909 0.031122881355932202 0.027659352142110762
9 0.5259957627118644 0.3815987460815047 0.028845338983050847 0.02188087774294671
9 0.5802436440677966 0.3994775339602926 0.035434322033898305 0.029634273772204806
9 0.6030614406779661 0.36468129571577845 0.029480932203389827 0.026666666666666665
9 0.6190148305084746 0.38679205851619647 0.04916313559322034 0.028463949843260186
9 0.665646186440678 0.36089864158829676 0.025900423728813557 0.022100313479623823
9 0.6651906779661018 0.341901776384535 0.023559322033898305 0.017450365726227796
9 0.6446080508474576 0.3334587251828631 0.02044491525423729 0.018746081504702194
9 0.6363347457627119 0.3475444096133751 0.023548728813559322 0.02026123301985371
9 0.4190677966101695 0.2977220480668757 0.021620762711864406 0.038129571577847444
9 0.19627118644067798 0.6816718913270637 0.03435381355932204 0.033082549634273775
9 0.20545550847457625 0.716405433646813 0.033591101694915255 0.03230929989550679
9 0.3277118644067797 0.7249738766980146 0.030752118644067798 0.03135841170323929
9 0.37794491525423723 0.6967189132706374 0.03090042372881356 0.03869383490073145
9 0.31139830508474575 0.6612957157784745 0.028834745762711864 0.02471264367816092
9 0.34573093220338985 0.5900208986415882 0.024713983050847457 0.027492163009404387
9 0.3187923728813559 0.5976384535005225 0.028029661016949155 0.044858934169279
9 0.28939618644067794 0.5992894461859979 0.02641949152542373 0.024743991640543365
9 0.29965042372881356 0.6149320794148381 0.02210805084745763 0.021650992685475445
9 0.31283898305084745 0.6337408568443051 0.05278601694915254 0.03829676071055381
9 0.3820338983050847 0.6117763845350053 0.027192796610169493 0.02311389759665622
9 0.4280614406779661 0.5905224660397074 0.02233050847457627 0.02285266457680251
9 0.44754237288135595 0.6211494252873564 0.028156779661016946 0.025047021943573666
9 0.4844279661016949 0.6457053291536051 0.023633474576271185 0.03452455590386625
9 0.4702012711864407 0.6612016718913271 0.024745762711864405 0.025893416927899687
9 0.7388665254237288 0.22091954022988505 0.027404661016949154 0.03082549634273772
9 0.560572033898305 0.2616091954022989 0.056324152542372885 0.03933124346917451
9 0.5877436440677967 0.15318704284221524 0.029639830508474577 0.03149425287356322
9 0.5465995762711865 0.17199582027168234 0.027489406779661017 0.03134796238244514
9 0.5036334745762712 0.17936259143155694 0.02791313559322034 0.032915360501567396
9 0.49811440677966107 0.2551828631138976 0.02673728813559322 0.027335423197492163
9 0.464364406779661 0.2671577847439916 0.0256885593220339 0.0400417972831766
9 0.39222457627118645 0.25681295715778474 0.026790254237288133 0.024451410658307207
9 0.4058686440677966 0.19868338557993728 0.023802966101694915 0.026750261233019854
9 0.42322033898305084 0.16634273772204805 0.023792372881355932 0.027951933124346916
9 0.37577330508474577 0.20420062695924762 0.026832627118644065 0.028140020898641586
9 0.43386652542372883 0.188380355276907 0.03415254237288136 0.02723092998955068
9 0.4312923728813559 0.2085370950888192 0.033072033898305084 0.01941483803552769
9 0.4669491525423729 0.21749216300940438 0.02399364406779661 0.029237199582027168
9 0.4740466101694915 0.23994775339602925 0.027701271186440675 0.02058516196447231
9 0.43851694915254236 0.25756530825496343 0.01951271186440678 0.01884012539184953
9 0.4257944915254237 0.22847439916405435 0.036059322033898306 0.024858934169278996
9 0.3440995762711864 0.24908045977011495 0.023135593220338983 0.019529780564263324
9 0.3568220338983051 0.22952978056426332 0.027108050847457626 0.027857889237199583
9 0.31798728813559324 0.22687565308254964 0.026991525423728815 0.026927899686520377
9 0.3344491525423729 0.19543364681295716 0.025201271186440676 0.029916405433646813
9 0.32576271186440675 0.26391849529780564 0.02563559322033898 0.02811912225705329
9 0.3548411016949153 0.2720167189132706 0.023940677966101696 0.022361546499477532
9 0.3551377118644068 0.3054545454545454 0.03313559322033898 0.039853709508881924