9 0.4010975169656616 0.028845335236998913 0.03750570652893353 0.03538175891692504
9 0.4161248739252976 0.10291870506501173 0.03325371895923407 0.037311035730360216
9 0.4253972330402554 0.15844492272282706 0.03647062033389602 0.0407132160513183
9 0.3830072518659558 0.20916702108670654 0.03645201320230443 0.037480457430628646
9 0.23603147254885284 0.19163714343698637 0.040728810280792595 0.039861525444779694
9 0.3411127500705391 0.3589705765849793 0.039662712199769024 0.03980505154469021
9 0.5069971528789299 0.14658156591770566 0.034313614663060286 0.03628992342355312
9 0.5389521846122461 0.14973648684605567 0.03110291566559557 0.03396532930949155
9 0.5462381034292907 0.18005237644198097 0.030024412830177885 0.031753682995609024
9 0.4665222846647759 0.23490623372278543 0.030024412830177764 0.03175368299560896
9 0.4442768796388185 0.21130770286604392 0.0321814185010135 0.036176975623374144
9 0.42112318175191993 0.25293137447658853 0.031096713288398456 0.032887743102595
9 0.4023021023382842 0.2824757022109131 0.027886014290933618 0.03056314898853356
9 0.38190358412330344 0.308333189071234 0.03218141850101337 0.03617697562337427
9 0.4872622890240474 0.057137328640095526 0.03331574273120583 0.04808689779932573
9 0.48386551871066724 0.09178950896105363 0.031158737060370215 0.04366360517156058
9 0.6105947380541203 0.10877601140212918 0.028945909994759957 0.029542036681726433
9 0.6472014552879084 0.13700007564214542 0.03105949902521528 0.02642222586121572
9 0.6362768734467937 0.1833622284361437 0.03001200807578341 0.02959851058181586
9 0.6791182065627043 0.4245530443410508 0.03646441795669866 0.039635629844421746
9 0.7323738469947453 0.33770586214869036 0.04071020314920113 0.036628766824090164
9 0.7929095592650794 0.189607978916093 0.03434462654904622 0.04167785445803587
9 0.7305025060734257 0.19991601241615542 0.03109051091120134 0.03181015689569851
9 0.3849678164597428 0.5166202245053588 0.03646441795669866 0.039635629844421746
9 0.3701881991895482 0.49208758324454266 0.03112152279718716 0.03719808793018121
9 0.34500774555295477 0.5155052371380249 0.025766222883281183 0.03260537360214757
9 0.28717210235665536 0.47224685779635 0.03539831987567533 0.03957915594433226
9 0.1958008874370959 0.42268550975576974 0.03539211749847815 0.03850156973743571
9 0.22961831192438178 0.4726024828839407 0.0289769218807459 0.03492996771620913
9 0.204053666300009 0.47018630476195045 0.03546034364764709 0.050355018013297774
9 0.22283717605201583 0.5397516711120638 0.03539831987567533 0.03957915594433226
9 0.23388234885002976 0.5650207641266415 0.02893970761756272 0.02846445047482982
9 0.3124976010604909 0.6087942817269162 0.03224964465018249 0.04803042389923609
9 0.35490547856949034 0.7401277784284647 0.032212430386999315 0.04156490665785678
9 0.5022565017070227 0.6924636905609433 0.03863382838192875 0.046214094885980155
9 0.5481545405858059 0.6803370369950266 0.035385915121280975 0.037423983530539155
9 0.4881064257223419 0.5585560493001271 0.043939509278257315 0.04218611955884126
9 0.5175819281705692 0.622168745614863 0.02787360953653939 0.028407976574740455
9 0.5355912069682659 0.5484998572978692 0.032187620878210615 0.0372545618302707
9 0.5830852917799856 0.5368272859852665 0.028964517126351546 0.03277479530241615
9 0.4005134273137892 0.40807096921445085 0.0397247359717409 0.05058091361365573
9 0.3324347529711733 0.477928613594271 0.043964318787046014 0.04649646438642747
9 0.3124669445729507 0.5215380359183402 0.038652435513520336 0.04944685350666981
9 0.2802917284491345 0.5566374253348179 0.03216901374661903 0.03402180320958092
9 0.2820800480751837 0.5236863351743388 0.031177344191961803 0.04689636379225017
9 0.2590628024866231 0.5416031102331593 0.027892216668130857 0.03164073519543011
9 0.2804812563520943 0.4311268691814144 0.037573932678102405 0.04723520719278709
9 0.31120201502317174 0.6487214452821782 0.03430120990866593 0.034134751009760135
9 0.36323339675566124 0.5894091852657691 0.0268261185871074 0.031584261295340504
9 0.4649038196147575 0.42351205687972676 0.039675116954163495 0.04196022395848331
9 0.13307786840683175 0.39530626296449756 0.023584407703656808 0.023871736146796302
9 0.10420364114828516 0.31981188142385497 0.028952112371957134 0.030619622888622924
9 0.13382489946064619 0.3581013018765218 0.035503760288027375 0.05789812146157364
9 0.11252154497176867 0.3559980212576218 0.031121522797187127 0.03719808793018121
9 0.6235842587060367 0.629480627038718 0.03110291566559557 0.03396532930949155
9 0.6430868888144707 0.6666901702318901 0.03753671841491947 0.040769689951407784
9 0.6197760965043815 0.4578597595891206 0.024662910539074552 0.026083382460678768
9 0.557359739746932 0.4697841723995278 0.027879811913736504 0.02948556278163701
9 0.6035027725250037 0.41509286366119724 0.027892216668130975 0.03164073519543011