9 0.551578440294122 0.9122470950901601 0.029057631323048262 0.02910714664195524
9 0.6475866563104953 0.6245023992021168 0.02689283540772144 0.02590939503884755
9 0.6622640173354545 0.6515559725230946 0.027969043975241567 0.02698743750706806
9 0.7229642091092261 0.6588377265450004 0.031222427238375084 0.032304898245063406
9 0.6968759944201118 0.7006366648394862 0.027969043975241567 0.02698743750706806
9 0.7056899128349975 0.7264485045852508 0.02365183092487401 0.02163360096751935
9 0.5572404684913858 0.4938608531056991 0.02585376318105981 0.02795635257062704
9 0.583799076831378 0.49164524814454674 0.021573686471550987 0.025727516031078087
9 0.4807255585410875 0.5427861074930412 0.026880456627435115 0.024867728372180882
9 0.42858812879717845 0.8533763779114611 0.025816626840201074 0.024831352570627036
9 0.45420669515279927 0.8615410638154216 0.023713724826305398 0.02684193430085268
9 0.4892883205709501 0.860658131933367 0.03330057169169811 0.028210983181504428
9 0.5729165572815419 0.8734094656886817 0.023726103606591723 0.027883600967519347
9 0.4924790646152679 0.7712203018062493 0.03566342809160506 0.04807540145127878
9 0.4971676410742232 0.8078241383457984 0.023787997508022993 0.03309193430085268
9 0.5272020780638095 0.7849025153567513 0.019384132995651754 0.020446431094636827
9 0.5445885286779988 0.8162136948482803 0.020423205222313265 0.018399473562857337
9 0.5590987761690935 0.829204768169258 0.019359375435079103 0.018363097761303494
9 0.572155262293937 0.8093469656886818 0.021536550130692493 0.022602516031077848
9 0.610094150006061 0.780448161211289 0.031135775776371045 0.025013231578396737
9 0.7319459863753607 0.7882590238225443 0.03013383989056839 0.030185189110175988
9 0.6999506306864788 0.7803969164425939 0.024740418272680705 0.023753310102406524
9 0.6809192929289853 0.789637985347957 0.02472803949239462 0.022711643435739857
9 0.7062597093868577 0.8191386500178071 0.03546536760702493 0.03140873478461212
9 0.6969947108089077 0.8448529344704885 0.02477755461353944 0.026878310102406527
9 0.6672817494480721 0.8500844120269792 0.019384132995651754 0.020446431094636827
9 0.6592531382639796 0.8008714480827687 0.019458405677369228 0.026696431094636826
9 0.6307401732735268 0.8175976347741466 0.01933461787450669 0.016279764427970158
9 0.6310059443909892 0.7952199893415901 0.033374844373415584 0.03446098318150443
9 0.5914341756571555 0.8209392301166522 0.045138865934421436 0.04006945033193053
9 0.5831397933556005 0.7941039116049978 0.02151179257011984 0.020519182697744755
9 0.7321200346167527 0.892389314687657 0.04612842303993776 0.033855826133484375
9 0.739331646301952 0.8728522786318678 0.016118370952232154 0.014087303689975291
9 0.7634225512682962 0.886691567500164 0.018320303208417713 0.02041005529308298
9 0.7695302155558654 0.505805325515703 0.031222427238375084 0.03230489824506317
9 0.8580392724785417 0.6160798079097898 0.0322738782453228 0.03129960737995034
9 0.8662091216598499 0.5429515022229979 0.02587852074163222 0.030039685903960372
9 0.7992694251120422 0.6817510963561044 0.02263751625878527 0.025763891832631933
9 0.818900761054727 0.678257382018185 0.023726103606591484 0.027883600967519347
9 0.82376264043769 0.7294445518910673 0.024789933393825767 0.027919976769073193
9 0.8557026642739759 0.7773926380369075 0.0291814191259108 0.03952381330862214
9 0.8072736513942543 0.7736542057328715 0.028006180316100304 0.03011243750706806
9 0.7690434896867112 0.7333003647777079 0.028006180316100304 0.03011243750706806
9 0.923501568075602 0.5766684409394652 0.021586065251837313 0.026769182697744753
9 0.9330268936982554 0.6176026352526733 0.01940889055622441 0.02252976442797016
9 0.940250884163741 0.5991072658635507 0.018320303208417713 0.02041005529308298
9 0.9085653706407079 0.6620603039161566 0.018307924428131384 0.019368388626416315
9 0.9199212651109592 0.6780672498324727 0.015153571407288237 0.02238426122175478
9 0.9351796834919882 0.6645321989550041 0.02064602326746605 0.03714947356285734
9 0.891241559245334 0.7255044152897402 0.017231715860611018 0.018290346158195803
9 0.8477832261603067 0.46891380149735856 0.029045252542761937 0.02806547997528869
9 0.8812447219957262 0.5106664513455296 0.022649895039071357 0.0268055584992986
9 0.8860687197204459 0.46918166368663244 0.01834506076899012 0.022493388626416314
9 0.873549219903286 0.3552580511036497 0.019384132995651754 0.020446431094636945
9 0.8008439930116187 0.3668288086972073 0.021524171350405925 0.02156084936441142
9 0.8349979552256844 0.37736783434693233 0.022563243577067557 0.01951389183263193
9 0.8046846230209652 0.33207847857008965 0.02263751625878527 0.025763891832631933
9 0.8209144029957736 0.35554078226006486 0.01835743954927645 0.02353505529308298
9 0.7500838160000902 0.4353770823218431 0.029119525224479654 0.03431547997528881
9 0.7290114701301326 0.4518370662907649 0.030158597451141043 0.03226852244350932
9 0.6980489972777691 0.4414071680457017 0.03030714281457599 0.044768522443509325
9 0.6804582967888564 0.39290848855417254 0.026967108089438915 0.03215939503884755
9 0.6738590620691348 0.4192345458440722 0.025903278302204874 0.0321230192372937
9 0.6696579567967181 0.24468262757429773 0.031222427238375084 0.03230489824506317
9 0.6442323795116108 0.38698421130133986 0.024765175833253356 0.02583664343573974
9 0.6399031603396493 0.4253621868610139 0.040957819467202984 0.04617394712571491
9 0.6056319723715563 0.4497008066438454 0.0214746562292611 0.017394182697744752
9 0.6111364303533282 0.4207342068857252 0.021548928910978576 0.023644182697744754
9 0.5878002583257538 0.425663105918206 0.032236741904464065 0.028174607379950464
9 0.5652992813088096 0.456131026184797 0.023664209705160578 0.022675267634185776
9 0.6363286741064574 0.482508350321465 0.02382513384888161 0.036216934300852446
9 0.6176930846594323 0.48030927379427174 0.018307924428131627 0.019368388626416315
9 0.5925507286861403 0.4674752757910883 0.031160533336943696 0.027096564911729834
9 0.5632068947817395 0.2353158807522407 0.02368896726573299 0.02475860096751923
9 0.6935260437179097 0.2397719164425939 0.022649895039071357 0.026805558499298658
9 0.5210563863103734 0.31248849412264085 0.024789933393825767 0.027919976769073193
9 0.518236260357259 0.3436293667179792 0.026880456627435115 0.024867728372180882
9 0.5003801614095762 0.3622818114248962 0.024740418272680705 0.023753310102406406
9 0.5423828698348914 0.36215615558627534 0.021586065251837313 0.026769182697744753
9 0.5650822799951079 0.39312838075224066 0.02046034156317188 0.021524473562857457
9 0.5691209704890344 0.3750447172917896 0.027956665194955484 0.025945770840401512
9 0.5906760887901562 0.39920973332286763 0.026942350528866264 0.030076061705514214
9 0.4933975571596726 0.40108968081401886 0.023713724826305398 0.026841934300852563
9 0.4733209577853747 0.41185687391782805 0.020447962782885798 0.02048280689619091
9 0.4800691105272236 0.4428042953938181 0.023639452144587923 0.02059193430085256
9 0.4718926992970803 0.4706382889813868 0.028068074217531696 0.035320770840401514
9 0.4754864990180858 0.5046015830527152 0.02368896726573299 0.02475860096751923
9 0.5168211259666352 0.4929994059799841 0.026892835407721322 0.02590939503884755
9 0.5327843895065968 0.4492923975707363 0.023738482386878052 0.028925267634185896
9 0.510011079323355 0.4568436511706607 0.024876584855829567 0.035211643435739744
9 0.41951164738543606 0.49227518680446863 0.023726103606591723 0.02788360096751923
9 0.4285538279182332 0.44781090235178705 0.024765175833253234 0.02583664343573974
9 0.4346706628654829 0.4256333238277772 0.026979486869725122 0.033201061705514213
9 0.4222505659493054 0.36481652334401754 0.02475279705296703 0.024794976769073072
9 0.4506401157955876 0.38244714875186264 0.025903278302204874 0.0321230192372937
9 0.4541898444682069 0.3232176519580783 0.030146218670854718 0.031226855776842654
9 0.41035619453660166 0.3034970774277016 0.04089592556577147 0.04096561379238158
9 0.3634420916071784 0.2482688967267734 0.026942350528866385 0.030076061705514277
9 0.36550278586614854 0.3769329179608837 0.028006180316100304 0.030112437507068178
9 0.3907998765930188 0.4027877492974004 0.035527261508456316 0.03661706811794545
9 0.3902559555778077 0.4465013734958465 0.030158597451141043 0.03226852244350932
9 0.40967685225562606 0.4252993258245938 0.019433648116796817 0.02461309776130361
9 0.4094427734062636 0.5398280954555962 0.027981422755527896 0.028029104173734963
9 0.37645786061186515 0.5381796122740918 0.03650443983368644 0.02936177725283263
9 0.3849928838116178 0.49578047325396674 0.020447962782885798 0.02048280689619091
9 0.359906232349614 0.4876339752507833 0.022575622357353883 0.020555558499298597
9 0.37029113788477824 0.5114170453655454 0.024789933393825767 0.027919976769073193
9 0.3489650270189524 0.5065228626678007 0.02585376318105981 0.02795635257062704
9 0.32237509906955225 0.4613608221963967 0.02472803949239438 0.022711643435739857
9 0.3538567353765544 0.4259937629096805 0.03656633373511771 0.034570110586165964
9 0.35947916442973804 0.4516964752507833 0.020460341563172002 0.021524473562857575
9 0.35352869769896855 0.39838959624301384 0.017268852201469995 0.021415346158195802
9 0.3056873042241523 0.39935685183975483 0.04287503977680449 0.028538365395489505
9 0.43092101041482256 0.24432876012544633 0.02367658848544666 0.023716934300852564
9 0.408889681731372 0.22483305619359129 0.04093306190663033 0.044090613792381696
9 0.4569287630320762 0.19575898849762724 0.022748925281361482 0.035138891832631934
9 0.26094418660019897 0.3478472560752678 0.022600379917926353 0.022638891832631933
9 0.24107802649076748 0.37632278251241025 0.02475279705296697 0.024794976769073194
9 0.19741917011793852 0.5502794563789258 0.0322738782453228 0.031299607379950585
9 0.18593911518613238 0.47908236503005336 0.02480231217411197 0.02896164343573986
9 0.2036357806248626 0.6259821687200287 0.026905214188007526 0.026951061705514215
9 0.21695259379440968 0.6727728450053422 0.035440610046452395 0.029325401451278783
9 0.24289919782761643 0.7085416975759692 0.02475279705296691 0.024794976769073194
9 0.24910156626079338 0.5593353494209568 0.034438674160649684 0.03449735898305827
9 0.26207759031377614 0.5327067136070472 0.02796904397524163 0.02698743750706818
9 0.27942653192841455 0.5161194143326866 0.029045252542761937 0.02806547997528869
9 0.293979732491819 0.48798284222110794 0.030096703549709655 0.027060189110175988
9 0.2835700693960822 0.46211643877301256 0.027894771293524096 0.020737437507068062
9 0.31088997272367946 0.5239633338118601 0.020435584002599472 0.019441140229524242