9 0.9023141361256545 0.5315179487179488 0.027895287958115182 0.028184615384615384
9 0.6116649214659686 0.6324307692307692 0.02553926701570681 0.025466666666666665
9 0.6381570680628272 0.6458871794871794 0.02633507853403141 0.0266974358974359
9 0.6443560209424084 0.7036102564102564 0.03142408376963351 0.028584615384615385
9 0.6870157068062828 0.6774256410256411 0.026010471204188482 0.026584615384615387
9 0.7125549738219895 0.6849435897435898 0.020722513089005235 0.022851282051282052
9 0.4818010471204189 0.5484717948717949 0.02750785340314136 0.02444102564102564
9 0.4790157068062827 0.5741435897435897 0.02500523560209424 0.020984615384615386
9 0.5316753926701571 0.4733025641025641 0.023853403141361258 0.0252
9 0.8452356020942409 0.41428717948717947 0.024324607329842932 0.024246153846153848
9 0.8529947643979058 0.43825641025641027 0.02668062827225131 0.022123076923076922
9 0.8514764397905759 0.472225641025641 0.0261151832460733 0.031856410256410256
9 0.8626073298429319 0.5529128205128205 0.02699476439790576 0.022123076923076922
9 0.7613821989528796 0.47813333333333335 0.04558115183246073 0.0332
9 0.7985340314136126 0.48150769230769236 0.032219895287958114 0.021333333333333333
9 0.7747539267015706 0.5110769230769231 0.020041884816753928 0.01876923076923077
9 0.8058743455497382 0.5271076923076923 0.0181151832460733 0.019394871794871794
9 0.8186282722513089 0.5410153846153847 0.018178010471204188 0.018123076923076926
9 0.7983350785340314 0.5536102564102564 0.022052356020942406 0.02002051282051282
9 0.7687539267015706 0.5914666666666666 0.0234869109947644 0.029384615384615384
9 0.7744921465968586 0.7086666666666667 0.02942408376963351 0.028420512820512823
9 0.7671204188481676 0.6778461538461539 0.0230261780104712 0.023200000000000002
9 0.776910994764398 0.6594871794871795 0.02213612565445026 0.023600000000000003
9 0.8056230366492146 0.6832615384615384 0.02957068062827225 0.03402051282051282
9 0.8320942408376963 0.6730974358974359 0.025895287958115184 0.023353846153846152
9 0.8376649214659686 0.6445230769230769 0.02006282722513089 0.018215384615384616
9 0.7887329842931937 0.6385538461538461 0.02607329842931937 0.018841025641025643
9 0.8055602094240837 0.6103179487179486 0.015780104712041883 0.01804102564102564
9 0.7830157068062827 0.6114769230769231 0.032837696335078534 0.03074871794871795
9 0.8098010471204189 0.5725025641025642 0.0378848167539267 0.0418974358974359
9 0.7828167539267016 0.5651794871794872 0.02030366492146597 0.020564102564102564
9 0.8790261780104712 0.7059897435897436 0.03159162303664922 0.04310769230769231
9 0.8593193717277486 0.7131179487179486 0.013392670157068062 0.015046153846153846
9 0.8727225130890053 0.7363282051282051 0.01974869109947644 0.016933333333333335
9 0.4900837696335078 0.7530871794871795 0.031727748691099476 0.028933333333333335
9 0.5990575916230366 0.8352820512820512 0.029654450261780103 0.03030769230769231
9 0.5255497382198953 0.8449641025641026 0.02969633507853403 0.025107692307692307
9 0.6665130890052355 0.776974358974359 0.025486910994764397 0.022
9 0.6621256544502618 0.7959384615384615 0.02774869109947644 0.02268717948717949
9 0.7138115183246074 0.7991384615384615 0.027738219895287956 0.023907692307692307
9 0.7612565445026178 0.8285948717948718 0.03828272251308901 0.026974358974358976
9 0.7586910994764398 0.7820923076923076 0.029727748691099478 0.026656410256410256
9 0.7180942408376964 0.7462871794871795 0.029486910994764397 0.026512820512820515
9 0.5586073298429319 0.8995794871794872 0.026272251308900523 0.020451282051282053
9 0.5993507853403142 0.9076 0.02225130890052356 0.018625641025641026
9 0.5806701570680628 0.9153538461538462 0.020240837696335078 0.017384615384615384
9 0.6445759162303666 0.8823384615384615 0.019225130890052355 0.01722051282051282
9 0.6604607329842932 0.8932820512820513 0.02194764397905759 0.014553846153846153
9 0.6466701570680629 0.9082358974358974 0.03709947643979058 0.01877948717948718
9 0.7089528795811518 0.8642358974358975 0.018031413612565442 0.01675897435897436
9 0.451130890052356 0.8299179487179487 0.02676439790575916 0.027405128205128203
9 0.49276439790575916 0.8608717948717949 0.025675392670157067 0.02118974358974359
9 0.45117277486910995 0.8666358974358974 0.022293193717277487 0.01708717948717949
9 0.3366282722513089 0.8577538461538461 0.02006282722513089 0.01830769230769231
9 0.34972774869109946 0.7872923076923077 0.021172774869109946 0.020297435897435896
9 0.3595392670157068 0.8198974358974359 0.018471204188481676 0.021682051282051282
9 0.3146178010471204 0.7919179487179487 0.02505759162303665 0.021743589743589743
9 0.3376020942408377 0.8071794871794872 0.02280628272251309 0.01764102564102564
9 0.41935078534031417 0.7361538461538462 0.033884816753926704 0.02633846153846154
9 0.43589528795811516 0.715374358974359 0.03147643979057591 0.02722051282051282
9 0.42619895287958115 0.686 0.0436020942408377 0.027641025641025642
9 0.3780942408376963 0.6704205128205127 0.03118324607329843 0.02438974358974359
9 0.40495287958115184 0.662974358974359 0.03138219895287958 0.02402051282051282
9 0.2290680628272251 0.6643179487179488 0.031790575916230364 0.028943589743589744
9 0.37280628272251304 0.6353538461538462 0.025162303664921466 0.02316923076923077
9 0.41117277486910997 0.6302564102564102 0.04403141361256544 0.037856410256410254
9 0.4360523560209424 0.5966461538461538 0.017141361256544505 0.020892307692307693
9 0.40734031413612565 0.6025230769230769 0.023539267015706807 0.02035897435897436
9 0.4123350785340314 0.5798461538461539 0.02669109947643979 0.030820512820512822
9 0.44368586387434555 0.5572717948717949 0.02213612565445026 0.022523076923076923
9 0.46871204188481674 0.6249025641025641 0.03610471204188481 0.02198974358974359
9 0.4669109947643979 0.6071282051282052 0.019193717277486907 0.01729230769230769
9 0.4546910994764398 0.5834256410256411 0.025392670157068063 0.030174358974358977
9 0.22123560209424084 0.5617435897435898 0.024094240837696335 0.022543589743589745
9 0.22360209424083768 0.6871897435897436 0.0258848167539267 0.02134358974358974
9 0.3002408376963351 0.5187897435897436 0.027089005235602096 0.023733333333333335
9 0.33164397905759163 0.5152615384615384 0.023759162303664923 0.0256
9 0.35041884816753927 0.49727179487179485 0.02350785340314136 0.023117948717948717
9 0.34922513089005236 0.5377846153846154 0.02656544502617801 0.0204
9 0.38034554973821993 0.5589846153846154 0.021329842931937175 0.01925128205128205
9 0.3616230366492147 0.5636717948717949 0.025591623036649216 0.02641025641025641
9 0.3857801047120419 0.5833333333333334 0.029842931937172777 0.02552820512820513
9 0.3894973821989529 0.4898153846153846 0.02660732984293194 0.02272820512820513
9 0.40047120418848164 0.46992820512820516 0.02006282722513089 0.019794871794871795
9 0.4313193717277487 0.47528205128205125 0.020219895287958114 0.02268717948717949
9 0.45992670157068066 0.46726153846153845 0.03409424083769634 0.025630769230769228
9 0.493717277486911 0.4691692307692308 0.023706806282722512 0.02274871794871795
9 0.4813298429319372 0.5098666666666667 0.02561256544502618 0.02598974358974359
9 0.4371623036649215 0.5259179487179487 0.028481675392670155 0.02233846153846154
9 0.4450890052356021 0.5040615384615384 0.03432460732984293 0.022194871794871795
9 0.48237696335078534 0.4157128205128205 0.027717277486910993 0.023025641025641023
9 0.43762303664921465 0.4256 0.024837696335078534 0.023805128205128204
9 0.41510994764397907 0.4321846153846154 0.03225130890052356 0.024697435897435897
9 0.35391623036649217 0.42228717948717953 0.02386387434554974 0.023897435897435898
9 0.37139267015706806 0.4487897435897436 0.03124607329842932 0.023292307692307692
9 0.3114973821989529 0.4537435897435897 0.030219895287958116 0.02762051282051282
9 0.292848167539267 0.41223589743589745 0.038513089005235604 0.038410256410256416
9 0.23820942408376963 0.3685538461538461 0.02954973821989529 0.025856410256410257
9 0.3668376963350785 0.3670871794871795 0.02919371727748691 0.02625641025641026
9 0.3924921465968586 0.39076923076923076 0.034649214659685866 0.03231794871794872
9 0.43689005235602096 0.38887179487179485 0.03135078534031414 0.027394871794871795
9 0.4149528795811518 0.40796923076923075 0.023958115183246073 0.018707692307692307
9 0.5305759162303665 0.40453333333333336 0.027204188481675395 0.02634871794871795
9 0.5293403141361256 0.37304615384615386 0.027706806282722513 0.034830769230769235
9 0.4863979057591623 0.3827589743589744 0.019790575916230364 0.01964102564102564
9 0.478544502617801 0.35833846153846155 0.020041884816753928 0.02105641025641026
9 0.5028272251308901 0.3678769230769231 0.027141361256544504 0.023384615384615386
9 0.4978952879581152 0.3473538461538462 0.026827225130890052 0.02475897435897436
9 0.45272251308900524 0.3232615384615385 0.021968586387434555 0.023476923076923076
9 0.4167958115183246 0.35412307692307693 0.03220942408376964 0.033846153846153845
9 0.4426387434554974 0.35915897435897437 0.020984293193717276 0.019343589743589743
9 0.3889633507853403 0.35473846153846156 0.02119371727748691 0.0162974358974359
9 0.39092146596858635 0.30846153846153845 0.026397905759162305 0.040769230769230766
9 0.23312041884816753 0.4336102564102564 0.02281675392670157 0.02268717948717949
9 0.21381151832460732 0.41332307692307696 0.04232460732984293 0.038338461538461543
9 0.18352879581151835 0.46033846153846153 0.03420942408376963 0.020584615384615385
9 0.3399895287958115 0.2667897435897436 0.022230366492146596 0.021066666666666664
9 0.3684188481675392 0.2467794871794872 0.02436649214659686 0.023487179487179485
9 0.5447539267015707 0.20016410256410255 0.029340314136125655 0.030738461538461537
9 0.47352879581151835 0.1909128205128205 0.028240837696335078 0.023405128205128207
9 0.6204816753926701 0.20338461538461539 0.02575916230366492 0.02601025641025641
9 0.6672251308900524 0.21514871794871795 0.026910994764397907 0.03390769230769231
9 0.702607329842932 0.2391179487179487 0.023581151832460734 0.023784615384615387
9 0.5526806282722513 0.24945641025641024 0.03265968586387435 0.032174358974358976
9 0.525413612565445 0.26246153846153847 0.02598952879581152 0.026933333333333333
9 0.5087539267015707 0.2801025641025641 0.026890052356020943 0.0276
9 0.480020942408377 0.294974358974359 0.02641884816753927 0.028317948717948717
9 0.45453403141361254 0.2855692307692308 0.02001047120418848 0.026246153846153846
9 0.5163874345549738 0.31014358974358974 0.019350785340314137 0.019569230769230766