9 0.838225036851265 0.6045866412485958 0.03553321171825912 0.03798577366063512
9 0.7709789365795952 0.6287337036000618 0.029577182120006318 0.029739102571601894
9 0.6869159069816488 0.6839024794835791 0.026007623678479874 0.025020984975653533
9 0.6188389670841299 0.6563856121272721 0.0307602694048064 0.030928666674465907
9 0.5847032772618023 0.5823224896784197 0.03300466445165205 0.026411243156056263
9 0.6234174696504463 0.5287191275997051 0.02833320507382871 0.025101262606668916
9 0.4752876982817739 0.4608884596453252 0.026169996375486514 0.034216387274503976
9 0.4376826125072388 0.48458669484502165 0.029556885532880387 0.028589677284245572
9 0.3989654775028438 0.5054515056418352 0.0283940948352061 0.02854953846873788
9 0.3738436979800888 0.5132110418993898 0.02364144910887918 0.022641856769925243
9 0.2755299368809738 0.5527895989537654 0.04989263183286895 0.061455945193854375
9 0.22355822531401695 0.6332712696122609 0.03902158381128251 0.0381061901071582
9 0.2032326273075914 0.6655628248781915 0.030760269404806598 0.030928666674465907
9 0.17138486832211186 0.6264568266549375 0.029617775294258044 0.03203795314631454
9 0.2930068070119706 0.7147308478432993 0.029597478707132113 0.030888527858958216
9 0.25968166022836625 0.6934810803895759 0.026068513439857263 0.0284692608377225
9 0.36027320387076633 0.6894343602044768 0.03318733373578462 0.03675607074226316
9 0.0786660613150459 0.6124265525852132 0.0273327870731608 0.0342565260900118
9 0.10920601087721923 0.6268801153535679 0.04014378133470527 0.035847478347953245
9 0.1449582219918016 0.6423024787394943 0.031923060102480985 0.0309688054899736
9 0.13456972727604347 0.4737985578764541 0.03789938628785975 0.04036490186636315
9 0.10584500181532218 0.4552617983790904 0.048506578676810366 0.048772128217427144
9 0.08782895167918069 0.42257068609388126 0.030739972817680736 0.029779241387109714
9 0.25631476593496727 0.45638566085129584 0.042631735427060814 0.045123158277819465
9 0.22406828088478306 0.4069549044495887 0.03430953125920731 0.03449735898305821
9 0.22421756267247592 0.36559566351251505 0.03430953125920731 0.03449735898305821
9 0.18681250015344814 0.345061094556747 0.03551291513113346 0.03683634837327867
9 0.22606028903886574 0.32704977757057047 0.03430953125920731 0.03449735898305821
9 0.2077368474800858 0.2788614933138048 0.03547232195688173 0.034537497798566026
9 0.1667795804909064 0.2291570653847277 0.03306555421302957 0.029859519018125228
9 0.3450417475097945 0.20290088408330537 0.04140805496800874 0.04163474360024268
9 0.3766256508626383 0.25694941104219166 0.029556885532880387 0.02858967728424564
9 0.3593723449131563 0.3126837682524037 0.02372263545738263 0.02723955791935053
9 0.29319770069709455 0.3419631055814654 0.03314674056153289 0.03445722016755052
9 0.2968137375443747 0.4004232399746068 0.029577182120006318 0.029739102571601894
9 0.34195666626666765 0.3776135277614663 0.03651333313180123 0.027681084889935918
9 0.3775913609205562 0.3338806276640497 0.03339029960704286 0.04825032361582638
9 0.44762986409146915 0.2832165060723727 0.03898099063703078 0.03580733953244562
9 0.4741478450638456 0.26219844019471256 0.04836450256692958 0.04072615120593289
9 0.5157444545474889 0.27569597157206555 0.0283940948352061 0.02854953846873788
9 0.4915622032640241 0.296059047175032 0.03078056599193233 0.03207809196182236
9 0.5478459208720413 0.30043415370336557 0.026027920265605537 0.026170410263009723
9 0.564162641197984 0.2648348084296431 0.031943356689606746 0.03211823077733005
9 0.38258624524608287 0.41297020900634324 0.0414486481422606 0.04393359417495532
9 0.34259468831482137 0.4401969976991242 0.029516292358628793 0.02629082670953293
9 0.37260398399597205 0.4517970666568421 0.02839409483520597 0.02854953846873788
9 0.3104382174603933 0.4843841939936957 0.03430953125920731 0.03449735898305821
9 0.3058914802210757 0.5115361741008464 0.03186217034110356 0.02752052962790476
9 0.4470284738786367 0.5147052850281483 0.033126443974407095 0.0333077948801942
9 0.40406184476399964 0.578793960547347 0.035979736635027716 0.06327312998247421
9 0.4399155388142112 0.5884691974964917 0.03426893808495558 0.032198508408345566
9 0.42752650982024826 0.6319740339274312 0.031821577166851835 0.02522167905319199
9 0.36801827575184365 0.6127768151099887 0.03896069404990512 0.03465791424508923
9 0.34175694473429097 0.6521656161775962 0.033085850800155504 0.03100894430548155
9 0.3253328562412173 0.6280349853242977 0.05405667653254663 0.03403029355933394
9 0.2731015521036857 0.6574073695109446 0.02833320507382858 0.025101262606668916
9 0.2727260652418578 0.6786717373270365 0.02592643732997642 0.020423283826228246
9 0.2952381111495022 0.6870844327234857 0.02245836182407896 0.02145229266706097
9 0.30480429236353346 0.6718207934637915 0.025967030504228016 0.02272213440094089
9 0.5415598640945345 0.7222330953476279 0.02514928178769281 0.042222225470490406
9 0.8001106125060127 0.2951723066002515 0.03904188039840831 0.03925561539451452
9 0.7920594696486071 0.2575423132338011 0.039021583811282644 0.0381061901071582
9 0.657970258232033 0.2501093809077055 0.03551291513113346 0.03683634837327867
9 0.6016285934783892 0.28192110152334215 0.03565499124101417 0.04488232538477292
9 0.6735926315336362 0.31964231061157866 0.03188246692822949 0.028669954915261215
9 0.6326775798881491 0.3991679498790723 0.02727189731178341 0.030808250227942834
9 0.6630522141375649 0.39007836366437637 0.0322681020836203 0.05050903537503133
9 0.6956306502595744 0.38780505154280287 0.029556885532880654 0.028589677284245572
9 0.6843071920897178 0.37096506038753563 0.024844832980805455 0.02498084616014558
9 0.6707291905794528 0.35018235835753675 0.06007359589217696 0.04572524051043575
9 0.5941604681392616 0.3757999565204212 0.03067908305630321 0.02633096552504075
9 0.5426018939926334 0.3999798575062107 0.02486512956793112 0.0261302714475019
9 0.5228518061035432 0.36677424080058496 0.03188246692822936 0.028669954915261083
9 0.4826412497759585 0.34059289244680463 0.02741397342166412 0.038854227239437086
9 0.4992247683502879 0.32278956971935124 0.02725160072465748 0.029658824940586512
9 0.1872727194257917 0.8125761453944618 0.03200424645098434 0.03556650663939915
9 0.3850964198181357 0.7643933058210696 0.06358226457232614 0.046995082244315534
9 0.35043758351572807 0.8844827098966661 0.03432982784633311 0.03564678427041479
9 0.3967230063485698 0.8627822841553741 0.03200424645098427 0.03556650663939915
9 0.4439378091271387 0.854260110403172 0.032044839625236 0.03786535721411179
9 0.4529674512286454 0.7706658747690383 0.02959747870713225 0.030888527858958216
9 0.49040001601261096 0.7567377545118705 0.029841037752642078 0.04468163130723408
9 0.56866512564725 0.7666720626260166 0.029536588945754724 0.02744025199688925
9 0.5518409906431616 0.8310070400836471 0.02610910661410899 0.030768111412435142
9 0.5314443545817956 0.8673215838553249 0.026129403201234656 0.031917536699791464
9 0.585663403811349 0.8240958879971406 0.029617775294258044 0.03203795314631454
9 0.520844367870657 0.8424155462808095 0.03775731017797884 0.0323189248548689
9 0.5247183751190712 0.8204560493745162 0.036452443370423714 0.024232809027866953
9 0.4853661606822734 0.8114759415155729 0.027312490486035002 0.03310710080265548
9 0.4788257931194323 0.7870041307304586 0.030638489882051617 0.024032114950327976
9 0.5181141751791016 0.7666939631695693 0.021295571126404542 0.02141215385155328
9 0.5309179637628341 0.7984162748372073 0.04004229839907608 0.030100351911171636
9 0.6214097296944294 0.7740411488192641 0.025967030504228016 0.02272213440094089
9 0.6064892108181084 0.7963819644728812 0.03078056599193233 0.03207809196182223
9 0.6494515768706843 0.7983451041611632 0.02959747870713198 0.030888527858958216
9 0.6302481763876815 0.8328953711862987 0.02965836846850977 0.03433680372102718
9 0.6426139661787679 0.7578014087608143 0.028454984596583757 0.03199781433080685
9 0.6108097429832908 0.7491351112447489 0.027170414376154292 0.025061123791161224
9 0.6120406291201547 0.7123334326415925 0.038000869223488935 0.04611202830314476