9 0.06322614107883817 0.5208814270724029 0.026846473029045644 0.03224554039874082
9 0.13658713692946056 0.5190766002098636 0.02961618257261411 0.02775445960125918
9 0.19144190871369296 0.5190975865687303 0.03229253112033195 0.030283315844700943
9 0.23016597510373443 0.5683630640083945 0.028558091286307055 0.03177334732423925
9 0.18149377593360996 0.7059916054564532 0.030850622406639 0.03451206715634837
9 0.3629668049792531 0.6327701993704092 0.03091286307053942 0.03365162644281217
9 0.1983195020746888 0.4385834207764953 0.028827800829875516 0.029790136411332633
9 0.20775933609958505 0.4079538300104931 0.026794605809128628 0.025750262329485834
9 0.2387966804979253 0.4065162644281217 0.024896265560165973 0.025372507869884573
9 0.27292531120331953 0.49224554039874086 0.024927385892116183 0.025120671563483736
9 0.24603734439834027 0.5094123819517314 0.02954356846473029 0.027103882476390343
9 0.2799377593360996 0.5382371458551942 0.025995850622406638 0.026264428121720883
9 0.3040663900414938 0.5616369359916055 0.02538381742738589 0.02328436516264428
9 0.32413900414937763 0.5849632738719832 0.029522821576763485 0.02762854144805876
9 0.10902489626556015 0.4425813221406086 0.040912863070539415 0.02657922350472193
9 0.1412448132780083 0.4515320041972718 0.03734439834024896 0.024564533053515216
9 0.18466804979253112 0.3324554039874082 0.022427385892116184 0.025330535152151102
9 0.2201141078838174 0.3024449108079748 0.019533195020746887 0.02752360965372508
9 0.2613485477178423 0.32065057712486883 0.023267634854771783 0.02660020986358867
9 0.499304979253112 0.3183210912906611 0.03100622406639004 0.030661070304302204
9 0.4291390041493776 0.25325288562434417 0.027935684647302905 0.036149003147953836
9 0.30155601659751036 0.17099685204617 0.03409751037344398 0.028426023084994752
9 0.2979460580912863 0.23252885624344174 0.02511410788381743 0.025813221406086044
9 0.5221265560165975 0.6165897166841553 0.030632780082987553 0.02992654774396642
9 0.49581950207468883 0.6265582371458552 0.029678423236514522 0.02497376705141658
9 0.5122821576763485 0.654616998950682 0.027188796680497927 0.02136411332633788
9 0.4589315352697096 0.7029380902413431 0.03216804979253112 0.029643231899265477
9 0.3920228215767635 0.7829171038824764 0.03121369294605809 0.029108079748163693
9 0.446649377593361 0.7580692549842603 0.02929460580912863 0.022938090241343127
9 0.43897302904564317 0.7826652675760756 0.042686721991701246 0.027345225603357816
9 0.5088589211618257 0.7761070304302203 0.03238589211618257 0.029160545645330535
9 0.5350622406639004 0.7690346274921301 0.022219917012448135 0.02497376705141658
9 0.5945435684647302 0.7006925498426023 0.04014522821576764 0.02515215110178384
9 0.7281639004149378 0.6819937040923401 0.03430497925311203 0.02632738719832109
9 0.715311203319502 0.5323504721930745 0.03690871369294606 0.03190975865687303
9 0.7138796680497925 0.4862224554039874 0.029937759336099583 0.029244491080797484
9 0.584896265560166 0.5242707240293809 0.03264522821576763 0.03814270724029381
9 0.6519605809128631 0.5062854144805876 0.022147302904564316 0.02395592864637985
9 0.5862655601659751 0.4770514165792235 0.02974066390041494 0.025834207764952783
9 0.5851452282157676 0.42915005246589716 0.026265560165975105 0.024596012591815323
9 0.4225311203319502 0.5835676810073452 0.04186721991701245 0.03230849947534103
9 0.4739107883817428 0.6606295907660021 0.03629668049792531 0.03710388247639035
9 0.5112759336099585 0.6867890870933893 0.04149377593360996 0.030944386149003147
9 0.5373236514522822 0.7233788037775446 0.02671161825726141 0.02733473242392445
9 0.5066286307053942 0.7162749213011542 0.04010373443983402 0.024627492130115423
9 0.5189315352697096 0.7412381951731374 0.0262448132780083 0.023189926547743968
9 0.41880705394190876 0.7026232948583421 0.03893153526970954 0.030776495278069253
9 0.6315767634854772 0.7086149003147953 0.026846473029045644 0.029160545645330535
9 0.5868879668049792 0.6489821615949632 0.02637966804979253 0.021783840503672613
9 0.45157676348547715 0.5240503672612802 0.032811203319502075 0.033126967471143756
9 0.3520954356846473 0.8385729275970619 0.018765560165975102 0.02012591815320042
9 0.274408713692946 0.8542077649527806 0.024066390041493774 0.02458551941238195
9 0.3171265560165975 0.8314165792235048 0.049865145228215765 0.025928646379853097
9 0.31015560165975103 0.8518467995802728 0.030363070539419088 0.025225603357817417
9 0.6819813278008299 0.40577124868835257 0.027385892116182572 0.026264428121720883
9 0.7213070539419087 0.3932109129066107 0.031929460580912866 0.031636935991605455
9 0.5180912863070539 0.3807240293809024 0.02074688796680498 0.02131164742917104
9 0.5160995850622406 0.4434417628541448 0.023724066390041494 0.023494228751311647
9 0.47409751037344394 0.38995802728226653 0.02604771784232365 0.022770199370409232