9 0.5831460674157304 0.8898678414096917 0.03707865168539326 0.03634361233480176
9 0.4 0.6194933920704846 0.033707865168539325 0.031938325991189426
9 0.39269662921348314 0.650330396475771 0.0348314606741573 0.034140969162995596
9 0.33314606741573033 0.6718061674008811 0.038202247191011236 0.039647577092511016
9 0.37191011235955057 0.7081497797356828 0.0348314606741573 0.034140969162995596
9 0.3702247191011236 0.736784140969163 0.029213483146067417 0.02753303964757709
9 0.4550561797752809 0.46530837004405284 0.033707865168539325 0.034140969162995596
9 0.42752808988764046 0.4697136563876652 0.028089887640449437 0.030837004405286344
9 0.5483146067415731 0.4972466960352423 0.033707865168539325 0.030837004405286344
9 0.6926966292134832 0.8012114537444934 0.03258426966292135 0.030837004405286344
9 0.6691011235955057 0.8155286343612335 0.030337078651685393 0.03303964757709251
9 0.6325842696629214 0.8226872246696035 0.04044943820224719 0.03524229074889868
9 0.55 0.8557268722466961 0.03146067415730337 0.034140969162995596
9 0.6033707865168539 0.7323788546255506 0.04719101123595506 0.05506607929515418
9 0.6089887640449438 0.7714757709251101 0.03146067415730337 0.03854625550660793
9 0.5713483146067416 0.7549559471365639 0.024719101123595506 0.025330396475770924
9 0.5623595505617978 0.7907488986784141 0.025842696629213482 0.023127753303964757
9 0.551123595505618 0.8078193832599119 0.024719101123595506 0.023127753303964757
9 0.5320224719101123 0.7901982378854625 0.02696629213483146 0.02753303964757709
9 0.4848314606741573 0.7692731277533039 0.03707865168539326 0.030837004405286344
9 0.3612359550561798 0.8056167400881057 0.038202247191011236 0.037444933920704845
9 0.3921348314606742 0.7901982378854625 0.03146067415730337 0.02973568281938326
9 0.4140449438202247 0.795704845814978 0.030337078651685393 0.028634361233480177
9 0.39662921348314606 0.8309471365638766 0.043820224719101124 0.03854625550660793
9 0.4140449438202247 0.8551762114537445 0.03146067415730337 0.03303964757709251
9 0.4460674157303371 0.8535242290748899 0.024719101123595506 0.025330396475770924
9 0.4393258426966292 0.801762114537445 0.02696629213483146 0.031938325991189426
9 0.47415730337078654 0.8122246696035242 0.02359550561797753 0.02092511013215859
9 0.46685393258426966 0.789647577092511 0.04157303370786517 0.040748898678414094
9 0.5157303370786517 0.8067180616740088 0.05393258426966292 0.04955947136563876
9 0.5162921348314606 0.7769823788546255 0.02696629213483146 0.025330396475770924
9 0.39101123595505616 0.9118942731277533 0.05393258426966292 0.042951541850220265
9 0.37808988764044943 0.8937224669603524 0.020224719101123594 0.01762114537444934
9 0.35730337078651686 0.913546255506608 0.02359550561797753 0.025330396475770924
9 0.2398876404494382 0.5269823788546255 0.038202247191011236 0.039647577092511016
9 0.18089887640449437 0.6596916299559471 0.04044943820224719 0.037444933920704845
9 0.15168539325842698 0.5875550660792952 0.033707865168539325 0.03634361233480176
9 0.2606741573033708 0.7136563876651982 0.029213483146067417 0.030837004405286344
9 0.2393258426966292 0.7142070484581498 0.03146067415730337 0.034140969162995596
9 0.24943820224719102 0.7670704845814978 0.03258426966292135 0.034140969162995596
9 0.2303370786516854 0.8237885462555066 0.038202247191011236 0.046255506607929514
9 0.2792134831460674 0.808920704845815 0.035955056179775284 0.03634361233480176
9 0.30674157303370786 0.7582599118942731 0.035955056179775284 0.03634361233480176
9 0.10224719101123596 0.6349118942731278 0.028089887640449437 0.031938325991189426
9 0.10449438202247191 0.6789647577092511 0.025842696629213482 0.02753303964757709
9 0.09101123595505618 0.6618942731277533 0.02359550561797753 0.025330396475770924
9 0.14269662921348314 0.7186123348017621 0.02359550561797753 0.024229074889867842
9 0.13539325842696628 0.7373348017621145 0.021348314606741574 0.02643171806167401
9 0.11629213483146067 0.7274229074889867 0.029213483146067417 0.04185022026431718
9 0.17921348314606741 0.7791850220264317 0.02247191011235955 0.022026431718061675
9 0.14887640449438203 0.5077092511013216 0.035955056179775284 0.03524229074889868
9 0.12640449438202248 0.5578193832599119 0.029213483146067417 0.031938325991189426
9 0.10955056179775281 0.5170704845814978 0.024719101123595506 0.02643171806167401
9 0.08876404494382023 0.3975770925110132 0.024719101123595506 0.025330396475770924
9 0.16741573033707866 0.39262114537444937 0.02696629213483146 0.02643171806167401
9 0.13539325842696628 0.41134361233480177 0.028089887640449437 0.025330396475770924
9 0.15337078651685393 0.3584801762114537 0.029213483146067417 0.030837004405286344
9 0.14325842696629212 0.3854625550660793 0.024719101123595506 0.02753303964757709
9 0.2398876404494382 0.45044052863436124 0.03707865168539326 0.040748898678414094
9 0.2662921348314607 0.46255506607929514 0.03707865168539326 0.039647577092511016
9 0.2949438202247191 0.44438325991189426 0.04044943820224719 0.051762114537444934
9 0.29943820224719103 0.3915198237885463 0.0348314606741573 0.03854625550660793
9 0.31404494382022474 0.4168502202643172 0.033707865168539325 0.03854625550660793
9 0.26741573033707866 0.23788546255506607 0.038202247191011236 0.039647577092511016
9 0.3348314606741573 0.3766519823788546 0.03146067415730337 0.031938325991189426
9 0.350561797752809 0.414647577092511 0.051685393258426963 0.05506607929515418
9 0.39269662921348314 0.43116740088105726 0.025842696629213482 0.022026431718061675
9 0.37865168539325844 0.4036343612334802 0.028089887640449437 0.028634361233480177
9 0.40393258426966294 0.40308370044052866 0.03932584269662921 0.03524229074889868
9 0.43595505617977526 0.4289647577092511 0.029213483146067417 0.028634361233480177
9 0.3707865168539326 0.47191629955947134 0.03258426966292135 0.04185022026431718
9 0.38932584269662923 0.4658590308370044 0.02359550561797753 0.024229074889867842
9 0.41123595505617977 0.44658590308370044 0.038202247191011236 0.03303964757709251
9 0.3741573033707865 0.20319383259911894 0.030337078651685393 0.030837004405286344
9 0.2410112359550562 0.23788546255506607 0.029213483146067417 0.031938325991189426
9 0.4398876404494382 0.2725770925110132 0.03258426966292135 0.034140969162995596
9 0.451685393258427 0.30341409691629956 0.033707865168539325 0.030837004405286344
9 0.47584269662921347 0.31828193832599116 0.03146067415730337 0.02973568281938326
9 0.43258426966292135 0.3276431718061674 0.028089887640449437 0.031938325991189426
9 0.41797752808988764 0.3645374449339207 0.025842696629213482 0.02643171806167401
9 0.4084269662921348 0.34691629955947134 0.0348314606741573 0.03303964757709251
9 0.39325842696629215 0.3766519823788546 0.0348314606741573 0.03634361233480176
9 0.49382022471910114 0.3562775330396476 0.030337078651685393 0.03303964757709251
9 0.5179775280898876 0.3623348017621145 0.025842696629213482 0.025330396475770924
9 0.5202247191011236 0.39537444933920707 0.029213483146067417 0.02643171806167401
9 0.5365168539325843 0.42180616740088106 0.035955056179775284 0.04185022026431718
9 0.5426966292134832 0.45704845814977973 0.030337078651685393 0.030837004405286344
9 0.4966292134831461 0.45484581497797355 0.033707865168539325 0.031938325991189426
9 0.46797752808988763 0.41409691629955947 0.03146067415730337 0.03524229074889868
9 0.49325842696629213 0.41629955947136565 0.03258426966292135 0.040748898678414094
9 0.596629213483146 0.43171806167400884 0.03146067415730337 0.034140969162995596
9 0.5747191011235955 0.38876651982378857 0.03146067415730337 0.031938325991189426
9 0.5617977528089888 0.3672907488986784 0.0348314606741573 0.039647577092511016
9 0.5567415730337079 0.30231277533039647 0.03146067415730337 0.030837004405286344
9 0.5331460674157303 0.32654185022026433 0.033707865168539325 0.03854625550660793
9 0.5117977528089888 0.2670704845814978 0.03707865168539326 0.03854625550660793
9 0.551123595505618 0.23733480176211455 0.05056179775280899 0.04955947136563876
9 0.5837078651685393 0.17015418502202642 0.0348314606741573 0.03634361233480176
9 0.6185393258426967 0.3012114537444934 0.035955056179775284 0.03634361233480176
9 0.6 0.33370044052863435 0.043820224719101124 0.04405286343612335
9 0.6134831460674157 0.3777533039647577 0.03707865168539326 0.039647577092511016
9 0.5876404494382023 0.36123348017621143 0.025842696629213482 0.02973568281938326
9 0.6213483146067416 0.4779735682819383 0.035955056179775284 0.03524229074889868
9 0.6544943820224719 0.4686123348017621 0.043820224719101124 0.03634361233480176
9 0.6331460674157303 0.42731277533039647 0.025842696629213482 0.025330396475770924
9 0.6567415730337078 0.4129955947136564 0.028089887640449437 0.02643171806167401
9 0.653370786516854 0.43997797356828194 0.03258426966292135 0.034140969162995596
9 0.6735955056179775 0.42951541850220265 0.033707865168539325 0.034140969162995596
9 0.6876404494382022 0.3777533039647577 0.030337078651685393 0.028634361233480177
9 0.6449438202247191 0.348568281938326 0.0449438202247191 0.04185022026431718
9 0.6466292134831461 0.3761013215859031 0.025842696629213482 0.02643171806167401
9 0.6370786516853932 0.32048458149779735 0.02247191011235955 0.025330396475770924
9 0.6870786516853933 0.31057268722466963 0.05056179775280899 0.037444933920704845
9 0.5129213483146068 0.1817180616740088 0.030337078651685393 0.02973568281938326
9 0.5297752808988764 0.15693832599118943 0.051685393258426963 0.05286343612334802
9 0.47191011235955055 0.13876651982378854 0.030337078651685393 0.040748898678414094
9 0.7185393258426966 0.2472466960352423 0.028089887640449437 0.02753303964757709
9 0.7471910112359551 0.2714757709251101 0.03146067415730337 0.030837004405286344
9 0.8421348314606741 0.43887665198237885 0.04044943820224719 0.037444933920704845
9 0.8337078651685393 0.3639867841409692 0.03258426966292135 0.03524229074889868
9 0.8584269662921349 0.5176211453744494 0.033707865168539325 0.03303964757709251
9 0.8578651685393258 0.5682819383259912 0.04269662921348315 0.03634361233480176
9 0.8421348314606741 0.61068281938326 0.03146067415730337 0.030837004405286344
9 0.7921348314606742 0.460352422907489 0.04269662921348315 0.04185022026431718
9 0.7707865168539326 0.43612334801762115 0.0348314606741573 0.034140969162995596
9 0.748314606741573 0.42345814977973567 0.035955056179775284 0.03524229074889868
9 0.7247191011235955 0.39812775330396477 0.03707865168539326 0.034140969162995596
9 0.7280898876404495 0.3694933920704846 0.033707865168539325 0.02753303964757709
9 0.7179775280898877 0.43887665198237885 0.025842696629213482 0.024229074889867842