9 0.07563817479589234 0.33548625738263727 0.03788945653417124 0.04301604046211087
9 0.1520448204023837 0.3564759157664641 0.040063082367827865 0.038513250617818316
9 0.2103056800606393 0.37048653557818256 0.042374304434026816 0.041983125921589544
9 0.2636619246496576 0.3287812822740064 0.040122052181774566 0.04193010710984565
9 0.248542269216074 0.1707585349413311 0.043579056978748566 0.04656544398349787
9 0.4207986822841196 0.2948877331056944 0.04243327424797352 0.045399982413616875
9 0.1965870510089281 0.4568353009401416 0.03895661284635073 0.03962569337595555
9 0.19887576663990852 0.4915335778336116 0.03664539078015177 0.036155818072184195
9 0.2305940359156045 0.5016113600272841 0.03322769919247555 0.0337983855265502
9 0.2888929299725422 0.4199102339534293 0.03322769919247568 0.033798385526550324
9 0.26480200771929346 0.39484050778653484 0.038917299637052885 0.03734778904793733
9 0.30836710775453224 0.37330550200536544 0.03551926465402565 0.03612930866631244
9 0.3395939619140059 0.3549094800988101 0.03318838598317771 0.03152048119853197
9 0.36742278109045234 0.33545403424586145 0.03891729963705301 0.03734778904793733
9 0.10373363694571448 0.4293963159574031 0.05021787410761192 0.03989078743467487
9 0.13976967298175053 0.4285480149695013 0.046800182519935764 0.037533354889040874
9 0.1545256812293296 0.5655001472680079 0.0309754469402233 0.033745366714806435
9 0.18395936351523043 0.6063959114046061 0.028742851292619966 0.03483130006707153
9 0.23225501900843606 0.5978528178860539 0.03212122967099835 0.034910828284687556
9 0.48290083713127996 0.6620265425719813 0.041248178307900694 0.04195661651571753
9 0.39139390048651557 0.7126057808238669 0.04020067860037025 0.04648591576588223
9 0.23572725955953538 0.7664044834564665 0.044606900081630214 0.04089719256932419
9 0.24754745524267444 0.7006098758584154 0.0343734819232506 0.03496384709643132
9 0.584041957701971 0.3537127476806374 0.041248178307900694 0.04195661651571753
9 0.5589526772528138 0.3360727199856741 0.038897643032404026 0.03620883688392821
9 0.583858069788376 0.3104193107453551 0.034294855504654845 0.03040803844039487
9 0.5399350222282718 0.2459369187379646 0.04235464782937796 0.040844173757580364
9 0.49030556744951104 0.14455787372670167 0.041228521703251836 0.04081766435170845
9 0.5411258178294839 0.18438048306972873 0.0377125470923312 0.03276547098602887
9 0.5395181048894598 0.15650266445737743 0.05250943956916195 0.04222171057443692
9 0.6114890441077178 0.18158469303872385 0.04235464782937783 0.04084417375758043
9 0.6376454808690545 0.19578135483578787 0.029849320814097045 0.033718857308934425
9 0.6819616605221364 0.2830427901233606 0.05019821750296326 0.0387518352706657
9 0.8180992824943651 0.33794822178319345 0.043441460746206244 0.038592778835434084
9 0.7655629156394611 0.49243624873014363 0.04917037440008129 0.04442008668483931
9 0.751748853395075 0.5406168618948614 0.04010239557712558 0.04079115494583654
9 0.6259949239466621 0.4672363562550994 0.04476415291882146 0.05000880988139708
9 0.691958907215391 0.503284232126828 0.029829664209448315 0.032579905144925314
9 0.6150354902268891 0.5176286002331557 0.03891729963705275 0.03734778904793733
9 0.6018139759525394 0.5675043869409511 0.034353825318601545 0.03382489493242221
9 0.47041133028880106 0.3626544345757526 0.05371419211388364 0.046804028636345314
9 0.5447216976696156 0.2948190788698047 0.049268657423325965 0.05011484750488487
9 0.5905980197710535 0.27664791076891876 0.05254875277845967 0.044499614902455076
9 0.6277826883684342 0.24443866116195845 0.0366650473848005 0.03729477023619343
9 0.5934161849169384 0.24410824587704327 0.05017856089831402 0.037612883106656586
9 0.6127302600311677 0.22086528799410227 0.03433416871395282 0.0326859427684131
9 0.4969554916913146 0.23612423060301146 0.050296500526207544 0.044446596090711256
9 0.7231045773350377 0.2843531011370533 0.03670436059409847 0.03957267456421159
9 0.6609064048765261 0.33595152308228243 0.03431451210930409 0.03154699060440398
9 0.48570661635360907 0.4329381011709184 0.044685526500225774 0.04545300122536064
9 0.46263272229964014 0.07513528667813173 0.025226876681699394 0.026779106701392073
9 0.38483458640426255 0.03879628348605384 0.03208191646170057 0.03263292395666924
9 0.4237322294366666 0.07320248077069061 0.06041197905669382 0.04354622857954952
9 0.421640079852175 0.04989372551731172 0.038897643032404026 0.03620883688392815
9 0.6978758374240464 0.6176561416891921 0.03664539078015177 0.036155818072184195
9 0.7360236796492227 0.6412555481186782 0.04352008716480193 0.0431485874914704
9 0.5184581361839877 0.6008005221886608 0.027498785538600506 0.027971077677144848
9 0.5325207558170546 0.5343834196968611 0.03206225985705171 0.03149397179266009
9 0.47416574177673976 0.5801942979014929 0.03433416871395282 0.0326859427684131