9 0.3978037634054691 0.11458333333333333 0.03847182350863806 0.03399122807017544
9 0.3679052836830149 0.17543859649122806 0.031572233378491195 0.029605263157894735
9 0.30619692245900904 0.24945175438596492 0.02578375435945544 0.025219298245614034
9 0.32597817297426956 0.3163377192982456 0.032741575355472355 0.03070175438596491
9 0.3933263062473924 0.35581140350877194 0.028355361776897958 0.03179824561403509
9 0.448319219258022 0.32456140350877194 0.02701132720230665 0.027412280701754384
9 0.49829406100921364 0.47149122807017546 0.03467264324834433 0.025219298245614034
9 0.47154713503311224 0.5043859649122807 0.03046112226738008 0.029605263157894735
9 0.4480753115244742 0.5383771929824561 0.03040289140151003 0.02850877192982456
9 0.43851913000786985 0.5614035087719298 0.02344507040549312 0.023026315789473683
9 0.3910246520946184 0.6502192982456141 0.06256215809828203 0.04824561403508772
9 0.3082854390689362 0.6913377192982456 0.03753540499513709 0.03728070175438596
9 0.2752188692915983 0.7072368421052632 0.03274157535547242 0.03070175438596491
9 0.3100803791162935 0.7412280701754386 0.03379445560071342 0.029605263157894735
9 0.2371869070822292 0.6178728070175439 0.03268334448960237 0.029605263157894735
9 0.2542997545620817 0.6513157894736842 0.02917531855865889 0.02631578947368421
9 0.26819649791579453 0.5570175438596491 0.03835536177689796 0.03179824561403509
9 0.3136970123141531 0.8300438596491229 0.03473087411421451 0.02631578947368421
9 0.3030761389033571 0.799890350877193 0.03648252474989603 0.03837719298245614
9 0.2921908642663559 0.7642543859649122 0.032799806221342404 0.03179824561403509
9 0.4518462037307158 0.7916666666666666 0.04081050746260038 0.03618421052631579
9 0.4664433123292057 0.8201754385964912 0.050281705010189755 0.047149122807017545
9 0.496477152421721 0.8404605263157895 0.03163046424436137 0.03070175438596491
9 0.48065087612604335 0.6781798245614035 0.04548787537052502 0.04057017543859649
9 0.524869484096378 0.7138157894736842 0.035138490175304724 0.03399122807017544
9 0.5646656760658328 0.7176535087719298 0.035138490175304724 0.03399122807017544
9 0.580492719836964 0.7543859649122807 0.037360712397526946 0.03399122807017544
9 0.601771436556315 0.7198464912280702 0.03513849017530497 0.03399122807017544
9 0.645635934671849 0.7412280701754386 0.0351967210411749 0.03508771929824561
9 0.6894178111481584 0.7850877192982456 0.031746925976101216 0.03289473684210526
9 0.732070445350489 0.6200657894736842 0.04209631117132176 0.039473684210526314
9 0.6834073929357101 0.5844298245614035 0.03046112226738008 0.029605263157894735
9 0.6289361953881206 0.5953947368421053 0.027947745715807742 0.02412280701754386
9 0.5941250619644716 0.6546052631578947 0.03613313955467574 0.03179824561403509
9 0.5384797977803207 0.6458333333333334 0.031572233378491195 0.029605263157894735
9 0.5645232287064014 0.6052631578947368 0.028530054374508104 0.03508771929824561
9 0.6099552355408466 0.5762061403508771 0.04952470375387899 0.03289473684210526
9 0.6659939418073468 0.5148026315789473 0.036424293884026106 0.03728070175438596
9 0.6882987856687939 0.4923245614035088 0.0424456963665418 0.046052631578947366
9 0.679926887583365 0.4512061403508772 0.030402891401509907 0.02850877192982456
9 0.6576802745877881 0.4725877192982456 0.03385268646658359 0.03070175438596491
9 0.6594224759043092 0.41885964912280704 0.026894865470566805 0.025219298245614034
9 0.6950338999959447 0.40734649122807015 0.033910917332453515 0.03179824561403509
9 0.5350984503757314 0.5630482456140351 0.04431853339354386 0.039473684210526314
9 0.5054572848901123 0.5981359649122807 0.028180669179287937 0.02850877192982456
9 0.49644484728011296 0.569078947368421 0.03040289140151016 0.02850877192982456
9 0.45961529966478665 0.6244517543859649 0.035138490175304724 0.03399122807017544
9 0.43289040213224994 0.6255482456140351 0.02946647288800907 0.03179824561403509
9 0.444409896779905 0.4923245614035088 0.035080259309434675 0.03289473684210526
9 0.3781602954934892 0.5263157894736842 0.0641438407959337 0.03618421052631579
9 0.3733279011017289 0.4917763157894737 0.0329162679530825 0.03399122807017544
9 0.3295869517073053 0.4994517543859649 0.027186019799916923 0.03070175438596491
9 0.3420853868046834 0.5570175438596491 0.03537141363878492 0.03837719298245614
9 0.3020901114642637 0.5778508771929824 0.03285803708721258 0.03289473684210526
9 0.32335152439963016 0.5959429824561403 0.036128414895095426 0.05263157894736842
9 0.2903211570445976 0.6425438596491229 0.02701132720230665 0.027412280701754384
9 0.2698820632207822 0.6403508771929824 0.02133930991501106 0.025219298245614034
9 0.26382445831596085 0.618421052631579 0.022275728428512026 0.021929824561403508
9 0.2797876299326067 0.6107456140350878 0.023561532137233346 0.025219298245614034
9 0.2552329833669096 0.3826754385964912 0.04239219016025212 0.02412280701754386
9 0.6892516805873963 0.18146929824561403 0.03975762721735918 0.03728070175438596
9 0.7247513676068719 0.19298245614035087 0.03864651610624807 0.03728070175438596
9 0.7185521427215021 0.3201754385964912 0.037360712397526946 0.03399122807017544
9 0.6820137494355262 0.37006578947368424 0.0451967210411749 0.03508771929824561
9 0.6530500933722364 0.2982456140350877 0.03057758399912018 0.03179824561403509
9 0.573086295794542 0.32894736842105265 0.03256688275786221 0.027412280701754384
9 0.5850976229968485 0.30153508771929827 0.05168869511023129 0.03179824561403509
9 0.5906169761300987 0.2708333333333333 0.03046112226738008 0.029605263157894735
9 0.6055319921610837 0.28289473684210525 0.025725523493585267 0.02412280701754386
9 0.6236056489277919 0.2982456140350877 0.047472449469686984 0.05701754385964912
9 0.5916037710446458 0.3673245614035088 0.02823890004515786 0.029605263157894735
9 0.5630469635669927 0.4133771929824561 0.02683663460469663 0.02412280701754386
9 0.5935198974833235 0.43585526315789475 0.03057758399912018 0.03179824561403509
9 0.6147278042124 0.4758771929824561 0.03917531855865895 0.02631578947368421
9 0.6326487968250629 0.46271929824561403 0.0314557716467511 0.027412280701754384
9 0.132967531636441 0.7077850877192983 0.03718601979991686 0.03070175438596491
9 0.19871585104904468 0.5263157894736842 0.049927595155389276 0.06140350877192982
9 0.08041635780822662 0.5466008771929824 0.037302481531656925 0.03289473684210526
9 0.10593334861168668 0.5054824561403509 0.03718601979991683 0.03070175438596491
9 0.11881813880204406 0.4616228070175439 0.03940824202213905 0.03070175438596491
9 0.1999583653460902 0.4610745614035088 0.03268334448960237 0.029605263157894735
9 0.2167344067551266 0.4276315789473684 0.0460166778229357 0.029605263157894735
9 0.21572322106722475 0.35252192982456143 0.02935001115626897 0.029605263157894735
9 0.15189492537399601 0.3618421052631579 0.03139754078088111 0.02631578947368421
9 0.11549502226332478 0.37774122807017546 0.03250865189199222 0.02631578947368421
9 0.16185872295169063 0.33114035087719296 0.03379445560071342 0.029605263157894735
9 0.13760314508359706 0.39035087719298245 0.03309096055069265 0.03728070175438596
9 0.15935715804906875 0.3887061403508772 0.02519672104117477 0.03508771929824561
9 0.16401485984321887 0.42653508771929827 0.034789104980084494 0.027412280701754384
9 0.1868823462495918 0.43530701754385964 0.026016677822935638 0.029605263157894735
9 0.21041240062409997 0.40021929824561403 0.02221749756264204 0.020833333333333332
9 0.18067207719072503 0.3848684210526316 0.03098520006021052 0.039473684210526314
9 0.21340184089724684 0.3020833333333333 0.023561532137233283 0.025219298245614034
9 0.19056819458338914 0.31359649122807015 0.033852686466583466 0.03070175438596491
9 0.19327829217613637 0.2730263157894737 0.032683344489602306 0.029605263157894735
9 0.15804773104244632 0.2878289473684211 0.03595844695706559 0.02850877192982456
9 0.23102931685076925 0.28399122807017546 0.03373622473484343 0.02850877192982456
9 0.23606551927307465 0.31469298245614036 0.026953096336436666 0.02631578947368421
9 0.27147549766395507 0.31743421052631576 0.046424293884025976 0.03728070175438596