3 0.46399160120168126 0.7178447875711403 0.06248918620571544 0.06510044334409579
3 0.507445791334587 0.6771455967844207 0.05884199914099911 0.058347387693127535
3 0.45965358767126563 0.648939394448298 0.0483369475654965 0.05025636233314338
3 0.4501225723920051 0.5824202219700494 0.0517857211671916 0.051478444532784204
3 0.5839699784301464 0.5530112285734405 0.055393225539303745 0.05712530549348697
3 0.5125865103542762 0.4863849564683117 0.05766595281203102 0.05720256383307036
3 0.4011561327271535 0.5078504155672559 0.078477642500015 0.06785364110171149
3 0.47943717209158476 0.3980193199901435 0.06013709354777965 0.06281079562398142
3 0.5820507988211528 0.4641363872711317 0.0684487832357635 0.07303695202491292
3 0.6645020933935653 0.4911643999286058 0.057824683582448314 0.06162734259413231
3 0.7150919268854867 0.4413838766010116 0.057745318197239666 0.05941495321360133
3 0.6613798088847216 0.4200079882554406 0.06519842309708963 0.07734584327659978