3 0.6603661087866108 0.3291570073761855 0.05439330543933055 0.05465753424657534
3 0.5051359832635983 0.2942149631190727 0.0548744769874477 0.05880927291886196
3 0.45939330543933055 0.20649104320337197 0.0594979079497908 0.05706006322444678
3 0.6211610878661088 0.23974710221285564 0.05230125523012552 0.0523709167544784
3 0.8197594142259415 0.42658587987355107 0.05378661087866109 0.05587987355110643
3 0.8742364016736401 0.3802739726027397 0.049675732217573224 0.06007376185458377
3 0.6259937238493725 0.5963962065331928 0.09939330543933055 0.14956796628029503
3 0.47256276150627613 0.5256585879873551 0.04908995815899581 0.04324552160168599
3 0.4851778242677824 0.38242360379346685 0.057803347280334726 0.0915700737618546
3 0.6826150627615063 0.6750263435194942 0.06342050209205022 0.09228661749209695
3 0.7464330543933054 0.6842255005268705 0.06784518828451883 0.09033719704952582
3 0.7440794979079498 0.7608113804004215 0.03949790794979079 0.047439409905163335
3 0.700857740585774 0.7470389884088515 0.04850418410041841 0.07353003161222339
3 0.6790481171548117 0.817481559536354 0.09301255230125523 0.08893572181243414
3 0.5211401673640167 0.8605374077976817 0.08509414225941422 0.06561643835616439
3 0.5761297071129707 0.7588619599578503 0.046914225941422596 0.0453740779768177
3 0.6281694560669456 0.7199051633298209 0.0426673640167364 0.03961011591148578
3 0.6248430962343097 0.7575553213909378 0.0447907949790795 0.04045310853530032
3 0.5902719665271966 0.7014963119072708 0.06252092050209206 0.08418335089567966
3 0.4963075313807532 0.7078082191780822 0.05067991631799163 0.04501580611169652
3 0.556276150627615 0.661622760800843 0.0696234309623431 0.07286617492096945
3 0.33216527196652723 0.7580189673340358 0.0914539748953975 0.0991886195995785
3 0.4374058577405858 0.8799578503688094 0.1146652719665272 0.08967334035827186
3 0.40173640167364016 0.32702845100105377 0.05583682008368201 0.06030558482613277
3 0.2823221757322176 0.32891464699683876 0.08381799163179916 0.07869336143308747
3 0.32631799163179914 0.37066385669125396 0.04202928870292887 0.053593256059009484
3 0.2693828451882845 0.38167544783983137 0.03744769874476987 0.04114857744994731
3 0.19852510460251044 0.4020758693361433 0.03944560669456067 0.041749209694415174
3 0.3351987447698745 0.6203898840885143 0.047604602510460246 0.04975763962065332
3 0.2660669456066946 0.516259220231823 0.08899581589958158 0.2620547945205479
3 0.2789958158995816 0.6765331928345627 0.05968619246861925 0.06892518440463645
3 0.38861924686192467 0.5375447839831401 0.037405857740585774 0.039030558482613276
3 0.42114016736401677 0.571654373024236 0.04577405857740586 0.03652265542676501
3 0.4732426778242678 0.6450052687038988 0.12619246861924685 0.07973656480505796
3 0.4375 0.3921390937829294 0.038964435146443516 0.04030558482613277
3 0.40914225941422594 0.4251633298208641 0.03294979079497908 0.03561643835616438
3 0.41942468619246864 0.46603793466807164 0.06609832635983263 0.05814541622760801
3 0.4552092050209205 0.43089567966280296 0.04447698744769875 0.04577449947312961
3 0.39525104602510464 0.3771232876712329 0.062384937238493726 0.056122233930453104
3 0.7350523012552301 0.2921812434141201 0.04896443514644352 0.05257112750263435
3 0.6411192468619247 0.17650158061116966 0.2134623430962343 0.08711275026343519
3 0.8289435146443515 0.23919915700737618 0.1535355648535565 0.12868282402528977
3 0.848744769874477 0.32965226554267646 0.04349372384937238 0.03881981032665965
3 0.8939225941422595 0.3220337197049526 0.03903765690376569 0.05334035827186512
3 0.7932531380753138 0.3219178082191781 0.08167364016736402 0.08310853530031613
3 0.9532426778242677 0.49733403582718655 0.03694560669456067 0.056206533192834564