3 0.30237734795616283 0.40830023049378783 0.06726510665512281 0.06833331725917123
3 0.26789306333219987 0.4470507506628857 0.05937925614829774 0.06578851977258891
3 0.3919463309332699 0.4822222692887166 0.05210786482498221 0.051039654220933664
3 0.26839971933956647 0.21561870721019602 0.11237383100911297 0.11130562040506442
3 0.26211336739931834 0.34252210712382136 0.1188946377227573 0.13491779678348542
3 0.2220526524080021 0.4223164869015213 0.052062489682928315 0.04992606847483121
3 0.2999100870115698 0.5509753314210631 0.06026596618413069 0.06026596618413069
3 0.39497320209041015 0.21631444284890491 0.0900813232818186 0.08260384905347888
3 0.5304137851995828 0.27314321721327545 0.11496400363774913 0.12030505665799181
3 0.45450655913061905 0.24718382461645547 0.058925504727758614 0.054652662311564536
3 0.44948784421003124 0.13766673279095712 0.05572087291561309 0.05785729412371013
3 0.4827611859327247 0.16969697021244567 0.10874003011323685 0.0766937119917806
3 0.6013089032190183 0.12098655674416163 0.07701512751772122 0.06206017906104176
3 0.6399705678697901 0.18502623878189345 0.05897087986981264 0.05576624805766699
3 0.6706121513533568 0.2816444494773241 0.07937842443608793 0.06549168658345692
3 0.6043301893155199 0.43008506040329497 0.06031134132618446 0.06137955193023314
3 0.6726502928325725 0.5053721429914044 0.09401195736682678 0.09721658917897243
3 0.7143908106535977 0.2337914516027867 0.04872173244462096 0.049789943048669516
3 0.7051588143930556 0.15923887292438077 0.038291084451213694 0.039359295055262304
3 0.7616889104208655 0.3048756492535645 0.11503396111661175 0.09473795963968942
3 0.8327702907321474 0.38083296256986 0.07908159124695593 0.08549085487124723
3 0.7530364442227547 0.5582844692049527 0.08717352465880508 0.06580931257783433
3 0.827304480880433 0.5423482708967691 0.07592233457686419 0.08980907242949521
3 0.8248334304042766 0.6303669199809165 0.17975048075358882 0.20966037766694795
3 0.8708770572756496 0.47217818295812874 0.06419660026913886 0.07487870630962436
3 0.8976626762583481 0.5128675430671404 0.05678908351966151 0.05678908351966164
3 0.9347163407057021 0.49318410600794593 0.04751739641441072 0.04751739641441072
3 0.8387428062095814 0.3163811147220796 0.23406472426553063 0.23299651366148208
3 0.4087437343667636 0.6859158157755755 0.09971601152350086 0.10078422212754928
3 0.48182162092841746 0.7128753562633632 0.09412350045618001 0.12723802918168467
3 0.619739861384806 0.6130865203031507 0.05919775558008201 0.061334176788179366
3 0.6228679288470297 0.6595045169056449 0.14241985334863375 0.0847364807300128
3 0.7186174049723768 0.7186200238384602 0.08012900904575919 0.056628375756691336
3 0.6462693102151488 0.7284995632561613 0.07810413092701506 0.08878623696750056
3 0.6892841711635999 0.8088904267516211 0.17114620703702807 0.0803483056929022
3 0.5747767362858858 0.7858199347383512 0.07349286971119826 0.057469710650470136
3 0.5193800962357094 0.7629271537617335 0.06476568431059439 0.06156105249844874
3 0.564418863110837 0.697836264393635 0.08240155568001799 0.05783271178690133
3 0.5283199714123968 0.721462626706242 0.038427209877375516 0.04270005229356972
3 0.28014066139189825 0.7487171552357332 0.05794804440781799 0.057948044407817735
3 0.29438471608361555 0.6728902830482544 0.05085815365271806 0.04765352184057254
3 0.2652358001825502 0.6354509298934423 0.047472021272356814 0.04640381066830827
3 0.24931947210589758 0.6838815134462761 0.053176075429030766 0.04997144361688524
3 0.12864665258784377 0.5657478567358127 0.06883244382176429 0.07951454986224976
3 0.15230988840566367 0.642003898007022 0.05876479696478831 0.07799258783766208
3 0.17189591869133794 0.4213881912551977 0.057585043271386666 0.04903935843899839
3 0.1393589756441297 0.3575980724987624 0.05665295809349988 0.05344832628135429
3 0.16188875548431617 0.3111101184174056 0.05553937234739743 0.05340295113930039
3 0.1581160118227824 0.47213669658434443 0.06517406058907955 0.07158332421337078