3 0.36997111156588297 0.7382893287109735 0.061672235848731306 0.06823299899949108
3 0.40028318613316827 0.7883365322090761 0.0625484525711742 0.0627648500672132
3 0.5785479198875007 0.6506975814792594 0.04720453537012029 0.04790924348914648
3 0.5332576083955761 0.8014038187580501 0.20933173284395942 0.13958117677522835
3 0.625932758631266 0.7354626390989217 0.06668352443054212 0.05961472129845438
3 0.6413221575948643 0.6414220151629147 0.06148688144590892 0.06272639106997566
3 0.7522917198892874 0.5992431622621717 0.08444715092664284 0.08335781855822087
3 0.823108625002823 0.6084086150938911 0.0624507243405855 0.09136075230345583
3 0.6831564888122587 0.6715370477900429 0.07317764823493296 0.09504930703354104
3 0.7622250022042483 0.6738515822912929 0.10887677121885184 0.11614224248863755
3 0.7980032954785262 0.49255132942226665 0.04955010290403812 0.05459409099904032
3 0.8535874960327013 0.4901651404336287 0.07862368532516287 0.16234530076534204
3 0.8571698645364046 0.39184684197734715 0.05254946187701168 0.04920286006123779
3 0.8047585841232959 0.40974768066172224 0.05211809572134277 0.06788686802435266
3 0.7566205570334582 0.49160208932295146 0.05053753226817466 0.05242990682447182
3 0.6675749707403381 0.5708745050046298 0.06053652296233682 0.06599189683044736
3 0.716916110272147 0.4775139081872745 0.043982751113759676 0.046692544911530756
3 0.7687814295351435 0.3803948333123526 0.13683822722304181 0.19085380467784688
3 0.5757692725215917 0.4421509769395755 0.07729923568319629 0.05999931127083047
3 0.541643993285236 0.5938116944823126 0.08902707335278474 0.09342354882029906
3 0.4100175846343074 0.4790452267248726 0.1443399845082787 0.09872738143436394
3 0.31107407323046915 0.26426477897042744 0.06785630819750128 0.0629571450534013
3 0.32228630092490473 0.37686879371320525 0.11003945292745551 0.18218307864558503
3 0.37896576113215996 0.2810241059117556 0.09835878819678648 0.08716175028001909
3 0.39108958525322807 0.3419621536101825 0.04932767762065119 0.047986161483621816
3 0.4704664589244633 0.337687988094633 0.0496242446651671 0.056796734170846484
3 0.49358175413300776 0.3786746354234665 0.05387052916622855 0.05695057015979692
3 0.5112442700457698 0.3364153555235232 0.05061167402930351 0.05463254999627799
3 0.5448994435694642 0.32828480995495046 0.0624507243405855 0.09136075230345583
3 0.3981835403523084 0.06447456762683676 0.1346375608586322 0.09397596411561313
3 0.5531712559646281 0.19603706682048014 0.10780171568248148 0.08420391649744825
3 0.4283743002195453 0.1739162187692307 0.05178445779626231 0.05797497375122485
3 0.4848094398503288 0.1495612865583875 0.04485896783620269 0.04122439597925295
3 0.4760961367411936 0.18994482476304433 0.06463452394114055 0.06174044647578533
3 0.7012638102919001 0.2960003763310788 0.047278677131249384 0.050111886660952766
3 0.6527769696895024 0.2887438840272522 0.06543659890245458 0.05406965437170142
3 0.6198649049534726 0.3662000010118628 0.11462947741195241 0.12955039650566277
3 0.7121457374141106 0.1467975256068235 0.07513902255210084 0.05882107169045216
3 0.5973781010382024 0.12339005565047671 0.17766995348882003 0.1439340147876155
3 0.2746689123394503 0.17494759368519608 0.24003643400992156 0.2957905363212657
3 0.8471573894311375 0.3463849849774198 0.07228794710138499 0.06861758897186716
3 0.800155052727747 0.257233870512764 0.054969171172058615 0.058090350742937676
3 0.8331328483429257 0.29197794879993627 0.06493109098565635 0.07055101916301
3 0.7582398375436713 0.2089662612168538 0.051376678110053 0.045860436306290865