3 0.33791794856880525 0.6441706012023615 0.07393029570315224 0.07193856380224588
3 0.4905745469649312 0.7213140820708878 0.07523968090645358 0.07639593719498963
3 0.5184571970666079 0.8227092408232757 0.07960328383300132 0.07533654187707423
3 0.35865190978998945 0.7462053536742485 0.07046481309206684 0.06856644362401565
3 0.19610229328361126 0.5029766195912091 0.07282654294377035 0.07192563485394708
3 0.1286085810406584 0.5360069010821178 0.06966950899856422 0.07522018134238351
3 0.43337582436180455 0.3801322509654329 0.15071221993900147 0.18166783433056885
3 0.576088078335776 0.492967041346654 0.06448337629633874 0.05850179888252089
3 0.5307919368502483 0.6357969241389284 0.0889232045890501 0.10987148895961177
3 0.3931084661931152 0.2855524417851499 0.09569994547828108 0.11328239598273879
3 0.32893506018934054 0.25906716961596965 0.09895979564544692 0.11221007171652471
3 0.3485410044232605 0.1815734394794688 0.055704762332263416 0.05950947840724009
3 0.3900103666932365 0.2066570884221115 0.0736490727194481 0.08970341263172486
3 0.4283680166222463 0.14061669730534407 0.12455174155514989 0.1169518819718457
3 0.6011053234655134 0.13859331689655324 0.10791681637126668 0.0912153211401044
3 0.5213070585753875 0.2279092503006093 0.0634310316479367 0.05959998104533295
3 0.45899795740797505 0.2536526648278008 0.056500066425766285 0.05285574068887235
3 0.47049511474724276 0.21571973967043523 0.058758980055509814 0.05399270969658144
3 0.49347285513039824 0.2827092408232757 0.09197742231229651 0.104354720248953
3 0.5920546162778437 0.3010094733432602 0.06568994527768036 0.06073695005304204
3 0.5200430767754035 0.33186924840514254 0.09592976035100549 0.09440643604214882
3 0.7733134965302869 0.2922159946814108 0.12501441455396875 0.1269518819718457
3 0.6917415700122787 0.14031092091381442 0.14698665351964701 0.12498823871560316
3 0.6045559170060585 0.7144203803663874 0.07639484177681546 0.07751997725439953
3 0.7279600240251942 0.7441028426904609 0.11184497198117069 0.10458744131833454
3 0.6923027397502344 0.6894907111394304 0.060479630146650025 0.06733897197821383
3 0.7532404780156481 0.6937796189829863 0.05208505538823869 0.052804024895676524
3 0.8309779353856023 0.6912014614612415 0.05434396901798222 0.053940993903385484
3 0.7389263623611285 0.43213881021291767 0.06584416961062006 0.06407028338637537
3 0.7866523797028743 0.5566475101775563 0.17577198881684092 0.29412277762217276
3 0.8098462403185892 0.3896188329585181 0.08348003133192546 0.08759755094419347
3 0.6654542565758174 0.503037372119697 0.05087848640689707 0.05056887372515525
3 0.6396929518654023 0.4594264556192362 0.05970850848195226 0.05067230531154716
3 0.601915843825866 0.37093189965346635 0.15661197968820492 0.11843793258362742
3 0.582848244929627 0.6390781524577652 0.0531374000366406 0.051705842732864465
3 0.6191677481405848 0.6125274571044886 0.04625784292545004 0.04607271348751485
3 0.6176375960255918 0.5675209926303391 0.0863286166112523 0.0776363377890905
3 0.5730399471192694 0.594168655095858 0.061223526129173034 0.059574123148734844
3 0.6226876821160199 0.6647367503784117 0.08291454211114688 0.07537532872197113
3 0.25317393543689587 0.6623948169177549 0.06710214670294141 0.06741654566800763
3 0.32384894585293716 0.8055338268053027 0.24855913306495653 0.1506092174552552
3 0.1441095663286923 0.6920210450809865 0.20007264544530776 0.17558297033735623
3 0.1440006635999926 0.5941915515100128 0.05760381918514812 0.052868669637171274
3 0.09578178612296064 0.5903095163165742 0.057116963757524467 0.06618907402220581
3 0.1991641191402826 0.616891366376696 0.11089544355472836 0.10790784570336907
3 0.07351462953341327 0.39546466369616196 0.05606461910912243 0.06728725618501787