3 0.41361874178223257 0.33826720290853557 0.0647276180545313 0.06619026613875538
3 0.39277522145738575 0.3916388112954064 0.06098394854393025 0.05942660937796038
3 0.4502375329643297 0.39716036676878974 0.050337795302110445 0.05135786131779747
3 0.4910378482559212 0.45227779684997155 0.05381562149908263 0.05256596252303691
3 0.38088581498984686 0.5326044372653249 0.057506122346957934 0.058218508172720805
3 0.47832747499050915 0.5626232072015822 0.059789227369789116 0.05828316823547311
3 0.5711294669001723 0.4984944479979417 0.08081569053980014 0.06886510880024338
3 0.5512366875556372 0.6275509320658726 0.06233817570624876 0.06390338385378097
3 0.42516238274122287 0.6106289652497889 0.07194911376210453 0.07416202410478996
3 0.33556301589219156 0.6197738894691176 0.06114345453210749 0.06275994271129372
3 0.31247548017296406 0.6842081139200353 0.059895564695240475 0.06050539045769533
3 0.37259307734181923 0.6820165516783931 0.06873713087876107 0.07850947845510593