3 0.3428740841486554 0.8118795851387242 0.07006448888211073 0.06274864759671396
3 0.5657919290238238 0.8697845249261053 0.04116497918250447 0.05039474847465936
3 0.609469336978692 0.6889404478254663 0.039967786697585196 0.0472195943570089
3 0.41030535994366657 0.6742355889519672 0.058875349722795046 0.047768594889811035
3 0.35055372062787804 0.669876542191385 0.03407967248422291 0.03344025982745704
3 0.330244657925641 0.6204786531902025 0.04292335077931709 0.043118222328408916
3 0.36748420168370366 0.6451768099309843 0.034324293012309846 0.038681349974207566
3 0.3909733312510706 0.62644052702441 0.03642513334844418 0.03874235003340762
3 0.37512062862153395 0.605512274978481 0.039527469747028594 0.03778563209285795
3 0.508985872764024 0.6445620827801252 0.034275368906692465 0.03763313194485746
3 0.5220571418869023 0.6124028241958731 0.03982101438073292 0.04407494026895858
3 0.5530244191001964 0.5461251211018698 0.042215399350571454 0.0504252485042595
3 0.4713233114412819 0.5500506769839609 0.04761427250775987 0.053722402740310544
3 0.42548326181350543 0.5518685797844061 0.041970778822484636 0.045184158357508976
3 0.3695448065304598 0.5108829020557704 0.05115692585690065 0.06219964706391158
3 0.29264687199168704 0.46823900570578225 0.049372644104572615 0.04644587659405998
3 0.41947862974692585 0.47769470844882256 0.041824006505632595 0.04203950426945866
3 0.3951765378726471 0.4124362988741879 0.04341259183549096 0.05360040262190996
3 0.43835311994968923 0.42261190335206883 0.03842812547334398 0.03670691403390782
3 0.41784401651686304 0.44510844945016886 0.04888340304839887 0.035963696300558935
3 0.5011797374058403 0.4737691525667313 0.04001671080320247 0.04826781238635912
3 0.5703362341286164 0.47945091762306474 0.045024191115451785 0.043179222387609205
3 0.5727939463845366 0.4380615554785356 0.04377807452491501 0.03895585024060864
3 0.6772675435658334 0.5434348164185835 0.04192185471686737 0.044135940328158874
3 0.6647992149935342 0.5063354349917282 0.03982101438073292 0.0440749402689587
3 0.6932786033338743 0.38068091309144314 0.047712120718994645 0.05581883879901075
3 0.641587856623302 0.38390339277311264 0.04627030770598856 0.047402594534609765
3 0.5705291121922739 0.32883338021892383 0.04570912859409496 0.05785427479851067
3 0.4366408540996818 0.26774049377132736 0.05047198837825735 0.04752459465301023