3 0.5662093523919575 0.2267196775164984 0.066731351853572 0.07059293598499551
3 0.5254567935142508 0.18781630599092894 0.06651038180170431 0.06496230535436488
3 0.38049900933577563 0.387109054598856 0.050751477888106446 0.05013921442129365
3 0.3918541259986673 0.22207261063420408 0.21828237224057362 0.14783858837831146
3 0.3153632313030908 0.32036046601982193 0.07076038857488359 0.0627624677573788
3 0.3207153443324987 0.4187851209134174 0.06542578310322286 0.06494920169054827
3 0.22102618842593114 0.5004693650111072 0.09012664066691457 0.08663387869090848
3 0.1499306538845867 0.5165238058618848 0.0676594260714166 0.09424158463364415
3 0.2735896207393529 0.4041589794186423 0.07976678779620792 0.09889022944013057
3 0.19506854556970318 0.4298706661562995 0.11639823104319688 0.12071904674247268
3 0.19946405248431054 0.6217310303588222 0.05314164533693726 0.05579605237955736
3 0.14547903006161664 0.6437695062822288 0.08892602060951013 0.16653641899059726
3 0.16330402812356248 0.7420434690419341 0.05621866539088767 0.05133085886650242
3 0.21024928478655483 0.7060201421886665 0.05692576955686446 0.06934887688452043
3 0.24010243544742416 0.6082957443471598 0.05305325731619012 0.053543800127305106
3 0.3105718720662203 0.49769912355705376 0.06447376643586179 0.06831447640511018
3 0.28185948533896427 0.6077912532902231 0.0474534877822881 0.048973777303717825
3 0.2519078208769193 0.7218379281286504 0.14972799329570827 0.19653639977978607
3 0.4282904354144037 0.5919522339303224 0.08160637555969909 0.0628935043955441
3 0.4292092824105999 0.43041865315030586 0.09599157426305775 0.09796065827125251
3 0.5827398543695319 0.4960992931282922 0.15044247923900367 0.10424647209270989
3 0.7264943228142619 0.6727688748487847 0.07197756930448565 0.06615394979957352
3 0.6911049013051718 0.5662651765961062 0.12117487505219936 0.18718669551154707
3 0.6562725426999597 0.6803708179217081 0.10331860109018746 0.09129562716121124
3 0.6308028794021706 0.6249617181057864 0.052920675285069566 0.05016542174892673
3 0.5541858375672427 0.6574039542725673 0.053230033357684337 0.058048304631809614
3 0.522387203564388 0.6251459583613139 0.057612622161984116 0.05922684541320191
3 0.5145215682766768 0.6736414519357283 0.05422624403541882 0.05580915604337397
3 0.48340150654284275 0.6931524986667356 0.06765942607141666 0.09424158463364415
3 0.6844647754099309 0.9012090771357295 0.14154471959928336 0.09851101215154692
3 0.5036304887227074 0.8268535715760558 0.1129474073454009 0.08803518175718206
3 0.6313682226421474 0.8039240465131247 0.05548761877539441 0.060326764211695076
3 0.5808377148059087 0.8484326303037878 0.04723251773042029 0.043343146673087196
3 0.5809122861575681 0.8050964299436567 0.06976417789714912 0.06500161634581444
3 0.33631133720045947 0.7810373827710754 0.04975526721037196 0.052378363009729416
3 0.3860362270695457 0.7708690939953508 0.06941062581416069 0.05599260733680544
3 0.40141394556197957 0.6828871158555311 0.12343615135856882 0.13431118223888558
3 0.35856680896573795 0.9321606514758093 0.07939298415236243 0.061741170941785016
3 0.4758019822029223 0.9144231787867029 0.18696159201572907 0.15083696050601042
3 0.7815593544879976 0.7475182792850503 0.2591766920442801 0.3059155632780984
3 0.18225412800570417 0.7840242291591496 0.0765369341502797 0.07183699508547059
3 0.2477554293461355 0.8552707704107798 0.05874141487083922 0.060366075203144645
3 0.20801105237092143 0.8321135091552514 0.07007353596976387 0.07288449922869733
3 0.29959704226571243 0.8878494116044903 0.05391688596280393 0.047926273160491084