3 0.5429148936170213 0.30422797927461137 0.04619148936170213 0.0505699481865285
3 0.5728617021276596 0.34860103626943 0.04382978723404256 0.04431088082901554
3 0.5217553191489361 0.36597927461139895 0.036436170212765955 0.03882901554404145
3 0.4963404255319149 0.42439378238341974 0.038744680851063834 0.03949222797927461
3 0.6120425531914894 0.4747668393782383 0.04073404255319149 0.04431088082901554
3 0.5302765957446808 0.5223316062176165 0.043106382978723407 0.043461139896373055
3 0.4330425531914894 0.48323316062176164 0.061202127659574466 0.04861139896373057
3 0.47740425531914893 0.5970466321243523 0.04364893617021277 0.0489740932642487
3 0.5885531914893617 0.5550880829015544 0.04947872340425532 0.05722279792746114
3 0.6714468085106383 0.54460103626943 0.042893617021276594 0.04760621761658031
3 0.7052127659574468 0.5985284974093265 0.04304255319148936 0.04562694300518135
3 0.6505851063829787 0.6086839378238342 0.04524468085106383 0.062165803108808294