3 0.7209410548086866 0.6206115879828326 0.056028955532574976 0.05324034334763948
3 0.7634022750775595 0.5859334763948498 0.050175801447776634 0.05449570815450644
3 0.6069700103412617 0.4194206008583691 0.03926577042399173 0.042017167381974245
3 0.7553464322647363 0.45181330472103004 0.1021406411582213 0.19554721030042918
3 0.6794312306101344 0.36484978540772534 0.048045501551189244 0.059656652360515025
3 0.5889141675284385 0.35753218884120175 0.05027921406411582 0.054055793991416315
3 0.5320475698035161 0.2502575107296137 0.06745604963805585 0.07494635193133047
3 0.5297828335056877 0.17841201716738198 0.07863495346432266 0.0507725321888412
3 0.6106204756980352 0.3135729613733906 0.08083764219234747 0.061019313304721025
3 0.6010444674250259 0.2336802575107296 0.09548086866597724 0.09430257510729614
3 0.4253050672182006 0.21373390557939914 0.04451913133402275 0.043057939914163096
3 0.4145294725956567 0.158293991416309 0.1448603929679421 0.055815450643776826
3 0.32229576008273014 0.16304721030042918 0.038924508790072386 0.04721030042918455
3 0.34671147880041364 0.21356223175965663 0.05710444674250258 0.04372317596566524
3 0.4308169596690796 0.2548283261802575 0.042843846949327816 0.043873390557939915
3 0.5186866597724923 0.33736051502145925 0.054064115822130304 0.05277896995708154
3 0.4233092037228542 0.29549356223175965 0.03849017580144778 0.03888412017167382
3 0.3245398138572906 0.2522854077253219 0.16188210961737332 0.1128755364806867
3 0.41216132368148917 0.43981759656652364 0.0450775594622544 0.07113733905579399
3 0.5594312306101344 0.4612017167381974 0.0768976215098242 0.07797210300429185
3 0.47184074457083763 0.602381974248927 0.07260599793174767 0.1342596566523605
3 0.28618407445708377 0.7199463519313305 0.050744570837642194 0.05973175965665236
3 0.3894415718717683 0.6987875536480687 0.15851085832471562 0.08580472103004291
3 0.29107549120992765 0.6505364806866952 0.0694622543950362 0.08765021459227468
3 0.3462771458117891 0.6332403433476395 0.038221302998965874 0.043787553648068675
3 0.33037228541882113 0.554206008583691 0.046028955532574974 0.043186695278969955
3 0.36506721820062044 0.5271459227467812 0.04656670113753878 0.04728540772532189
3 0.3227404343329886 0.513637339055794 0.044777662874870734 0.04408798283261803
3 0.31013443640124094 0.48089055793991414 0.0782316442605998 0.05005364806866953
3 0.08508790072388832 0.6496566523605151 0.06959669079627714 0.12583690987124463
3 0.18468459152016548 0.4836266094420601 0.06455015511892451 0.09919527896995708
3 0.18280248190279216 0.6105793991416308 0.04803516028955533 0.04478540772532189
3 0.15147880041365044 0.5558261802575107 0.03258531540847984 0.03982832618025751
3 0.19061013443640124 0.5611480686695279 0.049865563598759044 0.05805793991416309
3 0.2558841778697001 0.32687768240343346 0.04114788004136505 0.041083690987124465
3 0.2562357807652534 0.37627682403433477 0.041023784901758016 0.05992489270386266
3 0.33413650465356776 0.4023497854077253 0.10738366080661842 0.0984763948497854
3 0.1142812823164426 0.3286695278969957 0.04583247156153051 0.06839055793991416
3 0.1102688728024819 0.44547210300429185 0.11038262668045501 0.16215665236051502
3 0.20773526370217166 0.7640236051502146 0.2482833505687694 0.20226394849785406
3 0.28072388831437434 0.17643776824034335 0.054756980351602896 0.06415236051502146
3 0.20404343329886246 0.23123390557939913 0.04710444674250258 0.04843347639484979
3 0.23200620475698033 0.19552575107296136 0.0583971044467425 0.05737124463519313
3 0.1654084798345398 0.27713519313304724 0.03668045501551189 0.0465450643776824