3 0.2785939389486147 0.3794034553948918 0.07051453710567444 0.07150469784907851
3 0.24456727259466912 0.42346343184215357 0.062145712263974764 0.06894198836034769
3 0.3789102587543155 0.45175908757082645 0.05466046480717879 0.053373680836492944
3 0.22931637741894978 0.1772385527744337 0.1178556114039589 0.11641907590105334
3 0.23129383238535262 0.31292963720376493 0.12437435300190042 0.1414384790903635
3 0.1941193595349436 0.40033257976979975 0.0546328219825284 0.0521888467132702
3 0.28630281151237835 0.5315581196078724 0.06319514659678024 0.06304539506456025
3 0.3640039058828189 0.16936919042448628 0.09459922012261827 0.08627425373428127
3 0.5125577057801269 0.22104438943385948 0.12045205091327546 0.12595290352748825
3 0.4294494601788336 0.1986719136704841 0.061869284017471715 0.057093647128120074
3 0.4166316300742941 0.0822001597558185 0.05838926712325158 0.06056541753680888
3 0.4542227313022698 0.11452061827593432 0.11462338692768549 0.07963406344049512
3 0.5770051393770124 0.05476675038712432 0.0810375162622856 0.06464388899268043
3 0.6230899546595673 0.12008331177535493 0.0618969268421221 0.058278481251342856
3 0.6616628726645818 0.21995310397933066 0.08349574164835077 0.06825354600300165
3 0.6018692830056482 0.38197351431348026 0.0632227894214305 0.064230229187783
3 0.6790955649798632 0.45782898954383827 0.09852152221124297 0.10175982929715645
3 0.704969584069781 0.16619383598367501 0.05106987661435738 0.05210611475229076
3 0.6900672032139089 0.08770571731295361 0.040132255087991654 0.04119441176034756
3 0.7601414411329905 0.23900498927040484 0.12100391440237548 0.09872929601369154
3 0.8409168470630511 0.3141853154781721 0.0828056640359991 0.08955298290068463
3 0.7682116564250203 0.5085133863230904 0.09180928084074956 0.06844658724528703
3 0.8461127050934025 0.48595868602514414 0.07935328996642907 0.09420958743259618
3 0.8494979581091586 0.5801254215010262 0.18792885631913472 0.21988671775681948
3 0.8876927329618637 0.40912272994697135 0.06711744868540506 0.07853097062743557
3 0.9189590888664031 0.45048111965305343 0.059549272754658475 0.059408160733912564
3 0.9570186286075749 0.42648059133959904 0.04982694250899987 0.049708869185518825
3 0.8428903300138298 0.24597462143188453 0.2454611958782268 0.24372227747372321
3 0.4106633431019536 0.6667784082900207 0.10454269296547916 0.10545221826845713
3 0.49025010757205123 0.6910108671992097 0.09808023002074448 0.13372277330384422
3 0.6301556753694383 0.5757347641154813 0.06203514096537349 0.06420265186745656
3 0.6366472706446825 0.6247812822877563 0.15041869755729761 0.08757038778962614
3 0.7425148331855641 0.6804113501369399 0.08446224750720524 0.058802450337546164
3 0.6662294002533656 0.69581567971506 0.08170094405389297 0.09307990795002644
3 0.717479451729903 0.7787944436703259 0.18115934329152814 0.08236322750200105
3 0.5941017299212727 0.7620989332909421 0.07736399959551331 0.059821820538810036
3 0.5336140906343633 0.741572156687809 0.06797338324565852 0.06434053846908928
3 0.5770861624855113 0.6694341711220374 0.0868651872439695 0.060042439101421784
3 0.5402971996743474 0.6969616244848338 0.040215183561942536 0.04474891413001581
3 0.2781591012835055 0.742761944065113 0.06076456403536559 0.06062057217746188
3 0.28814205235552975 0.6613250334210898 0.05338988787717076 0.04979160114649826
3 0.2545833280128271 0.623576300725329 0.049799299684349485 0.04852403506229608
3 0.24153400941243128 0.6754475129294363 0.05582047043858541 0.05221642403359664
3 0.10452398717598357 0.5583030866192206 0.07197861380823443 0.08338061640163243
3 0.13490726219757246 0.6382099513105318 0.061262134879071055 0.08194758639547137
3 0.14128282465273193 0.4021521875859399 0.06054342143816315 0.05114189919167989
3 0.1017438972908158 0.337276367997525 0.059466344280707385 0.05585365836424432
3 0.1225405736802325 0.28641073733451805 0.05827869582465034 0.05582608104391788
3 0.129504082982344 0.457550324839389 0.06822216866751128 0.07500404557809374