3 0.20745737938177494 0.6519444639800289 0.07543120745979601 0.08013011144860818
3 0.11200345606228013 0.4317886181804405 0.05813446748281242 0.048159382826240583
3 0.29130436194827336 0.3616756629658192 0.05373588994106738 0.046968640959767764
3 0.3387291919489311 0.5644159028160249 0.05867447783221721 0.0666779013447591
3 0.3530467520660027 0.6245818445686513 0.03932139300037998 0.03901376257346906
3 0.4069849162530543 0.638590027946187 0.05052431140010336 0.04907122726143784
3 0.37593070946511564 0.6038842214154438 0.04481167359889367 0.0402298587518761
3 0.3909980362361589 0.5773727930427254 0.04487520422823533 0.04240850798934887
3 0.4154125699184531 0.5904315559143787 0.04493873485757712 0.04458715722682164
3 0.3531310879914892 0.45889040811701737 0.043688205227454216 0.03911517982120549
3 0.3842981142603789 0.44127060148051284 0.050429015456090805 0.04580325340522881
3 0.44809501215262143 0.4000016713365525 0.058166232797483404 0.049248707444977086
3 0.45710704238022515 0.48427220341701727 0.06272363691258276 0.055886072405131944
3 0.4623097942670979 0.5315690842402804 0.052707717513640485 0.0491219358853063
3 0.5135229011116045 0.5832477070559909 0.0715843226254148 0.06044620537555059
3 0.5702680953476514 0.6560540655333571 0.05511348082987373 0.05679791684032945
3 0.5397412980109884 0.5270456165461143 0.04940084302866391 0.04795654833076747
3 0.6112102417356787 0.5428267801701762 0.06150487259713087 0.05150341961825242
3 0.5941258174830352 0.5001660952531344 0.04272356342936911 0.043447123984216914
3 0.5740822963271918 0.5246129687920837 0.04413291963284636 0.05436572448351486
3 0.5307292677833847 0.4427750844656495 0.05482759299783594 0.04699399527170175
3 0.5133965621923539 0.372868606924231 0.050587842029445156 0.051249876498910725
3 0.555766506860967 0.36479917873701234 0.04615749917302913 0.048969810013701404
3 0.4301704479408031 0.2723356346901715 0.05158424914220103 0.048007256954635744
3 0.4702717320302224 0.2801247992544658 0.050429015456090805 0.04580325340522881
3 0.5956386740285404 0.23361071432064826 0.06490704302611987 0.055936781029000286
3 0.6004702836177187 0.28691155770292853 0.0550181848858613 0.05352994298412005
3 0.6690018542755238 0.3518137464178644 0.06596698076821754 0.05487281072219801
3 0.7535997182369015 0.48065648158310276 0.05623694920131319 0.05791259577099982