3 0.38535005224660396 0.1962252346193952 0.06533960292580983 0.058925964546402504
3 0.6106583072100313 0.1488946819603754 0.03794148380355277 0.04764337851929092
3 0.6427899686520376 0.3305943691345151 0.0361337513061651 0.04455683003128258
3 0.44358411703239287 0.33580813347236704 0.05550679205851619 0.045276329509906156
3 0.38426332288401255 0.33738269030239837 0.0315987460815047 0.03149113660062565
3 0.3609508881922675 0.38520333680917623 0.04 0.04038581856100104
3 0.39917450365726226 0.3630135557872784 0.03153605015673981 0.036934306569343066
3 0.42137931034482756 0.3823566214807091 0.033354231974921635 0.03686131386861314
3 0.40421107628004177 0.4023774765380605 0.03695924764890282 0.035088633993743484
3 0.5398850574712644 0.3694056308654849 0.031024033437826542 0.03572471324296141
3 0.5505329153605015 0.4024608967674661 0.036165099268547544 0.04153284671532847
3 0.5771055381400209 0.4697914494264859 0.03911180773249739 0.048060479666319086
3 0.49648902821316615 0.46216892596454645 0.04347962382445141 0.051126173096976014
3 0.450846394984326 0.4579249217935349 0.03852664576802507 0.04263816475495308
3 0.39309299895506794 0.4959645464025026 0.04709508881922675 0.059499478623566214
3 0.31413793103448273 0.5346715328467153 0.04563218390804598 0.0443169968717414
3 0.44064785788923716 0.5312825860271115 0.038620689655172416 0.03968717413972889
3 0.41229885057471266 0.5946506777893639 0.040188087774294674 0.05122002085505735
3 0.4557262277951933 0.5870907194994786 0.035893416927899685 0.03389989572471324
3 0.4366457680250784 0.563451511991658 0.045736677115987466 0.03295099061522419
3 0.5212852664576803 0.5388842544316996 0.036980146290491116 0.046277372262773724
3 0.5903970741901776 0.5365797705943692 0.04142110762800418 0.04059436913451512
3 0.5900940438871474 0.5777580813347237 0.04121212121212121 0.036412930135557874
3 0.7005224660397074 0.47817518248175184 0.03831765935214211 0.04223149113660062
3 0.6856739811912226 0.5138894681960375 0.03666666666666667 0.04151199165797706
3 0.705778474399164 0.6400625651720543 0.04342737722048067 0.05266944734098018
3 0.6548798328108674 0.6343587069864443 0.04305120167189133 0.04448383733055265
3 0.5809195402298851 0.6862877997914494 0.04188087774294671 0.055755995828988526
3 0.44385579937304076 0.7405005213764337 0.04719958202716824 0.04467153284671533