3 0.41560085836909866 0.3063772775991426 0.05908798283261803 0.05808145766345123
3 0.4567274678111588 0.2777277599142551 0.05791845493562232 0.05078242229367631
3 0.4770386266094421 0.3995605573419079 0.04372317596566524 0.04448017148981779
3 0.23524678111587982 0.25331189710610935 0.096931330472103 0.0977277599142551
3 0.35754291845493563 0.2612111468381565 0.11931330472103005 0.10065380493033226
3 0.4378648068669528 0.2312111468381565 0.04247854077253219 0.04502679528403001
3 0.5527896995708155 0.3192711682743837 0.052199570815450645 0.052368703108252944
3 0.222274678111588 0.37485530546623796 0.0709871244635193 0.07917470525187567
3 0.2623712446351931 0.5103644158628081 0.10498927038626608 0.09856377277599142
3 0.24552575107296137 0.4344587352625938 0.047371244635193134 0.051125401929260454
3 0.14093347639484977 0.41826366559485534 0.050021459227467806 0.048756698821007506
3 0.1686266094420601 0.45334405144694534 0.06349785407725322 0.097481243301179
3 0.10946351931330471 0.5618542336548767 0.05300429184549356 0.06858520900321544
3 0.16646995708154508 0.6056484458735263 0.047768240343347645 0.05182207931404073
3 0.25528969957081543 0.6444480171489818 0.05543991416309013 0.07078242229367632
3 0.4046137339055794 0.5973204715969989 0.05354077253218884 0.05231511254019293
3 0.4694206008583691 0.6703536977491962 0.08449570815450644 0.08183279742765273
3 0.20515021459227467 0.6815541264737406 0.04247854077253219 0.04206859592711683
3 0.13450643776824034 0.6650267952840301 0.03428111587982832 0.03332261521972133
3 0.26835836909871247 0.7342122186495177 0.08013948497854077 0.10163987138263665
3 0.3331652360515021 0.8103322615219721 0.07505364806866953 0.06782422293676313
3 0.5116416309012876 0.7527867095391212 0.054345493562231756 0.0787245444801715
3 0.4884012875536481 0.8223365487674169 0.07942060085836909 0.06382636655948552
3 0.5727789699570816 0.8288531618435155 0.18548283261802576 0.15224008574490888
3 0.41695278969957084 0.8566023579849947 0.06675965665236051 0.0547481243301179
3 0.4528004291845493 0.8861200428724545 0.04902360515021459 0.049185423365487674
3 0.4299678111587983 0.9196998928188639 0.041266094420600856 0.04083601286173633
3 0.27070815450643776 0.8094533762057878 0.20221030042918456 0.20206859592711682
3 0.6702682403433476 0.437566988210075 0.0880793991416309 0.0857234726688103
3 0.6880472103004291 0.5103536977491961 0.11395922746781115 0.07785637727759914
3 0.5781437768240344 0.6311468381564844 0.05368025751072961 0.0517577706323687
3 0.6224999999999999 0.6394748124330117 0.06754291845493562 0.12977491961414792
3 0.6684549356223176 0.7370739549839229 0.045611587982832616 0.07229367631296892
3 0.6853862660944205 0.6689817792068595 0.07870171673819742 0.06604501607717042
3 0.758293991416309 0.7184137191854233 0.060504291845493566 0.15808145766345125
3 0.7485944206008585 0.6066130760986067 0.04857296137339056 0.06562700964630225
3 0.7324141630901287 0.5515541264737407 0.05214592274678112 0.057331189710610936
3 0.6652789699570815 0.587534833869239 0.04732832618025751 0.07435155412647375
3 0.6912982832618025 0.5557449088960343 0.037242489270386266 0.033708467309753486
3 0.7442918454935622 0.3210825294748124 0.05045064377682404 0.050589496248660236
3 0.6700643776824035 0.32664523043944266 0.04052575107296138 0.04344051446945338
3 0.6375858369098713 0.29470525187566987 0.03956008583690987 0.04165058949624866
3 0.6853111587982833 0.28491961414790995 0.04240343347639485 0.04609860664523044
3 0.5849141630901288 0.1572668810289389 0.06947424892703863 0.05891747052518757
3 0.6556223175965665 0.18770632368703108 0.06937768240343348 0.049196141479099675
3 0.44207081545064375 0.18330117899249734 0.0421244635193133 0.05012861736334406
3 0.38453862660944205 0.14538049303322614 0.04646995708154507 0.049753483386923904
3 0.3378755364806867 0.1617041800643087 0.045751072961373394 0.04830653804930332
3 0.4926824034334764 0.17518756698821006 0.06291845493562231 0.05580921757770632