3 0.6533758650122184 0.6733555965442761 0.05907581559466651 0.059244391817569006
3 0.6890398348047788 0.5143249625408621 0.06330414540439167 0.059368472961443375
3 0.7769085618463923 0.46727955507970964 0.06137455116280441 0.06463692279462346
3 0.7436658133889793 0.6327843282841857 0.056887822424493556 0.057050155083584915
3 0.555688001089152 0.835902034223646 0.06009598391444249 0.05820931402251415
3 0.6024311731355799 0.8916999695103964 0.06417665719354715 0.0540690028422947
3 0.38525277711850575 0.6393415307802011 0.1569683688680495 0.11110774956778778
3 0.45627363786853176 0.4829492234782693 0.04722642382199145 0.05250658018577426
3 0.6003069936968168 0.4946461790801429 0.0962213579603819 0.0645944941505628
3 0.30652865082222275 0.6973271016253051 0.09749992520874406 0.07102210292267211
3 0.29685885449691357 0.7626749916064676 0.09553341683450198 0.075224454674829
3 0.22020191962931748 0.7609590699142583 0.05010235811804432 0.0440708563954924
3 0.23390876140379255 0.7165396837999117 0.07788181494249885 0.05340616847886269
3 0.16323860731880033 0.6947229999980994 0.09536227356579363 0.1007797883334233
3 0.12066001856511774 0.5339299138735233 0.07177423241840916 0.09050245931290356
3 0.22242684933695547 0.5897417569091039 0.04926676046154378 0.05043642459566454
3 0.2618811866143298 0.6421242559510038 0.04277660921633554 0.04598591055575917
3 0.2233530482995704 0.6393928683916158 0.04285043748164579 0.04811810671780608
3 0.28014187169514243 0.6037080005691448 0.08900635145663856 0.06970784255390017
3 0.2739319444958945 0.5080130397438285 0.04937750285950909 0.05363471883873478
3 0.31996200465283126 0.5691259552927117 0.07759992927582512 0.07576320789438663
3 0.22311818091869232 0.340575202845363 0.10585926982479633 0.09895779503106182
3 0.10086741938392739 0.4485081802838345 0.09825163525641384 0.12322988860685277
3 0.6556410769035583 0.40929468963217547 0.06439814198947802 0.06046559132843542
3 0.6540353345378705 0.2875888968226746 0.08551630430001578 0.09090572303049489
3 0.6117318953487679 0.332769882337405 0.05651868109794219 0.04638917427335062
3 0.6010587261492966 0.2742952934900039 0.043649121005491384 0.040686440436610495
3 0.5807862432435897 0.20273283495362004 0.044780031723232805 0.04284965688462599
3 0.36112281215995834 0.34302420304272585 0.05356891853657919 0.052692701901585565
3 0.46569680103910893 0.27192384400756253 0.2698547064822666 0.10803033168028361
3 0.30490281217430387 0.28588098710123505 0.07300245813954884 0.06497814594027773
3 0.44442761414690357 0.39722709299283304 0.041534956100628566 0.04062439986467331
3 0.41047680587656965 0.43038060272055795 0.040773186709438275 0.04912216422689235
3 0.3366572071468479 0.4842413725284268 0.08914394864373866 0.1346777849243937
3 0.5903586797558807 0.4457974932479215 0.04262895268571516 0.04172151823166535
3 0.5574918087271129 0.41708629399031755 0.0382160522127142 0.03626694668267384
3 0.5158410805567586 0.42813663076931313 0.06265311841116657 0.07106453156673277
3 0.5516208000142346 0.46440357745198696 0.04813584974380224 0.04827320814764904
3 0.6055957740100201 0.403023784684063 0.06042821110833879 0.06780419675172536
3 0.6904509247588606 0.7486126738992274 0.05677708002652812 0.0538518608405148
3 0.8070102185722628 0.652251673922171 0.10277864617842698 0.22347412850902607
3 0.7437563922902838 0.8440888903286097 0.1398235054896977 0.16492038655254954
3 0.6530922729152112 0.8649063238037974 0.041756440896559194 0.04702098835081404
3 0.6610187072829227 0.9110277238615231 0.05640793869997699 0.043190880030280016
3 0.660862675434305 0.8085737370823814 0.08967080584443081 0.08889760801232234
3 0.4848215105670301 0.9725560168836598 0.058448275339529204 0.041120724440170286