9 0.5634244769536705 0.2481242336937123 0.05670662307957753 0.05576582620467018
9 0.34292450265272895 0.25532570962170326 0.06325674848912458 0.06539792319706439
9 0.231539156764004 0.23545988504878845 0.05036610094968281 0.05146421961739325
9 0.363892776692493 0.31090236332185944 0.04608319198851249 0.04717501778451073
9 0.32750115645762573 0.3858607007751046 0.04921153239752925 0.04825972299712565
9 0.4085803792776637 0.430603062501951 0.04872769434026314 0.06211279567323344
9 0.477678103053649 0.4267542294500683 0.04732160185252691 0.052511710566825236
9 0.52456739241179 0.3465274253636776 0.07285137299582747 0.07398252924002655
9 0.5480998285195754 0.44157451757049043 0.09657505490598661 0.10183753164497435
9 0.6166124136265998 0.47877666301520777 0.044886702780428535 0.04290442308321968
9 0.7027081568865915 0.5006227255088387 0.06512396819209605 0.08672608719473059
9 0.7280353268065028 0.5892825327953064 0.0557616578070763 0.057891819989519915
9 0.5878320411346225 0.5564467634999904 0.058383449316796183 0.09840974944560829
9 0.45557276560238924 0.6356257212385034 0.056790464391438436 0.05789802236671703
9 0.5654184026427025 0.707733452970166 0.05674854373550787 0.05683192428569358
9 0.6539280846468274 0.7205300865294919 0.05254947608619863 0.054674918614857966
9 0.49810145440714115 0.8102304715913029 0.05349444135869975 0.05254892483000841
9 0.46681279877477494 0.7423285649988065 0.04921153239752925 0.04825972299712565
9 0.425133026173027 0.7031554851991688 0.0744897796052471 0.06333395318418647
9 0.461353508596865 0.8942506427332473 0.054439406631200976 0.050422931045158624
9 0.41825103654416784 0.773493149037928 0.053323257706846275 0.10051093372166914
9 0.36191644782576715 0.7406298244436705 0.04171644171548097 0.04075361978958118
9 0.33794299249409104 0.800734116100355 0.04574782674106874 0.03864623313632322
9 0.23202568935360504 0.7595742406043584 0.04081339709891031 0.043945711655454425
9 0.2612977542957324 0.6563146849864142 0.06435018657144817 0.04089007208791917
9 0.3454852095334429 0.5565852507915896 0.0429548515794955 0.04609031257189581
9 0.3096865823604203 0.551037677184571 0.04205180696292484 0.04928240443776906
9 0.24667960729281282 0.5831815260239556 0.028783873520108926 0.02575381812888671
9 0.21403028085677236 0.5760534124269934 0.03541784024151688 0.03751811128332788
9 0.20766704788484663 0.554688034166144 0.023430237318645835 0.02039231583778362
9 0.2495834879730303 0.5224170365942172 0.03846233933867279 0.03647062033389602
9 0.24877213906120443 0.47762541124823926 0.05074338685305696 0.06105910234660446
9 0.19515979012759724 0.49329746003793623 0.0689684607800623 0.05370805856898945
9 0.17156622354998188 0.4259751203149305 0.065714358403254 0.04942505911330404
9 0.23252869138394644 0.4327407502443035 0.03533399892965591 0.035385915121280975
9 0.2843882271613581 0.422389888293928 0.03785273931361537 0.04712539876693332
9 0.22332881208045133 0.3788345710034501 0.03946843508100388 0.0620569742784588
9 0.22687285802064128 0.31487488851924 0.04287101026763459 0.0439581164098489
9 0.1590991359345972 0.3373928427434275 0.03644664682587896 0.037524313660525
9 0.21632635786682228 0.8447876585598685 0.041716441715481084 0.04075361978958118
9 0.1924734129607402 0.8233168398866672 0.03126069324813787 0.03642720369351572