9 0.6983998514372801 0.5340304536678817 0.05902361093273491 0.05714834649107711
9 0.8302953476979775 0.6004367243113778 0.061277514251981996 0.061575644649404515
9 0.7587727482145018 0.6906879459030143 0.05342729774519794 0.04936237680641883
9 0.6188808198992424 0.5079773423229997 0.06458147900969124 0.06165204046457578
9 0.5335359618862979 0.3683041972574515 0.051429695163155466 0.06681691672248967
9 0.4550794210315444 0.3925411155760998 0.04345132828776909 0.043662729842304855
9 0.4914106041215241 0.3457616342888399 0.046806553192919265 0.0481154932723559
9 0.4441258017985753 0.15270625860612655 0.04573086168073664 0.05027821180807203
9 0.41502253434358244 0.33440236782900523 0.057717248757068254 0.039617410759834756
9 0.41976741916399074 0.3053070712935323 0.0433744380666077 0.03709817841998538
9 0.37268611426265297 0.2828791020476778 0.0667200469971962 0.05623251148942385
9 0.3597385994218045 0.3542751937784339 0.07121503859883009 0.0639930159023585
9 0.35000495828860534 0.48028675224415235 0.04341288317718833 0.04038045413114512
9 0.3530778665907925 0.5469372299200337 0.06054782873502543 0.09327884458555798
9 0.30141827234822927 0.5393813624612932 0.045628341385854795 0.04152547657831279
9 0.27215751747675065 0.40552108591201047 0.046729662971757874 0.04155094185003654
9 0.19906816231420266 0.2535328119165814 0.053388852634617304 0.046080101095258966
9 0.16116227285856788 0.24675272046501323 0.050251483356090934 0.06022690002844644
9 0.25059999198020166 0.22499637918842674 0.05242849645417664 0.05808964676445425
9 0.2667542014261934 0.3028292385926815 0.041094904673640145 0.0304826964542184
9 0.24859853147777763 0.6778740315132991 0.06341608223948701 0.05615611567425246
9 0.31723326910946315 0.5991744380900315 0.057935104383692114 0.05821697312307314
9 0.392690084909028 0.1730370020563819 0.046973148672102207 0.06233868802071488
9 0.35739691980472654 0.1311950391423289 0.040121733456339376 0.04139815021969371
9 0.6180953956766055 0.246031459833114 0.11452540148113682 0.09562073480374432
9 0.7027377414144664 0.16368034425869135 0.05125028464711236 0.05149963007041096