9 0.5655487179487179 0.2555276907001045 0.055620512820512814 0.055809822361546496
9 0.4988923076923077 0.28083594566353187 0.055907692307692304 0.05510971786833856
9 0.35324102564102566 0.306833855799373 0.04717948717948718 0.04683385579937304
9 0.3043179487179487 0.29771159874608155 0.052276923076923075 0.057607105538140024
9 0.20233846153846155 0.3125914315569488 0.07286153846153846 0.05804597701149425
9 0.13167179487179487 0.37632183908045974 0.05985641025641025 0.06158829676071055
9 0.19595897435897436 0.36851619644723094 0.0326051282051282 0.036227795193312436
9 0.23617435897435898 0.38091954022988506 0.05391794871794872 0.05768025078369906
9 0.2789230769230769 0.4098746081504702 0.04092307692307692 0.04530825496342738
9 0.29921025641025645 0.4420689655172414 0.039405128205128204 0.03923719958202716
9 0.30486153846153846 0.3601462904911181 0.038174358974358974 0.041159874608150473
9 0.27565128205128203 0.37363636363636366 0.04141538461538462 0.041933124346917455
9 0.3420923076923077 0.3657157784743992 0.04555897435897436 0.04515151515151515
9 0.3456205128205128 0.4179310344827586 0.033999999999999996 0.037586206896551726
9 0.3797128205128205 0.41033437826541275 0.03230769230769231 0.037868338557993736
9 0.4192 0.3730929989550679 0.0642051282051282 0.05513061650992685
9 0.46444102564102563 0.39013584117032396 0.03826666666666667 0.04632183908045977
9 0.4231794871794872 0.41855799373040753 0.04060512820512821 0.041222570532915365
9 0.4675282051282051 0.45426332288401255 0.04613333333333333 0.049477533960292586
9 0.3135282051282051 0.49149425287356324 0.03882051282051282 0.039352142110762794
9 0.18354871794871797 0.6364681295715778 0.04783589743589744 0.048108672936259145
9 0.3867897435897436 0.47807732497387667 0.048512820512820506 0.03873563218390805
9 0.4469025641025641 0.5166248693834901 0.04411282051282051 0.0419435736677116
9 0.4089128205128205 0.508098223615465 0.035456410256410255 0.036812957157784744
9 0.35018461538461537 0.5176175548589342 0.058605128205128205 0.04869383490073145
9 0.37274871794871794 0.5653396029258098 0.08483076923076922 0.06074190177638454
9 0.3133641025641025 0.5745663531870429 0.03731282051282052 0.03988505747126437
9 0.3471384615384615 0.6528004179728318 0.04834871794871795 0.06290491118077325
9 0.2981948717948718 0.6369383490073145 0.053764102564102564 0.05263322884012539
9 0.3089128205128205 0.6079310344827585 0.040112820512820516 0.03630094043887148
9 0.2561333333333333 0.7450261233019854 0.03628717948717949 0.047178683385579935
9 0.2978974358974359 0.7291849529780565 0.06261538461538461 0.08816091954022989
9 0.3200205128205128 0.6889237199582027 0.06816410256410256 0.0612748171368861
9 0.3548512820512821 0.869644723092999 0.04777435897435897 0.047419017763845356
9 0.4038051282051282 0.8741274817136886 0.040256410256410254 0.043699059561128524
9 0.4122974358974359 0.8400731452455591 0.06093333333333333 0.049017763845350046
9 0.45984615384615385 0.8384221525600836 0.039261538461538466 0.04334378265412748
9 0.5166564102564103 0.7424346917450365 0.040430769230769235 0.061065830721003134
9 0.6283282051282051 0.7468756530825497 0.035743589743589745 0.036603970741901776
9 0.5874051282051282 0.7520062695924764 0.06848205128205127 0.05757575757575758
9 0.5492410256410256 0.7721734587251828 0.046430769230769234 0.05854754440961338
9 0.49099487179487183 0.7908045977011494 0.04408205128205128 0.05892371995820272
9 0.5097333333333334 0.8689028213166143 0.06452307692307692 0.08394984326018809
9 0.7515589743589743 0.40551724137931033 0.044502564102564104 0.04160919540229885
9 0.7185025641025641 0.4623197492163009 0.03971282051282051 0.03438871473354232
9 0.7551692307692307 0.45335423197492164 0.038564102564102566 0.04562173458725183
9 0.23095384615384615 0.25271682340647855 0.04327179487179487 0.04628004179728318