9 0.4135281449684273 0.5592057847938485 0.03945959725362688 0.037425779713896115
9 0.32969257597045876 0.5941838269492103 0.03585681659300569 0.03624269426106715
9 0.40230545831670517 0.26037534040990784 0.03053814060867743 0.022262146215434753
9 0.41253042881738816 0.30693432274557847 0.028554698689856866 0.031550941960060384
9 0.18369947779937695 0.6584511087616816 0.033004365437029226 0.02460125744755318
9 0.2639835420234917 0.7519107018114567 0.025895360697692736 0.024560667937244353
9 0.8119934631594896 0.7556208719132785 0.029498141358314064 0.02574375339007305
9 0.7559783913057087 0.6047553499922784 0.02589536069769287 0.024560667937244353
9 0.7443915486839792 0.6680462639949163 0.02869953356271598 0.03503931405308364
9 0.7080207804504077 0.5480995517972531 0.023429135869340936 0.02222155670512573
9 0.6959159541983686 0.5846496622125718 0.025750525824833486 0.021072295844220962
9 0.7013050316242544 0.628856003479354 0.03919205065851285 0.059512038051325045
9 0.723209369338829 0.6714128675570126 0.018689799376449944 0.02219449703158642
9 0.7880996883344653 0.4654369436596628 0.02959469794022023 0.02806933478542202
9 0.6953175419451284 0.3277304198327963 0.02589536069769287 0.024560667937244353
9 0.6693105311004832 0.3432758835877422 0.026935359948056237 0.021079060762605857
9 0.8200671049099325 0.2796170567976477 0.03491337392454849 0.042049882831054354
9 0.8043685435777023 0.3579971901965137 0.03566370342919309 0.03159153147036948
9 0.6770340760520357 0.37238285808071925 0.02101118933194249 0.021045236170681655
9 0.6450787554458004 0.38731310189490387 0.040113370176365584 0.024641846957862274
9 0.6385641837629471 0.3587942876691488 0.025653969242927052 0.01874671444887226
9 0.694453546298659 0.40677651006030985 0.05406383305992481 0.04680928431590939
9 0.5548251713468848 0.39609791121985954 0.02328430099648169 0.018733184612102473
9 0.5120484311886111 0.42142900458845794 0.029884367685938728 0.03504607897146853
9 0.4520071356309333 0.27344678219729696 0.02224430174611819 0.02221479178674097
9 0.4374733012661932 0.2942890708164337 0.028313307235091317 0.025736988471688357
9 0.3868281812835078 0.28702481759903187 0.023380857578387856 0.02105876600745131
9 0.5901489107445343 0.44803151498114646 0.026887081657103018 0.01991627006493144
9 0.6151209887224895 0.19358329974199373 0.028361585526044265 0.026899779169362776
9 0.3344842755370339 0.19604978152664906 0.031867809604759566 0.02575728322684284