9 0.5320513106367951 0.655373831775701 0.044709889728303934 0.04205607476635514
9 0.5100417829725121 0.7429906542056075 0.042177383006713136 0.038551401869158876
9 0.8347669746930679 0.6174065420560748 0.027565830184056048 0.03154205607476635
9 0.7863403711666612 0.615070093457944 0.03706374560462372 0.030373831775700934
9 0.46870313667146196 0.8966121495327103 0.03004971294673972 0.03387850467289719
9 0.3616621684274545 0.8335280373831776 0.02856465177086081 0.026869158878504672
9 0.27192133692141107 0.2973130841121495 0.031145782451359284 0.03154205607476635
9 0.43246912376853813 0.32710280373831774 0.028564651770860948 0.026869158878504672
9 0.3707195023305209 0.348714953271028 0.04064369787192682 0.030373831775700934
9 0.4972952258220505 0.36507009345794394 0.026080769008177275 0.02453271028037383
9 0.46222506253263057 0.38259345794392524 0.02498469950355771 0.026869158878504672
9 0.41697624839793945 0.38492990654205606 0.06623822729103009 0.04322429906542056
9 0.3704257281478737 0.3703271028037383 0.02588627317254767 0.01985981308411215
9 0.5674639252387494 0.2733644859813084 0.03353241729622802 0.03154205607476635
9 0.7212630807727805 0.34170560747663553 0.02856465177086081 0.026869158878504672
9 0.7093035641397804 0.3697429906542056 0.02622664088489961 0.028037383177570093
9 0.7498510558939836 0.21144859813084113 0.04809534615997771 0.037383177570093455
9 0.6734523984495275 0.23948598130841123 0.0373554893580684 0.037383177570093455
9 0.6787524099704355 0.36682242990654207 0.024790203667928105 0.02219626168224299
9 0.6688259892656239 0.4007009345794392 0.031534774122618625 0.04088785046728972
9 0.6987318607648442 0.4024532710280374 0.022598064658688972 0.026869158878504672
9 0.641273330285896 0.35514018691588783 0.05608185799600959 0.05724299065420561
9 0.6743356982556924 0.49007009345794394 0.02250081674087417 0.02453271028037383
9 0.6553732897399338 0.5362149532710281 0.04069232183083409 0.03154205607476635
9 0.8137532495572753 0.5712616822429907 0.026032145049270008 0.02336448598130841
9 0.7953895301819367 0.5887850467289719 0.031097158492451885 0.030373831775700934
9 0.8105339161233722 0.6372663551401869 0.024887451585743178 0.02453271028037383
9 0.6165833935940969 0.46436915887850466 0.025033323462465246 0.028037383177570093
9 0.8686094096055657 0.3983644859813084 0.03229047591488625 0.030373831775700934
9 0.9104899462003373 0.673481308411215 0.031194406410266686 0.03271028037383177