9 0.4120570264765784 0.2504214963119073 0.0519959266802444 0.05142255005268703
9 0.6299083503054991 0.24720758693361433 0.057423625254582486 0.06164383561643835
9 0.7396028513238289 0.22183350895679663 0.04558044806517311 0.04835616438356165
9 0.61010183299389 0.3028872497365648 0.041934826883910384 0.04400421496311907
9 0.6465885947046843 0.37512118018967333 0.044521384928716906 0.0449104320337197
9 0.5669857433808554 0.42382507903055844 0.04229124236252546 0.05909378292939937
9 0.4989307535641548 0.42326659641728137 0.04276985743380855 0.049662802950474184
9 0.4513849287169043 0.34562697576396206 0.06631364562118126 0.06914646996838777
9 0.4292973523421589 0.44094836670179133 0.08648676171079431 0.09541622760800843
9 0.36217922606924646 0.48113804004214966 0.04071283095723014 0.04056902002107481
9 0.27682281059063135 0.5068914646996839 0.0569959266802444 0.08166491043203372
9 0.2530651731160896 0.5954478398314015 0.04970468431771894 0.054889357218124345
9 0.3909470468431772 0.55622760800843 0.0485336048879837 0.09430979978925184
9 0.5229429735234216 0.6283034773445733 0.05059063136456212 0.05400421496311907
9 0.41475560081466395 0.7048366701791359 0.05137474541751528 0.05310853530031612
9 0.32808553971486765 0.7217281348788198 0.04693482688391039 0.051517386722866175
9 0.48275967413441956 0.8031085353003161 0.048645621181262734 0.04991570073761854
9 0.5128105906313646 0.7343308746048473 0.04438900203665988 0.04552160168598525
9 0.5541242362525458 0.6940779768177028 0.06871690427698575 0.05864067439409905
9 0.519969450101833 0.8846469968387777 0.04985743380855397 0.04653319283456269
9 0.5610386965376782 0.7630031612223394 0.04412423625254582 0.09688092729188619
9 0.6167922606924644 0.7274920969441517 0.03718940936863544 0.03807165437302424
9 0.6410488798370672 0.7859325605900949 0.0414969450101833 0.03635405690200211
9 0.7454378818737271 0.7402528977871443 0.03713849287169042 0.04070600632244468
9 0.7156109979633402 0.6396628029504742 0.05992871690427699 0.03718651211801897
9 0.6306822810590632 0.5448472075869335 0.038859470468431766 0.04315068493150685
9 0.6659979633401222 0.5380716543730242 0.037291242362525456 0.04623814541622761
9 0.7284826883910387 0.5661643835616438 0.026374745417515274 0.024478398314014754
9 0.7612525458248472 0.5581770284510011 0.03194501018329939 0.034341412012644894
9 0.7670366598778005 0.5363329820864068 0.02184317718940937 0.01947312961011591
9 0.724938900203666 0.5067123287671232 0.03467413441955193 0.03395152792413066
9 0.7254175152749491 0.4621707060063225 0.044918533604887984 0.05808219178082191
9 0.7786761710794297 0.4753108535300316 0.06430753564154786 0.04911485774499473
9 0.8016191446028513 0.4073972602739726 0.06074338085539715 0.04574288724973656
9 0.7415071283095722 0.4173445732349842 0.031680244399185334 0.032518440463645944
9 0.689847250509165 0.40914646996838777 0.03364562118126273 0.04389884088514225
9 0.7493279022403259 0.3632876712328767 0.03390020366598778 0.05898840885142255
9 0.7453971486761711 0.3005479452054795 0.03843177189409369 0.04140147523709167
9 0.8126680244399185 0.3195047418335089 0.03259674134419552 0.03443624868282402
9 0.7617515274949083 0.8242360379346682 0.038105906313645625 0.0378609062170706
9 0.7853869653767821 0.8013487881981033 0.02755600814663951 0.03426765015806112