9 0.5453804930332261 0.2888604898828541 0.05147909967845659 0.054526091586794466
9 0.6069560557341908 0.15651757188498402 0.05546623794212219 0.0552076677316294
9 0.6972561629153269 0.22057507987220448 0.045219721329046086 0.04859424920127796
9 0.5225616291532691 0.36670926517571883 0.05575562700964631 0.0580937167199148
9 0.38866023579849945 0.4580937167199148 0.062497320471597 0.04624068157614484
9 0.4140621650589496 0.5325985090521832 0.03964630225080386 0.03889243876464324
9 0.367481243301179 0.5005324813631523 0.04357984994640943 0.042971246006389775
9 0.17982851018220794 0.5582641107561236 0.04660235798499464 0.04199148029818956
9 0.35867095391211146 0.5750692225772098 0.03443729903536978 0.053450479233226836
9 0.33019292604501604 0.5719275825346113 0.03293676312968918 0.03959531416400426
9 0.30937834941050374 0.619073482428115 0.050032154340836014 0.06148029818956336
9 0.3796463022508038 0.6270287539936102 0.05738478027867095 0.06522896698615549
9 0.5031618435155413 0.6287007454739084 0.03632368703108253 0.03968051118210862
9 0.5680385852090032 0.6213099041533546 0.08669882100750267 0.05299254526091587
9 0.5620900321543408 0.6720340788072418 0.03721329046087889 0.041118210862619804
9 0.43184351554126477 0.7085410010649628 0.03722400857449089 0.04268370607028754
9 0.28589496248660234 0.7887220447284345 0.042197213290460875 0.04855165069222578
9 0.28005359056806006 0.8256443024494142 0.055380493033226154 0.04509052183173589
9 0.2561093247588424 0.7406389776357828 0.05332261521972133 0.04638977635782748
9 0.33188638799571274 0.7202129925452608 0.026516613076098604 0.037955271565495205
9 0.6995284030010718 0.714398296059638 0.05062165058949625 0.05872204472843451
9 0.620021436227224 0.6526517571884984 0.054019292604501605 0.05179978700745474
9 0.20153269024651663 0.6062619808306708 0.05834941050375134 0.04126730564430245
9 0.16107181136120044 0.6433865814696486 0.0372454448017149 0.03663471778487753
9 0.2665487674169346 0.38399361022364215 0.08615219721329045 0.10592119275825346
9 0.1832047159699893 0.3073908413205538 0.04670953912111468 0.04645367412140575