9 0.5360347864882269 0.5345363184725356 0.03014177085607375 0.028605552719211776
9 0.5984330885463782 0.5415879910759532 0.024863651221464018 0.029591216515495747
9 0.613509335520063 0.5893869392119395 0.036959966431503115 0.05571649266475102
9 0.5733105698365721 0.5854308998304361 0.025885992185598977 0.0274502392637982
9 0.5772639354543248 0.6330319233641045 0.024789689081937565 0.025271562087849715
9 0.50804475704792 0.6220780283826809 0.02709323849854994 0.03610839808121537
9 0.47094463378094986 0.5609242677591217 0.025867501650717422 0.026370325656887
9 0.4819500074329757 0.598928593584403 0.02477119854705589 0.024191648480938268
9 0.7150205483744534 0.5090948265075298 0.030271204600244857 0.036164947967591905
9 0.7437832965579941 0.4383106274666374 0.02155625137559763 0.021975271380739084
9 0.590889328639002 0.23952593839869782 0.02263406394437785 0.023074034949776
9 0.47274505503396663 0.641434381360401 0.026889842614852503 0.024229348405189453
9 0.4606672303588088 0.6660650447359838 0.028004636253395585 0.02748793918804914
9 0.4924957984857859 0.6947177223605092 0.023674895443394482 0.022012971304990026
9 0.5424715202006459 0.7155914972893325 0.02161172298024265 0.025215012201473427
9 0.5661437348712165 0.6636209615398257 0.0215377608407162 0.020895357773827637
9 0.42971964341153107 0.6169034335612035 0.02490063229122712 0.03175104372931864
9 0.4087485246575271 0.6348943906172507 0.019400626238038038 0.01977774424266525
9 0.4215925035813018 0.6583481576924156 0.032371358133159917 0.0351227342849314
9 0.4077592810413622 0.6926697685870131 0.021574741910479426 0.02305518498765053
9 0.37376852328220855 0.6974661378335542 0.02268953554902251 0.026313775770510466
9 0.34390411044935854 0.7088173885700659 0.03776042097705944 0.040616552130116106
9 0.3283999004005733 0.6550694906150041 0.0440608815758045 0.037489911082134834
9 0.2997454146534983 0.6885872452363887 0.03456396434048285 0.03948008863682837
9 0.3397052812073835 0.8302699694233527 0.022671045014140957 0.02523386216359902
9 0.232474581779163 0.7495041550009529 0.020478438806817954 0.020876507811702045
9 0.23221035274517293 0.7030490199416352 0.03452698327071975 0.037320261423005235
9 0.2535354724347509 0.6953266671323095 0.019437607307801204 0.021937571456488145
9 0.2626903147747631 0.7176345457331235 0.025812030046072645 0.023130584836152657
9 0.27773346440047764 0.705479438723399 0.01847073794831084 0.027318289528919786
9 0.14426665557287704 0.5788765787765179 0.031478450913195885 0.04482310678500883
9 0.14771929892497182 0.5319474617811838 0.02584901111583581 0.025290412049975307
9 0.1943360329111141 0.5014499405332113 0.04610556350407465 0.03320795657874011
9 0.2313171706503229 0.47672229446412223 0.019456097842682814 0.023017485063399467
9 0.2589982225432907 0.4691130414275495 0.02584901111583587 0.025290412049975307
9 0.22928829848411028 0.44049806372727496 0.01839677580878451 0.022998635101273996
9 0.20647589368553354 0.4422526167553995 0.025830520580954197 0.024210498443063982
9 0.23763076023830165 0.4174212958946201 0.01941911677291965 0.020857657849576695
9 0.2280756906255114 0.38754459706436306 0.019659493726380255 0.03489653473942539
9 0.24483069255162762 0.39918528933094133 0.019456097842682814 0.023017485063399467
9 0.5474571252491715 0.23875308995155212 0.019363645168274813 0.01761791702884223
9 0.5394594191631134 0.27263841883438417 0.02257859233973295 0.01983429412904166
9 0.09025168006047324 0.4844744287670888 0.02257859233973295 0.019834294129041537
9 0.1340933559905226 0.4922761406402217 0.04080895333458319 0.033113706768112636
9 0.1441080082025286 0.4643680365196536 0.01724500110047826 0.017580217104591168
9 0.10801857473431482 0.5917346001506439 0.02270802608390406 0.027393689377421666
9 0.1072419722692882 0.6370909716409247 0.020533910411462703 0.024116248632436384
9 0.6161382219958442 0.9000034759149219 0.01832281366925818 0.01867898067362821
9 0.6790488974850319 0.8152436419687411 0.022018514747637285 0.04897311155352502
9 0.6145939874583458 0.7735876090388434 0.015089375962918487 0.015382689966517335
9 0.5963266453937324 0.78838595017947 0.021593232445360978 0.024135098594561977
9 0.6152584437651138 0.827611564327604 0.018378285273902718 0.02191872149436255
9 0.6887041872158162 0.7154930080453735 0.03333822749265046 0.029742016212499757
9 0.6832358006867424 0.663544055140871 0.024734217477292788 0.02203182126711537
9 0.6200582153907405 0.6710617912496951 0.02475270801217446 0.023111734874026818
9 0.6246706757696133 0.7111128445160461 0.020478438806817895 0.020876507811702045
9 0.6114595669210308 0.7400443123571492 0.0215377608407162 0.020895357773827637
9 0.5760185051226416 0.7367130546086661 0.02692682368461585 0.026389175619012346
9 0.5994756727441359 0.8829632156137864 0.030123280321192197 0.027525639112300326
9 0.6550015105711819 0.8272385243003989 0.02049692934169957 0.02195642141861349
9 0.7345866613523427 0.7897659566299369 0.021667194584887427 0.028454753022207766