9 0.5212377850162866 0.36745744680851067 0.0349728555917481 0.03439361702127659
9 0.5543431053203041 0.29074468085106386 0.03411509229098806 0.03048936170212766
9 0.24235613463626493 0.368563829787234 0.0205971769815418 0.026351063829787233
9 0.2855700325732899 0.37584042553191493 0.028859934853420192 0.02452127659574468
9 0.6153528773072747 0.1576914893617021 0.02284473398479913 0.028638297872340426
9 0.7018566775244299 0.2262127659574468 0.02292073832790445 0.022329787234042553
9 0.7026058631921824 0.7181382978723404 0.024419109663409336 0.026042553191489362
9 0.5620195439739414 0.6734893617021277 0.023072747014115092 0.02284042553191489
9 0.620814332247557 0.660372340425532 0.03224755700325733 0.024095744680851062
9 0.5091313789359392 0.6326914893617022 0.020836047774158525 0.02065957446808511
9 0.5435613463626493 0.6200106382978723 0.019120521172638436 0.022755319148936172
9 0.584701411509229 0.6232021276595744 0.0557328990228013 0.03320212765957447
9 0.6241910966340933 0.6416914893617022 0.020977198697068405 0.016276595744680853
9 0.43159609120521175 0.7072978723404255 0.02560260586319218 0.02547872340425532
9 0.30370249728555915 0.6290744680851065 0.02306188925081433 0.02257446808510638
9 0.31815418023887077 0.6051170212765957 0.019782844733984797 0.02347872340425532
9 0.25763300760043434 0.7433297872340425 0.038859934853420194 0.029393617021276595
9 0.3310314875135722 0.7259361702127659 0.028935939196525515 0.03121276595744681
9 0.34545059717698157 0.6109255319148936 0.019044516829533117 0.01778723404255319
9 0.35940282301845816 0.5821808510638298 0.022366992399565692 0.03556382978723404
9 0.33254071661237783 0.5769893617021277 0.017426710097719872 0.022127659574468085
9 0.3774267100977199 0.6252659574468085 0.04331161780673182 0.04707446808510638
9 0.3679153094462541 0.5003936170212766 0.017698154180238873 0.02030851063829787
9 0.3918241042345277 0.4611914893617021 0.03272529858849077 0.02603191489361702
9 0.253800217155266 0.4128829787234043 0.020510314875135723 0.019670212765957446
9 0.2736156351791531 0.399095744680851 0.024234527687296416 0.02421276595744681
9 0.2673724212812161 0.35359574468085103 0.019565689467969598 0.020404255319148936
9 0.41619978284473397 0.5304255319148936 0.018566775244299675 0.023095744680851064
9 0.17877307274701412 0.5623297872340426 0.025255157437567864 0.02448936170212766
9 0.18234527687296417 0.31034042553191493 0.024147665580890335 0.027521276595744684