9 0.2776590903178739 0.5805621713603214 0.058950101206358164 0.05799737615604529
9 0.14230754548007107 0.6411184910608366 0.060082038506406615 0.06245057151789467
9 0.21147008746624546 0.7348566120441682 0.052274319150090724 0.05105842376516808
9 0.35801266102081963 0.5583638900394647 0.06340062257720308 0.06262334441662998
9 0.44899129179051245 0.4223982131290998 0.050158464556246014 0.06742675831619435
9 0.5268396509266456 0.450084749875753 0.042279953023026826 0.04394669847555556
9 0.4922680334122271 0.4015673377357356 0.045624279703606385 0.04851507576989526
9 0.5465012712016448 0.21037566015945647 0.04453095631823238 0.05065528700145236
9 0.5692193565625816 0.393481997801858 0.056634741386695185 0.04029977664113751
9 0.5655150021102419 0.36470900084857155 0.0422413391083525 0.03735329188214896
9 0.6137728376643742 0.3435878342538598 0.06668702838577102 0.05730161182085979
9 0.6244132493318325 0.4161417658943328 0.07005066202368748 0.06516669241190291
9 0.6297540022708089 0.5433815931317577 0.04226064606568979 0.040649995178852386
9 0.6238336718465138 0.6095771547840487 0.05916247773706772 0.09426111241978155
9 0.6764229692012447 0.6046204179883834 0.04447947109866644 0.04186407821024369
9 0.7104003951600362 0.4711833118109012 0.04558566578893193 0.041921669176488666
9 0.788728579168579 0.3224674267008054 0.0522550121927535 0.04776172046846478
9 0.8274840072425456 0.3178897039259773 0.04901365595130595 0.060775760756542535
9 0.738560829898866 0.2918250597146753 0.05121960967939124 0.05979204159013177
9 0.7198516861858374 0.3688967867936092 0.041096530503412436 0.030702294322497267
9 0.724281425538539 0.7461654095141567 0.0633684443149743 0.05712883892212461
9 0.6578200137535709 0.6635602769354492 0.05675058313071867 0.060079996421357036
9 0.5972703852098337 0.23280506438695087 0.0457079431854011 0.06280079005560955
9 0.6345756799528888 0.19242666944846942 0.03894849764733901 0.04157612337901805
9 0.36840355730369995 0.29563780458261235 0.11336601756007657 0.0970830697657915
9 0.28592162946721944 0.20890089969664744 0.05118099576471678 0.053198634996725176