9 0.7660355776361429 0.391361956474222 0.0646659247262917 0.06466919767098046
9 0.7472229859115412 0.46551233718794804 0.06471031130315935 0.06577784512109133
9 0.7377750594319232 0.6239553986821178 0.05446252396585625 0.05463332132031694
9 0.7529553172579684 0.676693551628605 0.06562208961442557 0.06134970524283315
9 0.749746509325135 0.7869588234593403 0.06977779500798553 0.08354200401160553
9 0.6914398884778604 0.8675256667139757 0.0713794187461804 0.06914248700453458
9 0.6924783635892158 0.7982577758096945 0.04181415450674281 0.03793266042461792
9 0.6744296110987694 0.7554781001476497 0.06680018738689704 0.0635734500652399
9 0.6399966027504098 0.7114930282027178 0.052017555267178245 0.04796853677528144
9 0.6038167875462952 0.6918820753547621 0.04648215901976124 0.045718992264134325
9 0.6882958554621901 0.68019004733398 0.04643777244289383 0.04461034481402346
9 0.6776004953852487 0.7122698742431589 0.04874958141096909 0.047949187008726364
9 0.6779833417450672 0.640227139752508 0.05219510157464865 0.0524031265757249
9 0.623517110808248 0.6399046436432534 0.04294786570234685 0.03904775779691381
9 0.6274767835768671 0.6027972036754649 0.04290347912547919 0.03793911034680294
9 0.6610599840342299 0.557552280691935 0.06506540391809967 0.07464702472197837
9 0.6379095311635657 0.5097546668545584 0.05188439553657574 0.04464259442494897
9 0.6136521698307634 0.5567173853518279 0.04766025679223296 0.047942737086541086
9 0.571505115997514 0.5104698690513785 0.0565967866264616 0.053537573714576125
9 0.5505184844804714 0.6799284559026209 0.04648215901976124 0.045718992264134575
9 0.41600998982903076 0.8293181454307659 0.0555962351614603 0.05574841869261283
9 0.556015054607465 0.599603115147064 0.045747927015965306 0.05458172194283622
9 0.5088892902231243 0.5378087348563221 0.04888274114157184 0.05127512935905896
9 0.5224697777964563 0.5777909922043493 0.04194731423734555 0.041258602774950505
9 0.5190307205632902 0.6415027460137059 0.05821875016760847 0.06684779303809178
9 0.4675559741199988 0.620692846805048 0.07357840778660542 0.09686512317949149
9 0.46470596577306855 0.6855164730256081 0.04530406124728978 0.04349524744172757
9 0.3795851459780756 0.6539777004142517 0.07089116640063708 0.056947365053315074
9 0.40182382053747356 0.7062034541298865 0.06126479113947992 0.06132390555409254
9 0.4306807530325115 0.6925195089024984 0.04321418516355209 0.045699642497579
9 0.2944772520441094 0.7587703145556061 0.05288494700157693 0.042431749446912144
9 0.3062295735498771 0.7122877456782636 0.09883446709892756 0.07484697230971635
9 0.3449246442889339 0.6859156290353586 0.07173451136112059 0.07801166660542151
9 0.1538609936283489 0.6603998737116206 0.05450691054272391 0.0557419687704278
9 0.1436048898750512 0.6082450691400217 0.05088384407157432 0.04685343940298555
9 0.17799721861750617 0.5968106684237807 0.05830752332134361 0.06906508793831351
9 0.17375459355569237 0.5452456621492553 0.049750132875970396 0.04573834203068966
9 0.2668853855271398 0.47763143711972544 0.068357424548224 0.04806528560805798
9 0.24899754651217404 0.3572657897164755 0.04194731423734555 0.041258602774950505
9 0.24861655363783705 0.40215311160159534 0.06851092408177904 0.07910096428897703
9 0.2323293873496536 0.4441752909897541 0.06644509477195659 0.054704270464352986
9 0.2196754574340959 0.5089408679106484 0.06635632161822146 0.05248697556413126
9 0.13628756762241884 0.4934839332480845 0.09452155520084957 0.07592982007108673
9 0.5885108324689163 0.20077705464438936 0.04888274114157159 0.05127512935905883
9 0.5334860623502898 0.240907290619811 0.04103553592607933 0.04568674265320888
9 0.5384019000070425 0.200480358223875 0.05301810673217955 0.045757691797244926
9 0.8077165238749401 0.7523879495399358 0.05319565303964971 0.05019228159768845