9 0.4704668049792531 0.45349894291754755 0.027261410788381745 0.029883720930232557
9 0.4661514522821577 0.3911522198731501 0.027977178423236514 0.024133192389006342
9 0.42059128630705395 0.3745771670190275 0.05203319502074689 0.03539112050739957
9 0.4230601659751037 0.4149365750528541 0.0258402489626556 0.025708245243128966
9 0.3778215767634855 0.4092283298097252 0.024097510373443983 0.023805496828752642
9 0.38578838174273855 0.4782875264270613 0.03379668049792531 0.025528541226215642
9 0.4428838174273859 0.5176321353065539 0.0250103734439834 0.024904862579281182
9 0.40730290456431534 0.5054228329809725 0.022354771784232366 0.024291754756871037
9 0.5009854771784232 0.2757399577167019 0.03382780082987552 0.028054968287526426
9 0.5698340248962657 0.249492600422833 0.02053941908713693 0.02157505285412262
9 0.7558713692946057 0.4090274841437632 0.022168049792531123 0.02182875264270613
9 0.3657780082987552 0.5130655391120508 0.023226141078838174 0.026088794926004227
9 0.34157676348547716 0.5244291754756871 0.025477178423236515 0.027040169133192387
9 0.31557053941908714 0.49165961945031716 0.020954356846473027 0.023604651162790695
9 0.29735477178423236 0.44067653276955604 0.023392116182572614 0.02084566596194503
9 0.34786307053941906 0.4192600422832981 0.019854771784232367 0.021553911205073998
9 0.38793568464730294 0.5566067653276955 0.030363070539419088 0.023668076109936577
9 0.370051867219917 0.5770507399577167 0.018858921161825727 0.018520084566596193
9 0.3479979253112033 0.5633720930232559 0.032002074688796685 0.03072938689217759
9 0.3144813278008299 0.5762050739957717 0.021939834024896264 0.02091966173361522
9 0.30868257261410786 0.6101162790697674 0.02538381742738589 0.021797040169133194
9 0.296649377593361 0.6389429175475688 0.037717842323651454 0.0358985200845666
9 0.34807053941908717 0.6564587737843551 0.0337344398340249 0.04191331923890063
9 0.3146680497925311 0.6836997885835094 0.036545643153526965 0.032674418604651166
9 0.18015560165975103 0.6389006342494714 0.02432572614107884 0.022431289640591965
9 0.25394190871369293 0.7490063424947145 0.01962655601659751 0.020338266384778012
9 0.2987863070539419 0.7508033826638477 0.0345746887966805 0.03266384778012685
9 0.3066078838174274 0.7297568710359408 0.020860995850622406 0.018668076109936576
9 0.28601659751037345 0.7200739957716702 0.021275933609958508 0.02489429175475687
9 0.2976970954356847 0.705137420718816 0.026026970954356847 0.017832980972515858
9 0.41485477178423236 0.842431289640592 0.04233402489626556 0.029587737843551794
9 0.460207468879668 0.8410782241014799 0.02404564315352697 0.024904862579281182
9 0.4905186721991701 0.7956131078224101 0.03020746887966805 0.045602536997885836
9 0.5154460580912863 0.7594397463002114 0.021524896265560166 0.01854122621564482
9 0.5240560165975103 0.7317758985200845 0.023558091286307054 0.025095137420718814
9 0.5503941908713693 0.7628435517970401 0.022043568464730292 0.01763213530655391
9 0.5484439834024897 0.7851585623678646 0.023070539419087134 0.02503171247357294
9 0.5733195020746887 0.7554968287526428 0.020186721991701247 0.019492600422832983
9 0.6010165975103734 0.765845665961945 0.03285269709543569 0.018350951374207187
9 0.5909336099585062 0.7486786469344608 0.021566390041493775 0.01912262156448203
9 0.7552489626556016 0.452600422832981 0.016078838174273857 0.018942917547568713
9 0.7217427385892116 0.45905919661733613 0.01900414937759336 0.021839323467230443
9 0.5038692946058091 0.8997040169133192 0.01838174273858921 0.022346723044397464
9 0.49733402489626555 0.8554651162790697 0.03038381742738589 0.03882663847780127
9 0.524688796680498 0.8466279069767442 0.017002074688796682 0.01642706131078224
9 0.40069502074688795 0.8784038054968287 0.02550829875518672 0.0222938689217759
9 0.3571576763485477 0.8778858350951374 0.022894190871369294 0.020306553911205075
9 0.12227178423236515 0.3612050739957717 0.017811203319502075 0.01817124735729387
9 0.20604771784232365 0.3010782241014799 0.046348547717842324 0.01977801268498943
9 0.24359958506224066 0.3671987315010571 0.014315352697095437 0.015137420718816068
9 0.2292116182572614 0.38470401691331924 0.022800829875518673 0.021649048625792814
9 0.19188796680497924 0.364492600422833 0.020363070539419086 0.01841437632135307
9 0.3025103734439834 0.2955179704016913 0.027313278008298754 0.03239957716701903
9 0.3517842323651452 0.3021247357293869 0.021026970954356846 0.024249471458773784
9 0.3421161825726141 0.36535940803382666 0.021867219917012445 0.024112050739957716
9 0.3043153526970955 0.35922832980972513 0.019263485477178422 0.02054968287526427
9 0.2759439834024896 0.3715433403805497 0.01921161825726141 0.021437632135306556
9 0.2779356846473029 0.40687103594080337 0.02474066390041494 0.026416490486257927
9 0.13848547717842324 0.3783086680761099 0.02587136929460581 0.029439746300211418
9 0.19411825726141077 0.32516913319238905 0.020985477178423237 0.019883720930232558
9 0.23254149377593358 0.24689217758985202 0.0270850622406639 0.021289640591966173