9 0.43467147464362876 0.5250608533951177 0.03322668527323553 0.032436664164040306
9 0.37292420109375685 0.5200538799392672 0.029033813155835114 0.03238693743981331
9 0.34938721409944046 0.5635900175999666 0.043246188628092354 0.058189574934576244
9 0.38914630657840626 0.56726754968525 0.028985018064942938 0.03025018530306129
9 0.3760427047866988 0.6130647562932686 0.027888004944700655 0.028101001485252373
9 0.44520069717835964 0.614953623311388 0.030228416457861628 0.03880962553112637
9 0.492529968969345 0.5626160018932681 0.02896062051949691 0.029181809234685222
9 0.4749533615000228 0.5976735052527707 0.027863607399254628 0.027032625416876305
9 0.2656169160101557 0.46695096163365796 0.033373070545912 0.038846920574296596
9 0.25106516596373135 0.3925061338251421 0.024670158220312138 0.02485857823695407
9 0.43778522917491247 0.22800879550287206 0.02574277379510839 0.025939385986386797
9 0.476061696968157 0.6409675993841149 0.02996004345795484 0.027057488778989624
9 0.4828136820829018 0.6666956467925376 0.031081454123643267 0.03027504866517461
9 0.4466619206306307 0.6887088670725068 0.02676659427901235 0.02488344159906739
9 0.3939826461632186 0.6998394197718079 0.02474335085665034 0.028063706442082274
9 0.3810881763574651 0.6446502245561746 0.023597542645516004 0.02377777048752122
9 0.5220373431993007 0.6249485484502529 0.028034390217377185 0.03451125789550878
9 0.539369098789331 0.6465274083957384 0.02145231149592362 0.02161615498865552
9 0.5221340569562538 0.6666276467979765 0.035445109059166 0.03780340786803397
9 0.5291661756312129 0.703045670730688 0.024694555765758287 0.025926954305329895
9 0.5614291578593286 0.7135806254930189 0.025815966431446596 0.029144514191515123
9 0.5877805556533421 0.730457462419794 0.04185640496249713 0.0432198782962545
9 0.6130362549643601 0.6805297158704233 0.047048700018355365 0.04114528456478603
9 0.6347068297320515 0.7187243474404932 0.03868735332900067 0.04211420718470834
9 0.5682887408665028 0.8493824871468184 0.025791568886000447 0.028076138123139055
9 0.6881158395007679 0.7904240192429792 0.02252492707071987 0.022696962738088373
9 0.6975384794170271 0.7451174897854501 0.03759034020875851 0.039965023366899666
9 0.6783904213285109 0.7342037430021401 0.02254932461616578 0.023765338806464684
9 0.6648363413708822 0.7538133042538884 0.028887427883158706 0.025976681029557018
9 0.652587091882203 0.7392410471581309 0.021623094314046177 0.029094787467288
9 0.8063357676225013 0.6411442626776638 0.035664686968180856 0.047418792483418584
9 0.8121140419814811 0.59472584626806 0.02893622297405076 0.028113433166309154
9 0.7726115619421146 0.5568540641542141 0.05012016147006771 0.037977451402827926
9 0.7413362420921495 0.5260261799332664 0.02257372216161193 0.02483371487484051
9 0.7159476709184249 0.5129010909268641 0.02893622297405076 0.028113433166309154
9 0.750527105326671 0.49086922312530984 0.021525504132262063 0.02482128319378385
9 0.7724176962157927 0.49647216876938116 0.028911825428604612 0.027045057097932965
9 0.7468831779818073 0.46678103486262146 0.021476709041369765 0.022684531057031714
9 0.7616562587869085 0.43970527281329735 0.022842095161518836 0.03658585162697726
9 0.7431294616824361 0.4475005389076253 0.02257372216161193 0.02483371487484051
9 0.48009167409091524 0.23492253499592541 0.021403516405031443 0.019479402851903506
9 0.48139518992261804 0.26966962058026106 0.024621363129420083 0.02272182610020181
9 0.8768848583170039 0.5591593924877332 0.024621363129420083 0.022721826100201688
9 0.8328475023115766 0.5591714499175393 0.043806455748520934 0.036834485248111656
9 0.828277344664593 0.5297289496319139 0.019307080346331114 0.019454539489790066
9 0.838915479729 0.6607666298617194 0.025840363976892742 0.03021289025989119
9 0.8316136734168874 0.7050296466129861 0.02364633773640794 0.025914522624273358
9 0.28692715318264544 0.8652815658543882 0.020379695921127487 0.020535347239222915
9 0.24241623610309745 0.7712454500644583 0.02735213536971822 0.050524467240093025
9 0.3133177765693215 0.7426980308149163 0.017161849196738847 0.01729292399092461
9 0.32759026948036274 0.7605002794779153 0.024718953311204314 0.026995330373705963
9 0.3021520267909148 0.7954645452294928 0.021501106586815796 0.02375290712540766
9 0.2525468430497083 0.6719797133134093 0.036371339361285844 0.03247395920721016
9 0.2672959645217791 0.6229960260218476 0.02781481230836245 0.02489587328012417
9 0.3271537429368268 0.6418732408450016 0.0278392098538086 0.025964249348500237
9 0.3152813407653151 0.6796700586212566 0.02252492707071987 0.022696962738088373
9 0.32243544716750466 0.710746202212088 0.023597542645515886 0.02377777048752122
9 0.357489757287118 0.713833603698428 0.030008838548847012 0.02919424091574176
9 0.30663635481642143 0.8516226630650484 0.03320228772778939 0.031368288095664
9 0.2635509412958065 0.786991752517574 0.023597542645516004 0.02377777048752122
9 0.19341879993596492 0.7359327229920423 0.024816543492988605 0.03126883464721024