9 0.7344758911661698 0.40337196398851544 0.06461992412027188 0.06577902589821398
9 0.7132428343573276 0.4782427409064773 0.06463273915713193 0.06690010213139784
9 0.6981880175370484 0.6389606415324538 0.05460550955226228 0.05669301190581304
9 0.7113458231099761 0.69237482389609 0.06569561563245438 0.06354991833483858
9 0.7040134582199168 0.8038501621314263 0.06925588112736825 0.0860105777074924
9 0.643043119060542 0.8860988561739542 0.0712919288199916 0.07146267648208665
9 0.6460467020361124 0.8160576814059478 0.042298746554425205 0.03973337447514047
9 0.6294695963737331 0.7726940504319895 0.06572124570617496 0.06579207080120629
9 0.5958284136482864 0.7285676853450593 0.051224654573391766 0.04992741979773321
9 0.5602469102146299 0.7096459681502776 0.04567960153329572 0.0464989665832203
9 0.6457595210828717 0.6966434952173787 0.04676810808233851 0.04539093525302851
9 0.6338240083619427 0.7290177344982919 0.047907874778822225 0.0487672088555724
9 0.6368596289296635 0.6561738691473257 0.052377236306735776 0.05442476963346069
9 0.5817807345976491 0.6566427002308971 0.04341288317718833 0.04086749561131639
9 0.5871659854690306 0.619145348482703 0.04340006814032829 0.03974641937813253
9 0.6229401002476286 0.573038121701325 0.06473525945201403 0.07586871199686882
9 0.600914054321605 0.5245644231630782 0.05228753104871422 0.046577236001173694
9 0.5750326112608445 0.5724706684211622 0.04680655319291914 0.04875416395258034
9 0.5337013999893664 0.5265713746635107 0.05679533768720828 0.05559802547861356
9 0.5069609636669326 0.6978025280233151 0.04567960153329572 0.0464989665832203
9 0.3653246471705298 0.850854345522672 0.05571964617502566 0.05782713304198896
9 0.5150486441476689 0.6166092929869352 0.04579493686503761 0.05658865268187501
9 0.46949796456705184 0.5544022142361485 0.04904764147530606 0.05214348245811628
9 0.4822524822709207 0.5949174974666744 0.04233719166500571 0.043096603174692036
9 0.4765532629964637 0.659881216927873 0.058050439715434006 0.06906398517981216
9 0.42447115832955135 0.6390822118384318 0.07271362632740028 0.09950262721467563
9 0.41986685312256733 0.7046195143192145 0.04565397145957513 0.04425681411685259
9 0.33485402869187436 0.6739000141579431 0.07115096341452912 0.05913083791706423
9 0.35573390040298397 0.7262844346093413 0.06018900770293921 0.06348469381987726
9 0.38508551790859863 0.7120561335072458 0.04238845181244663 0.04758090810742747
9 0.2455116507626159 0.7810402784208056 0.05336322256089684 0.0443481284377983
9 0.2581708272741094 0.7335380324434063 0.09888904365186979 0.07739418022281233
9 0.2986830335626475 0.7065478036896189 0.07249577070077641 0.08044433125054982
9 0.10674590252290367 0.6829710196869786 0.0546183245891226 0.0578140881389969
9 0.0974363149822065 0.630163032600407 0.05011051795062845 0.04879329866155703
9 0.13281957113656767 0.6182486309311366 0.05807606978915456 0.07130613764617987
9 0.13066216638581044 0.5660859738306065 0.04898356629100491 0.046538101292197
9 0.2267338308886214 0.496586555248853 0.06774447836193802 0.05012309334261681
9 0.21269935266688256 0.375327693423105 0.04233719166500571 0.04309660317469191
9 0.21108542960657042 0.42015769784746704 0.06810329939402436 0.08151322787176467
9 0.19296449779457234 0.4636709524937615 0.06672004699719633 0.056836505838727756
9 0.17790404503993915 0.5285237902795259 0.06669441692347586 0.05459435337235992
9 0.09435738495362749 0.5140794628539088 0.09450938738197788 0.07958415307721102
9 0.5620693459930489 0.21296353968935636 0.04904764147530606 0.05214348245811628
9 0.5048771279552118 0.25377154781305833 0.04018580864064047 0.047554818301442835
9 0.5108514847301254 0.2129174898168088 0.052300346085574385 0.047698312234357554
9 0.764445565831162 0.7686866698826204 0.052351606233015435 0.05218261716709298