9 0.5360878661087866 0.7582118755711694 0.06380753138075314 0.06577372156120076
9 0.3169456066945607 0.7161077926880192 0.07112970711297072 0.07681666441582148
9 0.20135983263598325 0.7185052186840754 0.056485355648535567 0.061224285200086284
9 0.3493723849372385 0.6637246672817485 0.051255230125523014 0.055655578337323874
9 0.32897489539748953 0.5837110223149208 0.05543933054393305 0.05794604166303159
9 0.4189330543933054 0.5512409525870935 0.056485355648535567 0.07096454494034615
9 0.4874476987447699 0.565953230347242 0.053347280334728034 0.061129814329182186
9 0.5172594142259415 0.6543414713593657 0.08158995815899582 0.08795407814134654
9 0.5611924686192469 0.5626509137987405 0.10774058577405858 0.12012661678416366
9 0.6375523012552301 0.5365425987972128 0.0502092050209205 0.0512950837180181
9 0.7280334728033473 0.5284074332748842 0.07531380753138076 0.09858764722204892
9 0.7719665271966527 0.44375150774889094 0.06171548117154812 0.0689574942273511
9 0.625 0.45466940002974754 0.0700836820083682 0.10817045551080141
9 0.5094142259414226 0.35425297321195104 0.06276150627615062 0.06790673343540148
9 0.6344142259414226 0.29962408265512996 0.06276150627615062 0.06682448235315039
9 0.725418410041841 0.30067230618678487 0.058577405857740586 0.06453401902744256
9 0.5883891213389121 0.18683216625090346 0.0596234309623431 0.06348325823549286
9 0.5428870292887029 0.24934918002620157 0.05543933054393305 0.05794604166303172
9 0.49267782426778245 0.2817048698048258 0.08158995815899582 0.07821381840108681
9 0.569560669456067 0.09703102610836373 0.060669456066945605 0.06026799527904106
9 0.5010460251046025 0.21056550159496848 0.06589958158995816 0.10912674543184689
9 0.4377615062761506 0.23465681134435182 0.04602510460251046 0.04792236931005918
9 0.426255230125523 0.17060926514372812 0.0502092050209205 0.04696607938901377
9 0.3117154811715481 0.19516134803563015 0.04602510460251046 0.05116912255681243
9 0.3190376569037657 0.30262489868750286 0.06799163179916318 0.05291266973539344
9 0.38232217573221755 0.41597947638400695 0.04811715481171548 0.05339660530191749
9 0.3457112970711297 0.4154582599211802 0.04811715481171548 0.05664335854867074
9 0.2897489539748954 0.37385294716226314 0.032426778242677826 0.03127922930237448
9 0.25523012552301255 0.37543325228333563 0.0397489539748954 0.04340442323924628
9 0.24476987447698745 0.3963109257491204 0.02615062761506276 0.024596781067059415
9 0.27981171548117156 0.43475816552618723 0.04184100418410042 0.043467403819849176
9 0.26935146443514646 0.47944536280149586 0.05753138075313807 0.0699137841483964
9 0.21914225941422594 0.4549828707619382 0.07531380753138076 0.06720236583676753
9 0.1809623430962343 0.518902829128503 0.07112970711297072 0.06166514926430632
9 0.24372384937238495 0.5213424160394219 0.038702928870292884 0.04120843078444267
9 0.29341004184100417 0.5398682722717492 0.043933054393305436 0.053270644140711816
9 0.223326359832636 0.5739045286483516 0.04707112970711297 0.06851663016313107
9 0.21338912133891214 0.6385976258001544 0.04811715481171548 0.052314354219666286
9 0.15010460251046026 0.6053296281902305 0.04079497907949791 0.04343591352954773
9 0.3138075313807531 0.10743602979268962 0.04602510460251046 0.04792236931005918
9 0.28556485355648537 0.12506115940571985 0.03556485355648536 0.04219621099578956