2 0.3432492684539295 0.7442425469361764 0.16874637465272244 0.24578739524410478
2 0.8089237099982145 0.5554481755778995 0.11401136260599312 0.1190505161212788
2 0.42986015866363914 0.27910801773675675 0.12523530851885634 0.12717587010921652
2 0.3908042446843013 0.4570558993769428 0.11798099356215444 0.13433909423990625
2 0.4580586563061738 0.6830545985964696 0.12111380012177841 0.1086475511698546
2 0.38795587398567627 0.5822386879668611 0.15311798295327864 0.14370955745487105
2 0.42417099017817944 0.8434125852193158 0.1153008223822877 0.12342676642288049
2 0.6403398631955003 0.8873670899394912 0.11380885935143743 0.11473086169363302
2 0.5273544225514423 0.8131413683605988 0.148243081237603 0.20162872111039867
2 0.6676074549544659 0.5741730300016974 0.08453547351344305 0.09166109683255402
2 0.7513148532374229 0.1633171605176289 0.10450569741385829 0.10131913141904948