2 0.5207919746568109 0.13939759036144578 0.1307180570221753 0.1254016064257028
2 0.8112354804646251 0.2639457831325301 0.1570116156282999 0.1284136546184739
2 0.31479408658922914 0.6084939759036144 0.15903907074973603 0.16237951807228915
2 0.799440337909187 0.7052510040160642 0.12874340021119324 0.13857429718875502
2 0.6370644139387539 0.2867871485943775 0.1716895459345301 0.17091365461847388
2 0.3174234424498416 0.297640562248996 0.12059134107708554 0.1351004016064257
2 0.386610348468849 0.17313253012048194 0.17158394931362198 0.12256024096385541
2 0.5270432946145723 0.6322188755020081 0.13239704329461457 0.12354417670682731
2 0.4214149947201689 0.4920180722891566 0.2781626187961985 0.30015060240963853
2 0.609894403379092 0.6977409638554217 0.26248152059134106 0.28336345381526107
2 0.7416684266103485 0.1323995983935743 0.21281942977824708 0.13697791164658635