2 0.6486577868852459 0.25436863543788185 0.12679303278688525 0.21188391038696536
2 0.22079918032786885 0.4545824847250509 0.0922438524590164 0.09807535641547861
2 0.5929508196721311 0.6962219959266803 0.10220286885245902 0.10425661914460285
2 0.619139344262295 0.5265376782077392 0.09418032786885246 0.11210794297352343
2 0.5440573770491803 0.3174745417515275 0.10137295081967213 0.08627291242362525
2 0.615235655737705 0.40905295315682283 0.1269672131147541 0.11570264765784115
2 0.5667827868852459 0.16477596741344197 0.0934733606557377 0.10159877800407331
2 0.36116803278688525 0.1344093686354379 0.09295081967213115 0.09386965376782078
2 0.471547131147541 0.19865580448065173 0.11368852459016393 0.1720061099796334
2 0.3531045081967213 0.430061099796334 0.06882172131147542 0.07554989816700611
2 0.2965881147540984 0.8205702647657841 0.08645491803278688 0.08260692464358453