2 0.779799789251844 0.5183792048929663 0.12276080084299262 0.1541080530071356
2 0.7251949420442572 0.6832313965341489 0.13957850368809274 0.1337512742099898
2 0.5871970495258166 0.7125688073394495 0.1311064278187566 0.13531090723751274
2 0.23262381454162276 0.5804485219164118 0.14302423603793465 0.16653414882772682
2 0.13453108535300315 0.42780835881753315 0.1582718651211802 0.20015290519877676
2 0.6557007376185459 0.11240570846075433 0.1141095890410959 0.09446483180428135
2 0.7751106427818757 0.28007135575942915 0.1321390937829294 0.14676860346585116
2 0.6697049525816648 0.38749235474006116 0.22297154899894625 0.1046177370030581
2 0.5945416227608009 0.3055759429153924 0.09959957850368809 0.11584097859327218
2 0.35272918861959957 0.6768399592252804 0.3108746048472076 0.17325178389398574
2 0.4077660695468915 0.4600815494393476 0.09561643835616437 0.08221202854230378
2 0.6166385669125396 0.4729969418960245 0.11798735511064277 0.1192150866462793