2 0.2789519747882231 0.44893774864394537 0.15748058882922933 0.15235659762685214
2 0.5703312122089963 0.8771726966056528 0.1413675303049247 0.134020160929665
2 0.7689956834313912 0.8479057368598241 0.1500313911452867 0.1330512383097427
2 0.8673423192471208 0.7966492974423875 0.11669208315931626 0.11878939898915235
2 0.43921980397984955 0.8724695508331906 0.1831677546931404 0.1430395733568288
2 0.6958692378004468 0.6894003223761571 0.11839024109240234 0.1316223434907217
2 0.8333270841993476 0.686693209915799 0.15117145187355213 0.13413204605917556
2 0.47207135417015805 0.37578034832730084 0.1322977805883296 0.1264420750025789
2 0.6204536602961308 0.670901899573982 0.09591730950289121 0.09399297915748193
2 0.7512309400645348 0.36132843770908624 0.17371898589121681 0.15040632070595072
2 0.5604424989784684 0.23622127141510138 0.28351696509913066 0.2157271895520729
2 0.40873973896119203 0.5503662236476119 0.33338122743019927 0.34870308927297405
2 0.6206148790415587 0.5298016684620007 0.2840273296667023 0.2723262578138911
2 0.47390962581290236 0.7387115779594686 0.39310899639664787 0.23085924654663342
2 0.8211043484708626 0.48505568740577576 0.10187129369186454 0.10473889824652628
2 0.7136448162395177 0.23476279439844155 0.12036594589175854 0.12737370257933112
2 0.62351434596542 0.3539916468088539 0.10805208863757897 0.097334855854234
2 0.5795384758120117 0.3160763538113095 0.09442209600792169 0.08543353892941673