2 0.47156105733893866 0.804332197643265 0.1969640476645961 0.1673010159450628
2 0.663567313210656 0.7725803134921722 0.17909961936944477 0.17959338987840148
2 0.7270610568548732 0.6335080532476773 0.17888802611166688 0.17078281719117655
2 0.6648463739992423 0.24672577361643466 0.2157277473053031 0.1924535759324291
2 0.5214293637749999 0.12201278190664644 0.256029457722475 0.21650013130126883
2 0.06157614116556794 0.6146981300945875 0.12315228233113588 0.14302827233447188
2 0.2131979751337367 0.7635559614826646 0.19146737358333346 0.17472167795341595
2 0.35389737303343377 0.670611303913798 0.16739404421030316 0.2592972518262024
2 0.28229513961229746 0.5801999665276721 0.15076892580782836 0.13415529879603028
2 0.7426712081389644 0.38522009496143744 0.261925719534647 0.36749662420717855
2 0.49351663104588345 0.40997483467838236 0.11300443423560619 0.1212373949234085
2 0.4593288743458328 0.6284069914754281 0.15803674329878795 0.1532240726679444