2 0.4903855142978589 0.15319019090297228 0.14955800520157772 0.14324918276467297
2 0.7994129386232219 0.25769862442973535 0.1775223023911409 0.150115567657154
2 0.35001378213512413 0.6417739128453462 0.18392112606647143 0.18481626393885378
2 0.8504220180767155 0.703855530921959 0.14996213059377927 0.156460564878494
2 0.6280981230414072 0.2930653215227025 0.1980897940730386 0.19434701736070414
2 0.3089064816953996 0.32738533323860214 0.140222399703871 0.15212939287224742
2 0.360420783328939 0.19680915993413345 0.1901873823684991 0.1453891086519327
2 0.5664221091185396 0.6497943886769514 0.15056420813269183 0.14124623259011854
2 0.44064815653891365 0.5163420906899688 0.3231373228392283 0.33894860698565576
2 0.6590060093424664 0.7102346807504004 0.30545266094122414 0.31916654148584234
2 0.7111720379955971 0.12985445244717153 0.23455035940727395 0.16489416775536678