2 0.4212631668271281 0.7757747816381516 0.17912890624403885 0.2507693987214126
2 0.8104229329405099 0.4948965662178546 0.11678939534402406 0.12489432210314502
2 0.3763192551970145 0.3108730428404035 0.12864098554461456 0.13388178556400518
2 0.38802937807045546 0.49051849166814787 0.12230531922069848 0.1400046778348707
2 0.5126582988950075 0.6922903187757277 0.12415614269314612 0.11562328821266729
2 0.41933625626333737 0.6108811646168749 0.15661767021929976 0.1520301034540846
2 0.5252254592588603 0.853894008962583 0.11897587420500308 0.12923633673626078
2 0.7408820290576172 0.8493523805242968 0.11673966861979718 0.12063900295420886
2 0.6143226015875008 0.8022160703619561 0.1561833098848162 0.20624207486093113
2 0.6812368246856533 0.5428213049156462 0.08760758610933884 0.09500052881140132
2 0.6486542021794554 0.13052405085535404 0.10697510383173194 0.10748291582859218