2 0.1421649523731663 0.46719682796870954 0.1418769559495186 0.129267570326921
2 0.27163426486664083 0.19483068310951016 0.14718210599086126 0.15439133671170394
2 0.6375112432464122 0.6763572680158586 0.18329520061058388 0.15860600158476865
2 0.7368348909294916 0.21887282438761319 0.15557595502186056 0.1283394897923249
2 0.2961831388604334 0.36039695400119615 0.19332581639364207 0.17070676510715668
2 0.3097842776984869 0.6651129089059096 0.15206012519044912 0.1202898376945007
2 0.1783336630795559 0.595541489550519 0.14245664024914603 0.16741433957409857
2 0.6611376961926256 0.475375898729479 0.1398058638539206 0.1302599040019993
2 0.5140668223750982 0.5715927156601683 0.3373402722781016 0.275895473475677
2 0.7297457694538357 0.3986734766138716 0.3187668512570637 0.2617399482680603
2 0.13314119883221068 0.25685546250686214 0.1600788622154683 0.20866661612747653