2 0.2068260108993147 0.4749199130845626 0.128888373870781 0.1624411004889162
2 0.2622579182280978 0.3065741143621102 0.14440839368162386 0.1426651130178262
2 0.4010818955005966 0.268071926672068 0.1359707984802006 0.14433252491497578
2 0.7568491619003478 0.3784790957200812 0.15029670096732622 0.1756906035329273
2 0.8557982327246694 0.5260495138957124 0.16575588762787646 0.21119476386045652
2 0.3313893523065455 0.874716346799527 0.1182820245425643 0.10258538149616016
2 0.212042369309549 0.713732226878692 0.13723351639779635 0.15565073777209448
2 0.31782517059647186 0.5999367111433648 0.228673402486567 0.11984345306272372
2 0.39370417208284364 0.676883402081904 0.10489913933439965 0.12348140123886439
2 0.6367375024785895 0.28919242674773604 0.3189138097059725 0.1935241527328167
2 0.5808829936203538 0.5102807583858915 0.0989923415138157 0.08943132055982866
2 0.3713036457224237 0.5105082155707831 0.1229630855153155 0.12736642964594602