2 0.40999142605097594 0.7149322073377441 0.15064164501212235 0.14624118219877616
2 0.8816591100373515 0.42642849734355753 0.1326039122289717 0.13149825558859185
2 0.8721048767418103 0.22942035078405612 0.1306576305394434 0.14004955822884146
2 0.8304495095589284 0.13185042480280193 0.11871510430715577 0.10829203255319991
2 0.8629618689861371 0.5560722153210084 0.13936028238459075 0.17383490179574318
2 0.7011132795959619 0.3015096010066663 0.13193096333799278 0.10882006984345147
2 0.7128442014505144 0.16567242158663298 0.13179099731063124 0.14117347494327392
2 0.3551708495849117 0.5235078858107922 0.12573962123127558 0.12259492808817443
2 0.6741384487211399 0.37647375299932206 0.09394126126744795 0.08896543287024411
2 0.36943168574026425 0.24680798535009651 0.14785040321896833 0.1633877905867963
2 0.22081219807446276 0.43611370250276754 0.20929678505916388 0.2693916615489062
2 0.5276634064996867 0.5861878209145082 0.347891293670306 0.3062095445894585
2 0.5289402479009988 0.37634263835407605 0.269613110801556 0.2631725236072675
2 0.728684985775592 0.5215277940903631 0.21700272548710148 0.3807987754908691
2 0.5045822635663352 0.17776870653228477 0.10398133628171465 0.0936811152655786
2 0.2357771016730437 0.28396781121026005 0.12758976736494998 0.11080388462719055
2 0.34862793707309775 0.373299968721855 0.09649640147738595 0.10093248876131206
2 0.3049772937897254 0.41711071903095853 0.0840293669943202 0.08856940490255553