2 0.3169989615784008 0.6002238046795524 0.11781931464174454 0.11921668362156664
2 0.505171339563863 0.13730417090539165 0.10630321910695743 0.1041912512716175
2 0.6950259605399792 0.12182095625635808 0.11527518172377986 0.10115971515768057
2 0.7959501557632399 0.14847405900305188 0.08500519210799584 0.0941912512716175
2 0.3847040498442368 0.17012207527975584 0.14769470404984422 0.10275686673448627
2 0.657632398753894 0.28579857578840284 0.08326064382139149 0.10782299084435401
2 0.7855244029075805 0.2590640895218718 0.11658359293873312 0.1018413021363174
2 0.5096884735202492 0.6264903357070194 0.09822429906542056 0.0991149542217701
2 0.5913291796469367 0.31924720244150556 0.07043613707165108 0.07413021363173958
2 0.7716718587746625 0.5803662258392676 0.1345067497403946 0.11303153611393693
2 0.6182866043613707 0.7381993896236012 0.229865005192108 0.15211597151576806
2 0.41808930425752855 0.47776195320447606 0.24012461059190032 0.27942014242115976
2 0.618442367601246 0.45131230925737537 0.2118691588785047 0.21254323499491354
2 0.4425441329179647 0.2875788402848423 0.3403738317757009 0.1393082400813835
2 0.8126895119418484 0.449471007121058 0.0739460020768432 0.08313326551373347
2 0.7609241952232606 0.7066022380467956 0.0866251298026999 0.10288911495422177
2 0.6549117341640706 0.6142217700915564 0.08352024922118381 0.07457782299084435
2 0.6209657320872274 0.6598270600203459 0.0726583592938733 0.06521871820956256