0 0.5365 0.818 0.027 0.02
0 0.3085 0.811 0.027 0.02
0 0.6085 0.792 0.027 0.02
0 0.5225 0.7915 0.027 0.021
0 0.296 0.7785 0.04 0.031
0 0.6155 0.7665 0.027 0.021
0 0.414 0.7555 0.056 0.021
0 0.326 0.75 0.028 0.02
0 0.4705 0.757 0.043 0.038
0 0.3665 0.748 0.027 0.02
0 0.5175 0.747 0.027 0.02
0 0.207 0.751 0.05 0.03
0 0.2015 0.72 0.027 0.02
0 0.7225 0.7205 0.037 0.041
0 0.2275 0.708 0.027 0.02
0 0.3095 0.706 0.081 0.032
0 0.6565 0.697 0.027 0.02
0 0.5955 0.694 0.021 0.016
0 0.4655 0.6905 0.021 0.015
0 0.4225 0.6905 0.021 0.015
0 0.4955 0.678 0.021 0.016
0 0.5585 0.676 0.021 0.016
0 0.3185 0.675 0.021 0.016
0 0.3475 0.6705 0.027 0.019
0 0.5865 0.664 0.021 0.016
0 0.6395 0.661 0.021 0.016
0 0.2895 0.661 0.025 0.018
0 0.4375 0.6555 0.021 0.015
0 0.7325 0.6555 0.027 0.021
0 0.5955 0.6475 0.021 0.015
0 0.2085 0.646 0.021 0.016
0 0.205 0.663 0.074 0.05
0 0.1875 0.624 0.027 0.02
0 0.3125 0.6165 0.023 0.013
0 0.716 0.6215 0.04 0.025
0 0.3605 0.5955 0.015 0.009
0 0.3695 0.586 0.015 0.01
0 0.5655 0.585 0.013 0.01
0 0.418 0.593 0.036 0.026
0 0.4115 0.582 0.015 0.01
0 0.713 0.592 0.028 0.04
0 0.76 0.5895 0.04 0.047
0 0.303 0.5675 0.046 0.015
0 0.58 0.5595 0.012 0.009
0 0.7305 0.56 0.021 0.016
0 0.2465 0.56 0.021 0.016
0 0.186 0.558 0.038 0.024
0 0.475 0.547 0.012 0.01
0 0.7925 0.5515 0.027 0.021
0 0.446 0.5445 0.012 0.009
0 0.2185 0.54 0.021 0.016
0 0.749 0.5375 0.02 0.015
0 0.62 0.532 0.012 0.01
0 0.2895 0.5335 0.021 0.015
0 0.326 0.532 0.02 0.016
0 0.6375 0.5245 0.013 0.009
0 0.4395 0.5195 0.015 0.009
0 0.1855 0.5235 0.027 0.021
0 0.8015 0.522 0.045 0.02
0 0.3095 0.518 0.021 0.016
0 0.4845 0.5125 0.021 0.015
0 0.532 0.5105 0.018 0.019
0 0.4155 0.5025 0.015 0.009
0 0.25 0.513 0.038 0.032
0 0.57 0.501 0.012 0.012
0 0.7535 0.5 0.035 0.03
0 0.3685 0.4875 0.015 0.009
0 0.2435 0.489 0.021 0.016
0 0.4315 0.485 0.015 0.01
0 0.8365 0.489 0.027 0.02
0 0.4145 0.4795 0.015 0.009
0 0.502 0.4755 0.012 0.009
0 0.3575 0.4755 0.015 0.009
0 0.6895 0.4765 0.041 0.019
0 0.2045 0.475 0.027 0.02
0 0.3295 0.471 0.021 0.016
0 0.527 0.4635 0.012 0.009
0 0.574 0.464 0.012 0.012
0 0.776 0.4645 0.028 0.019
0 0.7395 0.4555 0.027 0.019
0 0.5135 0.4485 0.013 0.009
0 0.446 0.4415 0.014 0.013
0 0.546 0.4375 0.012 0.009
0 0.4685 0.4375 0.015 0.009
0 0.4895 0.4335 0.015 0.009
0 0.523 0.429 0.012 0.01
0 0.5895 0.429 0.013 0.012
0 0.2455 0.4265 0.021 0.015
0 0.7805 0.4225 0.025 0.019
0 0.3025 0.42 0.025 0.016
0 0.2445 0.407 0.021 0.016
0 0.2785 0.401 0.021 0.016
0 0.3785 0.4045 0.029 0.031
0 0.655 0.39 0.052 0.034
0 0.1935 0.383 0.027 0.02
0 0.274 0.3805 0.028 0.021
0 0.6145 0.375 0.021 0.016
0 0.3415 0.3725 0.035 0.015
0 0.44 0.373 0.04 0.028
0 0.5875 0.3595 0.021 0.015
0 0.5025 0.358 0.025 0.016
0 0.459 0.3585 0.036 0.027
0 0.7295 0.348 0.027 0.02
0 0.625 0.348 0.028 0.02
0 0.4295 0.343 0.027 0.02
0 0.5955 0.336 0.027 0.02
0 0.5465 0.312 0.027 0.02
0 0.6165 0.3 0.027 0.02
