0 0.427 0.759 0.048 0.036
0 0.479 0.7315 0.044 0.031
0 0.5645 0.7115 0.043 0.031
0 0.431 0.693 0.04 0.028
0 0.5975 0.665 0.053 0.034
0 0.5205 0.659 0.055 0.034
0 0.397 0.65 0.034 0.024
0 0.4355 0.647 0.027 0.018
0 0.752 0.652 0.05 0.05
0 0.5355 0.6235 0.023 0.017
0 0.239 0.64 0.066 0.058
0 0.5035 0.621 0.023 0.026
0 0.4355 0.616 0.017 0.022
0 0.461 0.616 0.026 0.026
0 0.2115 0.6085 0.043 0.031
0 0.3855 0.6 0.021 0.016
0 0.501 0.5975 0.016 0.013
0 0.3565 0.5975 0.027 0.019
0 0.701 0.6015 0.044 0.031
0 0.599 0.585 0.034 0.024
0 0.327 0.586 0.046 0.032
0 0.435 0.5745 0.028 0.021
0 0.4915 0.5695 0.019 0.015
0 0.6385 0.568 0.033 0.022
0 0.401 0.56 0.014 0.012
0 0.4845 0.55 0.013 0.01
0 0.349 0.5515 0.022 0.017
0 0.5865 0.5445 0.023 0.019
0 0.504 0.54 0.012 0.01
0 0.721 0.5465 0.054 0.025
0 0.6455 0.538 0.029 0.022
0 0.4335 0.5285 0.017 0.011
0 0.477 0.5185 0.016 0.011
0 0.5895 0.5225 0.027 0.021
0 0.3155 0.5115 0.041 0.023
0 0.5375 0.5035 0.015 0.011
0 0.676 0.5085 0.034 0.023
0 0.619 0.4975 0.046 0.029
0 0.28 0.4935 0.036 0.025
0 0.374 0.4805 0.018 0.015
0 0.652 0.479 0.042 0.02
0 0.7375 0.4795 0.039 0.025
0 0.6185 0.474 0.019 0.016
0 0.6925 0.4735 0.035 0.021
0 0.588 0.4645 0.036 0.025
0 0.4855 0.4545 0.013 0.009
0 0.832 0.4655 0.048 0.033
0 0.3675 0.4585 0.043 0.019
0 0.5655 0.4525 0.017 0.011
0 0.6135 0.4485 0.015 0.013
0 0.6575 0.446 0.025 0.018
0 0.527 0.4405 0.014 0.013
0 0.598 0.44 0.014 0.012
0 0.3885 0.439 0.021 0.014
0 0.5095 0.4355 0.013 0.011
0 0.625 0.435 0.014 0.012
0 0.3395 0.4335 0.029 0.021
0 0.3695 0.4285 0.023 0.017
0 0.272 0.432 0.04 0.03
0 0.5565 0.422 0.015 0.012
0 0.703 0.4305 0.05 0.035
0 0.6385 0.4165 0.019 0.013
0 0.413 0.42 0.026 0.02
0 0.524 0.408 0.014 0.012
0 0.472 0.403 0.012 0.01
0 0.748 0.405 0.088 0.03
0 0.6205 0.397 0.021 0.016
0 0.5365 0.3945 0.015 0.013
0 0.495 0.389 0.012 0.01
0 0.3565 0.3935 0.033 0.023
0 0.673 0.393 0.034 0.028
0 0.475 0.3835 0.014 0.009
0 0.5155 0.3815 0.015 0.011
0 0.5635 0.3795 0.015 0.011
0 0.5415 0.375 0.015 0.01
0 0.6205 0.3725 0.021 0.015
0 0.403 0.382 0.05 0.036
0 0.58 0.37 0.026 0.014
0 0.4845 0.3625 0.015 0.011
0 0.503 0.3575 0.014 0.011
0 0.5345 0.354 0.021 0.016
0 0.6455 0.3535 0.037 0.031
0 0.73 0.3515 0.042 0.029
0 0.5975 0.343 0.029 0.018
0 0.4215 0.343 0.029 0.018
0 0.4625 0.3245 0.025 0.019
0 0.6145 0.322 0.033 0.024
0 0.5075 0.3195 0.037 0.023
0 0.4625 0.3005 0.039 0.023
0 0.5405 0.2945 0.033 0.023
