0 0.486 0.823 0.048 0.036
0 0.578 0.768 0.048 0.036
0 0.6925 0.741 0.065 0.058
0 0.579 0.6875 0.038 0.029
0 0.293 0.67 0.048 0.036
0 0.5155 0.6445 0.033 0.025
0 0.3515 0.6375 0.061 0.035
0 0.3875 0.6015 0.025 0.019
0 0.601 0.605 0.038 0.028
0 0.5225 0.5985 0.025 0.019
0 0.4525 0.6005 0.025 0.031
0 0.317 0.5845 0.038 0.025
0 0.4215 0.5765 0.023 0.017
0 0.5115 0.5755 0.023 0.017
0 0.8985 0.5725 0.063 0.031
0 0.3885 0.564 0.023 0.018
0 0.3445 0.5635 0.023 0.017
0 0.4165 0.5515 0.019 0.015
0 0.3455 0.5395 0.023 0.017
0 0.4845 0.5365 0.017 0.013
0 0.598 0.536 0.016 0.012
0 0.3925 0.5335 0.017 0.013
0 0.5545 0.5345 0.025 0.019
0 0.3725 0.5345 0.017 0.021
0 0.459 0.5385 0.036 0.031
0 0.5125 0.529 0.019 0.016
0 0.4185 0.5295 0.021 0.019
0 0.3045 0.529 0.025 0.018
0 0.4835 0.5205 0.017 0.013
0 0.5875 0.5185 0.023 0.017
0 0.6345 0.513 0.061 0.02
0 0.204 0.52 0.048 0.036
0 0.497 0.5045 0.014 0.011
0 0.3475 0.5005 0.023 0.017
0 0.7815 0.5155 0.059 0.049
0 0.4135 0.4915 0.017 0.013
0 0.4375 0.4995 0.027 0.031
0 0.5265 0.501 0.041 0.04
0 0.495 0.4855 0.014 0.011
0 0.5065 0.4765 0.015 0.011
0 0.6305 0.483 0.031 0.026
0 0.577 0.4775 0.032 0.015
0 0.354 0.475 0.026 0.024
0 0.4185 0.471 0.023 0.018
0 0.3785 0.4695 0.019 0.015
0 0.5295 0.469 0.021 0.022
0 0.5095 0.4635 0.015 0.011
0 0.603 0.464 0.026 0.016
0 0.465 0.474 0.046 0.048
0 0.4405 0.453 0.017 0.012
0 0.556 0.448 0.052 0.014
0 0.5135 0.447 0.023 0.016
0 0.3665 0.4455 0.025 0.019
0 0.458 0.4395 0.022 0.019
0 0.274 0.442 0.038 0.028
0 0.5675 0.4335 0.017 0.013
0 0.4105 0.4345 0.025 0.019
0 0.492 0.433 0.026 0.02
0 0.3585 0.4225 0.025 0.019
0 0.5375 0.4155 0.017 0.013
0 0.5075 0.4125 0.017 0.013
0 0.573 0.415 0.046 0.026
0 0.4265 0.4015 0.023 0.017
0 0.5675 0.3985 0.017 0.013
0 0.5445 0.3885 0.017 0.013
0 0.4515 0.3905 0.025 0.019
0 0.6145 0.3695 0.025 0.019
0 0.546 0.364 0.044 0.028
0 0.627 0.3425 0.034 0.025
0 0.653 0.3 0.038 0.028
0 0.5555 0.2835 0.053 0.035
0 0.835 0.266 0.048 0.036
0 0.555 0.202 0.048 0.036
