2 0.4955 0.8285 0.073 0.047
2 0.4135 0.809 0.067 0.05
2 0.4895 0.777 0.067 0.05
2 0.592 0.7735 0.074 0.093
2 0.675 0.7235 0.022 0.015
2 0.4065 0.7495 0.123 0.073
2 0.688 0.707 0.038 0.026
2 0.65 0.6765 0.022 0.015
2 0.6835 0.6585 0.023 0.015
2 0.2115 0.6805 0.089 0.079
2 0.27 0.661 0.056 0.044
2 0.2725 0.621 0.023 0.016
2 0.6885 0.6045 0.023 0.015
2 0.1305 0.624 0.083 0.062
2 0.3115 0.599 0.023 0.016
2 0.6635 0.5905 0.023 0.015
2 0.251 0.5765 0.022 0.015
2 0.2585 0.556 0.023 0.016
2 0.828 0.5665 0.084 0.063
2 0.129 0.558 0.066 0.05
2 0.2845 0.528 0.023 0.016
2 0.2625 0.508 0.023 0.016
2 0.7035 0.5015 0.023 0.015
2 0.176 0.4975 0.082 0.055
2 0.6055 0.454 0.023 0.016
2 0.832 0.438 0.056 0.044
2 0.248 0.4475 0.076 0.063
2 0.5795 0.418 0.023 0.016
2 0.4045 0.418 0.023 0.016
2 0.4045 0.399 0.023 0.016
2 0.5055 0.3905 0.023 0.015
2 0.4555 0.3765 0.023 0.015
2 0.5325 0.3725 0.023 0.015
2 0.777 0.38 0.066 0.05
2 0.7075 0.38 0.067 0.05
2 0.2855 0.3485 0.101 0.061
2 0.7145 0.325 0.067 0.05
2 0.4615 0.2735 0.083 0.063
