0 0.4115 0.86 0.029 0.02
0 0.4915 0.854 0.031 0.024
0 0.4215 0.8235 0.029 0.021
0 0.4895 0.805 0.029 0.02
0 0.4875 0.781 0.029 0.02
0 0.4045 0.7735 0.029 0.021
0 0.5295 0.7625 0.029 0.021
0 0.473 0.749 0.03 0.02
0 0.1415 0.7375 0.029 0.021
0 0.2525 0.729 0.029 0.02
0 0.5085 0.7085 0.029 0.021
0 0.4705 0.7025 0.025 0.019
0 0.7315 0.6945 0.021 0.015
0 0.336 0.6915 0.034 0.041
0 0.2905 0.679 0.029 0.02
0 0.6535 0.667 0.029 0.02
0 0.5185 0.655 0.029 0.02
0 0.8255 0.661 0.069 0.034
0 0.2285 0.65 0.029 0.02
0 0.1845 0.649 0.029 0.02
0 0.6145 0.646 0.029 0.02
0 0.4415 0.645 0.029 0.02
0 0.5705 0.635 0.029 0.02
0 0.5295 0.63 0.029 0.02
0 0.4315 0.624 0.023 0.014
0 0.364 0.6375 0.058 0.045
0 0.3975 0.6145 0.027 0.019
0 0.2375 0.614 0.027 0.018
0 0.489 0.636 0.04 0.068
0 0.3925 0.577 0.023 0.014
0 0.7905 0.5795 0.067 0.031
0 0.3245 0.5695 0.027 0.029
0 0.523 0.561 0.034 0.018
0 0.1935 0.5735 0.063 0.043
0 0.2455 0.5595 0.029 0.021
0 0.451 0.5575 0.03 0.019
0 0.57 0.5695 0.064 0.047
0 0.4895 0.5505 0.027 0.019
0 0.4585 0.54 0.017 0.012
0 0.4295 0.5415 0.029 0.021
0 0.3915 0.5375 0.021 0.015
0 0.6215 0.5375 0.027 0.019
0 0.314 0.5375 0.036 0.021
0 0.7445 0.532 0.027 0.018
0 0.2135 0.533 0.029 0.02
0 0.5335 0.5285 0.055 0.023
0 0.6915 0.5225 0.021 0.015
0 0.456 0.517 0.012 0.01
0 0.7885 0.521 0.029 0.02
0 0.6455 0.5145 0.027 0.019
0 0.378 0.514 0.022 0.026
0 0.2815 0.504 0.021 0.016
0 0.55 0.494 0.016 0.012
0 0.4805 0.4865 0.017 0.013
0 0.7515 0.497 0.035 0.038
0 0.7205 0.478 0.029 0.02
0 0.551 0.4735 0.02 0.015
0 0.3455 0.4695 0.021 0.015
0 0.6295 0.4745 0.047 0.031
0 0.488 0.4675 0.08 0.019
0 0.5595 0.4595 0.015 0.011
0 0.6155 0.4595 0.021 0.015
0 0.1965 0.463 0.047 0.028
0 0.6705 0.4555 0.021 0.015
0 0.576 0.444 0.016 0.012
0 0.7955 0.447 0.029 0.02
0 0.302 0.439 0.016 0.012
0 0.2525 0.4425 0.029 0.019
0 0.7445 0.442 0.029 0.02
0 0.5115 0.4435 0.031 0.023
0 0.7125 0.443 0.027 0.032
0 0.462 0.4375 0.042 0.023
0 0.3595 0.433 0.021 0.014
0 0.6835 0.428 0.017 0.012
0 0.3955 0.426 0.021 0.014
0 0.6585 0.424 0.021 0.014
0 0.6335 0.422 0.021 0.014
0 0.227 0.4175 0.03 0.019
0 0.747 0.4175 0.052 0.023
0 0.5365 0.413 0.023 0.016
0 0.4645 0.412 0.021 0.014
0 0.572 0.4135 0.028 0.019
0 0.297 0.406 0.016 0.012
0 0.631 0.3905 0.044 0.015
0 0.2805 0.384 0.021 0.014
0 0.5925 0.391 0.051 0.036
0 0.4995 0.3685 0.017 0.023
0 0.3945 0.349 0.017 0.012
0 0.451 0.3485 0.016 0.013
0 0.2505 0.337 0.041 0.022
0 0.4445 0.317 0.021 0.014
0 0.3945 0.317 0.021 0.014
