0 0.7115 0.78 0.057 0.044
0 0.6405 0.758 0.059 0.038
0 0.527 0.7555 0.056 0.043
0 0.278 0.746 0.056 0.044
0 0.68 0.7025 0.058 0.037
0 0.4705 0.708 0.063 0.05
0 0.55 0.6905 0.034 0.027
0 0.6125 0.678 0.033 0.034
0 0.318 0.658 0.056 0.044
0 0.542 0.6415 0.06 0.021
0 0.701 0.6425 0.042 0.033
0 0.5885 0.624 0.021 0.016
0 0.6545 0.6365 0.039 0.047
0 0.6205 0.6225 0.025 0.019
0 0.602 0.6085 0.02 0.015
0 0.433 0.6135 0.042 0.033
0 0.5555 0.603 0.025 0.018
0 0.377 0.6 0.042 0.032
0 0.2715 0.593 0.063 0.038
0 0.6925 0.579 0.029 0.018
0 0.5535 0.567 0.021 0.016
0 0.725 0.567 0.034 0.026
0 0.3555 0.5665 0.033 0.027
0 0.6125 0.554 0.021 0.016
0 0.553 0.542 0.014 0.012
0 0.7545 0.5475 0.061 0.039
0 0.8855 0.574 0.089 0.094
0 0.526 0.5335 0.018 0.015
0 0.6575 0.533 0.021 0.016
0 0.421 0.546 0.05 0.052
0 0.305 0.5345 0.042 0.033
0 0.709 0.518 0.038 0.034
0 0.1 0.521 0.062 0.042
0 0.218 0.5155 0.046 0.035
0 0.6055 0.504 0.019 0.016
0 0.5475 0.502 0.023 0.014
0 0.4685 0.496 0.023 0.014
0 0.3715 0.508 0.053 0.038
0 0.322 0.4965 0.048 0.033
0 0.5785 0.4845 0.019 0.015
0 0.3595 0.4795 0.025 0.019
0 0.6915 0.4775 0.027 0.021
0 0.3815 0.4725 0.017 0.013
0 0.648 0.47 0.018 0.014
0 0.4065 0.4635 0.017 0.013
0 0.3875 0.454 0.017 0.012
0 0.228 0.4595 0.034 0.027
0 0.301 0.454 0.034 0.026
0 0.3535 0.4495 0.025 0.019
0 0.7365 0.4555 0.045 0.039
0 0.4105 0.4415 0.017 0.013
0 0.435 0.4425 0.018 0.025
0 0.3695 0.4325 0.025 0.019
0 0.6415 0.4315 0.049 0.017
0 0.5105 0.424 0.015 0.012
0 0.153 0.4325 0.072 0.033
0 0.4555 0.417 0.017 0.012
0 0.771 0.4235 0.042 0.033
0 0.3085 0.413 0.023 0.016
0 0.473 0.408 0.016 0.014
0 0.4105 0.4 0.023 0.016
0 0.655 0.401 0.058 0.028
0 0.256 0.392 0.044 0.03
0 0.3225 0.3835 0.023 0.015
0 0.6175 0.3845 0.027 0.019
0 0.4415 0.376 0.017 0.012
0 0.6365 0.3655 0.029 0.021
0 0.4235 0.3625 0.023 0.015
0 0.582 0.3685 0.034 0.033
0 0.4995 0.364 0.023 0.026
0 0.676 0.3645 0.042 0.031
0 0.3075 0.355 0.027 0.022
0 0.3805 0.351 0.023 0.016
0 0.4735 0.348 0.031 0.02
0 0.171 0.358 0.062 0.042
0 0.4405 0.341 0.021 0.014
0 0.754 0.347 0.062 0.042
0 0.398 0.334 0.04 0.022
0 0.5975 0.3255 0.025 0.017
0 0.272 0.3375 0.042 0.043
0 0.5285 0.322 0.021 0.014
0 0.6355 0.3185 0.037 0.031
0 0.4065 0.312 0.027 0.022
0 0.4445 0.308 0.023 0.016
0 0.5695 0.314 0.037 0.046
0 0.5225 0.2995 0.025 0.017
0 0.472 0.2975 0.028 0.039
0 0.3075 0.2995 0.069 0.051
0 0.5025 0.2805 0.027 0.021
0 0.5365 0.272 0.033 0.026
0 0.4795 0.258 0.031 0.024
0 0.4665 0.229 0.037 0.032
