1 0.4675 0.7815 0.023 0.019
1 0.5375 0.7665 0.023 0.019
1 0.4 0.7665 0.022 0.019
1 0.6305 0.757 0.023 0.018
1 0.3775 0.754 0.023 0.018
1 0.4955 0.7525 0.023 0.019
1 0.6275 0.7315 0.023 0.019
1 0.7165 0.7255 0.023 0.019
1 0.5865 0.732 0.029 0.046
1 0.3615 0.71 0.019 0.012
1 0.6675 0.71 0.019 0.014
1 0.3285 0.7 0.019 0.012
1 0.575 0.7 0.018 0.014
1 0.7075 0.6985 0.023 0.019
1 0.3625 0.6955 0.019 0.013
1 0.7905 0.693 0.023 0.018
1 0.4195 0.6885 0.019 0.013
1 0.2325 0.6885 0.019 0.013
1 0.5455 0.6875 0.033 0.015
1 0.5125 0.6855 0.031 0.019
1 0.3665 0.679 0.019 0.012
1 0.7165 0.678 0.019 0.014
1 0.3405 0.671 0.019 0.012
1 0.4065 0.6705 0.019 0.013
1 0.3865 0.6635 0.019 0.013
1 0.7615 0.6625 0.023 0.019
1 0.8415 0.6515 0.023 0.019
1 0.6355 0.652 0.049 0.024
1 0.68 0.6575 0.04 0.039
1 0.4045 0.644 0.019 0.012
1 0.3195 0.644 0.019 0.012
1 0.7325 0.6455 0.023 0.019
1 0.2375 0.6315 0.019 0.013
1 0.7155 0.631 0.019 0.014
1 0.6185 0.625 0.019 0.014
1 0.423 0.614 0.018 0.012
1 0.572 0.611 0.014 0.01
1 0.2665 0.6125 0.019 0.013
1 0.803 0.6175 0.028 0.025
1 0.7835 0.61 0.019 0.014
1 0.2015 0.615 0.037 0.026
1 0.7425 0.583 0.019 0.014
1 0.2555 0.58 0.019 0.014
1 0.223 0.572 0.018 0.014
1 0.8625 0.5635 0.023 0.019
1 0.292 0.5555 0.03 0.021
1 0.206 0.5465 0.03 0.025
1 0.797 0.533 0.018 0.012
1 0.3165 0.5335 0.023 0.017
1 0.344 0.5245 0.012 0.011
1 0.276 0.524 0.034 0.032
1 0.1845 0.505 0.019 0.014
1 0.346 0.5015 0.016 0.021
1 0.283 0.4985 0.036 0.015
1 0.8145 0.4905 0.019 0.013
1 0.3185 0.4875 0.019 0.013
1 0.2235 0.4885 0.019 0.027
1 0.35 0.4785 0.012 0.011
1 0.7555 0.47 0.019 0.014
1 0.368 0.474 0.016 0.022
1 0.174 0.4705 0.02 0.017
1 0.198 0.468 0.018 0.014
1 0.8955 0.458 0.019 0.012
1 0.2605 0.462 0.025 0.022
1 0.3195 0.456 0.019 0.012
1 0.349 0.4535 0.012 0.011
1 0.3575 0.4425 0.013 0.011
1 0.2935 0.4375 0.019 0.013
1 0.304 0.4265 0.012 0.011
1 0.256 0.434 0.046 0.028
1 0.7785 0.4195 0.019 0.013
1 0.2425 0.419 0.019 0.014
1 0.325 0.4145 0.012 0.011
1 0.404 0.3905 0.012 0.011
1 0.2215 0.392 0.019 0.014
1 0.2785 0.3975 0.035 0.029
1 0.3655 0.3865 0.013 0.011
1 0.4845 0.3835 0.013 0.011
1 0.708 0.387 0.038 0.022
1 0.6565 0.378 0.019 0.012
1 0.3425 0.382 0.023 0.024
1 0.2905 0.376 0.019 0.012
1 0.7665 0.368 0.019 0.012
1 0.444 0.3635 0.012 0.011
1 0.3915 0.3615 0.013 0.011
1 0.3195 0.3645 0.021 0.017
1 0.4095 0.353 0.019 0.012
1 0.7055 0.3525 0.021 0.017
1 0.3545 0.3475 0.019 0.013
1 0.3065 0.3455 0.021 0.017
1 0.375 0.3305 0.02 0.017
1 0.474 0.3295 0.02 0.017
1 0.6685 0.3225 0.021 0.017
1 0.5305 0.3195 0.019 0.013
1 0.7195 0.317 0.019 0.012
1 0.5805 0.3155 0.019 0.013
1 0.5455 0.3085 0.019 0.013
1 0.4375 0.308 0.019 0.012
1 0.501 0.3075 0.02 0.017
1 0.6585 0.3035 0.021 0.017
1 0.6265 0.309 0.051 0.036
1 0.4315 0.2915 0.041 0.017
1 0.5435 0.2905 0.021 0.017
1 0.5965 0.2785 0.021 0.017
1 0.3665 0.2705 0.021 0.017
