5 0.282 0.846 0.04 0.03
5 0.328 0.8195 0.04 0.029
5 0.745 0.779 0.046 0.034
5 0.8155 0.773 0.039 0.03
5 0.3855 0.771 0.039 0.03
5 0.248 0.761 0.04 0.03
5 0.8405 0.7485 0.035 0.027
5 0.5365 0.732 0.039 0.03
5 0.4 0.729 0.036 0.026
5 0.268 0.726 0.04 0.03
5 0.5885 0.715 0.035 0.026
5 0.5055 0.699 0.025 0.02
5 0.401 0.693 0.02 0.016
5 0.474 0.6915 0.02 0.015
5 0.525 0.679 0.02 0.016
5 0.8905 0.685 0.039 0.03
5 0.5625 0.6725 0.021 0.015
5 0.45 0.6675 0.016 0.017
5 0.4145 0.662 0.019 0.016
5 0.3435 0.6595 0.015 0.011
5 0.3545 0.6815 0.067 0.063
5 0.7955 0.6575 0.047 0.025
5 0.4375 0.65 0.015 0.01
5 0.46 0.6515 0.022 0.015
5 0.6115 0.6505 0.025 0.019
5 0.844 0.652 0.046 0.022
5 0.5645 0.6445 0.023 0.021
5 0.426 0.6385 0.014 0.011
5 0.5345 0.6345 0.021 0.015
5 0.333 0.636 0.03 0.026
5 0.765 0.6295 0.06 0.019
5 0.4325 0.625 0.015 0.01
5 0.4815 0.6245 0.015 0.011
5 0.6215 0.6255 0.037 0.027
5 0.449 0.6145 0.014 0.011
5 0.3075 0.6145 0.015 0.011
5 0.561 0.6115 0.03 0.013
5 0.5345 0.6095 0.015 0.011
5 0.379 0.6075 0.014 0.011
5 0.383 0.6245 0.07 0.049
5 0.5 0.6015 0.014 0.011
5 0.446 0.5985 0.014 0.011
5 0.2915 0.6 0.021 0.016
5 0.5265 0.594 0.015 0.018
5 0.7865 0.594 0.029 0.022
5 0.826 0.592 0.036 0.026
5 0.4925 0.5825 0.015 0.011
5 0.5875 0.5855 0.015 0.019
5 0.7575 0.582 0.029 0.022
5 0.6595 0.579 0.021 0.016
5 0.4655 0.5855 0.037 0.041
5 0.495 0.5695 0.014 0.011
5 0.5135 0.5685 0.015 0.011
5 0.3815 0.571 0.025 0.018
5 0.574 0.5605 0.014 0.011
5 0.406 0.564 0.02 0.018
5 0.436 0.5595 0.026 0.013
5 0.2075 0.565 0.035 0.026
5 0.353 0.5535 0.014 0.011
5 0.6985 0.5545 0.047 0.019
5 0.5135 0.55 0.015 0.01
5 0.3935 0.55 0.015 0.01
5 0.549 0.553 0.038 0.018
5 0.656 0.552 0.028 0.018
5 0.6175 0.554 0.023 0.024
5 0.5915 0.5445 0.015 0.011
5 0.3305 0.5425 0.015 0.011
5 0.552 0.5385 0.014 0.011
5 0.472 0.5435 0.04 0.025
5 0.53 0.537 0.02 0.02
5 0.2865 0.5305 0.021 0.015
5 0.4185 0.5275 0.015 0.011
5 0.399 0.5255 0.014 0.011
5 0.6335 0.5275 0.021 0.019
5 0.3675 0.5235 0.015 0.011
5 0.578 0.5215 0.014 0.011
5 0.5985 0.5245 0.017 0.019
5 0.3145 0.5205 0.015 0.011
5 0.3335 0.5145 0.015 0.011
5 0.626 0.5135 0.014 0.011
5 0.7035 0.5165 0.025 0.019
5 0.489 0.519 0.042 0.03
5 0.535 0.5145 0.042 0.023
5 0.3585 0.5045 0.015 0.011
5 0.248 0.501 0.02 0.016
5 0.594 0.5015 0.028 0.021
5 0.3945 0.5025 0.041 0.027
5 0.4185 0.4935 0.015 0.011
5 0.5095 0.497 0.017 0.018
5 0.4415 0.493 0.015 0.01
5 0.555 0.493 0.042 0.014
5 0.4855 0.4935 0.029 0.015
5 0.3585 0.4895 0.015 0.011
5 0.6725 0.4965 0.021 0.027
5 0.6185 0.4855 0.015 0.011
5 0.5935 0.4825 0.015 0.011
5 0.2825 0.4855 0.025 0.019
5 0.199 0.489 0.036 0.026
5 0.2375 0.4835 0.025 0.019
5 0.373 0.4765 0.014 0.011
5 0.406 0.48 0.03 0.028
5 0.52 0.4715 0.026 0.015
5 0.5675 0.4685 0.015 0.011
5 0.4405 0.4685 0.015 0.011
5 0.4575 0.4655 0.015 0.011
5 0.3025 0.4665 0.025 0.019
5 0.6355 0.463 0.021 0.016
5 0.5115 0.4605 0.015 0.011
5 0.871 0.475 0.056 0.04
5 0.428 0.4605 0.014 0.011
5 0.3585 0.4595 0.029 0.015
5 0.406 0.4555 0.016 0.019
5 0.3875 0.4515 0.015 0.011
5 0.3405 0.4505 0.015 0.011
5 0.2805 0.4515 0.025 0.019
5 0.163 0.4785 0.078 0.081
5 0.4325 0.443 0.015 0.01
5 0.5605 0.4425 0.015 0.011
5 0.375 0.4425 0.014 0.011
5 0.4695 0.4405 0.015 0.011
5 0.488 0.4455 0.03 0.023
5 0.5725 0.4485 0.079 0.033
5 0.3915 0.4345 0.015 0.011
5 0.426 0.4305 0.014 0.011
5 0.5695 0.4295 0.015 0.011
5 0.549 0.425 0.014 0.01
5 0.526 0.43 0.028 0.022
5 0.3565 0.421 0.025 0.018
5 0.5185 0.4145 0.015 0.011
5 0.6555 0.424 0.025 0.03
5 0.4665 0.4135 0.015 0.021
5 0.4405 0.4095 0.021 0.015
5 0.6915 0.4055 0.035 0.027
5 0.3855 0.4 0.025 0.018
5 0.4945 0.3925 0.021 0.025
5 0.4705 0.3875 0.021 0.015
5 0.5405 0.381 0.021 0.016
5 0.3485 0.3825 0.025 0.019
5 0.3815 0.3775 0.025 0.019
5 0.5835 0.3625 0.035 0.027
5 0.778 0.3665 0.052 0.049
5 0.4595 0.3555 0.035 0.027
5 0.3335 0.346 0.035 0.026
5 0.382 0.314 0.042 0.032
5 0.668 0.2995 0.056 0.041
