7 0.243 0.687 0.046 0.034
7 0.47 0.689 0.068 0.052
7 0.3685 0.659 0.035 0.028
7 0.766 0.6555 0.046 0.035
7 0.4395 0.6465 0.023 0.017
7 0.456 0.639 0.012 0.01
7 0.4865 0.6395 0.023 0.017
7 0.4225 0.6325 0.023 0.017
7 0.3895 0.6295 0.023 0.017
7 0.551 0.621 0.022 0.018
7 0.3315 0.625 0.035 0.028
7 0.422 0.614 0.012 0.01
7 0.5025 0.6155 0.023 0.017
7 0.447 0.6095 0.012 0.009
7 0.5245 0.6075 0.019 0.017
7 0.5355 0.6005 0.013 0.009
7 0.427 0.6 0.012 0.01
7 0.4865 0.5995 0.013 0.009
7 0.4575 0.5935 0.013 0.009
7 0.504 0.5915 0.012 0.009
7 0.595 0.593 0.034 0.018
7 0.4125 0.5845 0.013 0.009
7 0.4685 0.5775 0.013 0.009
7 0.5 0.5735 0.012 0.009
7 0.4185 0.5705 0.013 0.009
7 0.2815 0.576 0.035 0.028
7 0.5775 0.578 0.033 0.036
7 0.383 0.5675 0.022 0.019
7 0.5365 0.56 0.013 0.01
7 0.397 0.5555 0.012 0.009
7 0.476 0.5595 0.02 0.021
7 0.515 0.5515 0.022 0.011
7 0.4405 0.552 0.033 0.018
7 0.3595 0.5465 0.013 0.011
7 0.6595 0.553 0.035 0.028
7 0.6085 0.5455 0.023 0.017
7 0.3845 0.5415 0.013 0.009
7 0.499 0.539 0.012 0.01
7 0.403 0.539 0.012 0.01
7 0.464 0.5395 0.02 0.011
7 0.422 0.532 0.012 0.01
7 0.3625 0.5325 0.013 0.011
7 0.3825 0.5305 0.013 0.009
7 0.5895 0.532 0.023 0.018
7 0.5545 0.529 0.023 0.012
7 0.5 0.5265 0.012 0.009
7 0.516 0.5285 0.016 0.019
7 0.534 0.5165 0.02 0.009
7 0.3225 0.5205 0.023 0.017
7 0.5645 0.515 0.013 0.01
7 0.3805 0.5175 0.045 0.017
7 0.461 0.515 0.022 0.014
7 0.4375 0.5115 0.013 0.009
7 0.5165 0.5085 0.013 0.009
7 0.5345 0.4985 0.013 0.009
7 0.549 0.4935 0.012 0.011
7 0.509 0.4965 0.016 0.017
7 0.4815 0.496 0.021 0.016
7 0.445 0.4795 0.012 0.009
7 0.5575 0.4795 0.013 0.011
7 0.4895 0.479 0.013 0.01
7 0.4 0.4755 0.012 0.011
7 0.5365 0.4745 0.013 0.009
7 0.502 0.471 0.012 0.01
7 0.5835 0.4745 0.029 0.023
7 0.4095 0.4665 0.013 0.009
7 0.483 0.4685 0.02 0.017
7 0.397 0.4605 0.012 0.011
7 0.4615 0.4595 0.013 0.009
7 0.446 0.4595 0.012 0.009
7 0.6145 0.4605 0.023 0.017
7 0.494 0.4555 0.012 0.009
7 0.444 0.4485 0.012 0.009
7 0.5355 0.4475 0.013 0.009
7 0.5115 0.443 0.013 0.01
7 0.4595 0.4435 0.021 0.011
7 0.2615 0.45 0.061 0.028
7 0.554 0.44 0.02 0.016
7 0.4635 0.432 0.013 0.01
7 0.6385 0.441 0.035 0.028
7 0.3775 0.4295 0.023 0.017
7 0.5435 0.4265 0.017 0.013
7 0.5185 0.4165 0.013 0.009
7 0.4995 0.4175 0.017 0.017
7 0.5685 0.4155 0.023 0.017
7 0.4385 0.4085 0.023 0.017
7 0.4445 0.3895 0.023 0.017
7 0.4885 0.3845 0.023 0.017
7 0.351 0.39 0.036 0.028
7 0.6895 0.3615 0.041 0.033
