7 0.381 0.8165 0.038 0.029
7 0.4805 0.739 0.031 0.024
7 0.4155 0.7235 0.031 0.023
7 0.6075 0.722 0.031 0.024
7 0.5685 0.714 0.031 0.024
7 0.3365 0.7015 0.031 0.023
7 0.3335 0.6365 0.031 0.023
7 0.6105 0.6275 0.031 0.023
7 0.2255 0.6035 0.055 0.033
7 0.826 0.564 0.042 0.032
7 0.6035 0.5385 0.025 0.019
7 0.5735 0.536 0.025 0.018
7 0.3155 0.536 0.025 0.018
7 0.6465 0.526 0.031 0.024
7 0.2605 0.5125 0.031 0.023
7 0.3405 0.4725 0.031 0.023
7 0.4525 0.4675 0.025 0.019
7 0.5435 0.464 0.031 0.024
7 0.5315 0.3505 0.031 0.023
