3 0.4455 0.7145 0.025 0.019
3 0.4475 0.677 0.017 0.008
3 0.473 0.677 0.016 0.014
3 0.422 0.6695 0.01 0.011
3 0.5285 0.6635 0.011 0.015
3 0.5165 0.632 0.019 0.012
3 0.491 0.6265 0.016 0.017
3 0.747 0.6195 0.016 0.011
3 0.5325 0.6135 0.019 0.027
3 0.4405 0.6075 0.029 0.015
3 0.465 0.599 0.012 0.02
3 0.4305 0.5875 0.011 0.015
3 0.4485 0.58 0.019 0.016
3 0.551 0.5625 0.026 0.015
3 0.4735 0.5535 0.019 0.011
3 0.4065 0.55 0.017 0.014
3 0.5715 0.5395 0.029 0.011
3 0.4805 0.5345 0.021 0.009
3 0.596 0.5335 0.012 0.009
3 0.4555 0.5325 0.021 0.011
3 0.509 0.532 0.016 0.012
3 0.648 0.5265 0.012 0.011
3 0.775 0.5225 0.016 0.013
3 0.408 0.523 0.012 0.014
3 0.628 0.5205 0.012 0.017
3 0.5855 0.5115 0.043 0.013
3 0.6165 0.5085 0.013 0.009
3 0.658 0.5085 0.036 0.019
3 0.369 0.5015 0.018 0.011
3 0.3435 0.5065 0.021 0.021
3 0.404 0.5 0.02 0.014
3 0.8085 0.496 0.019 0.01
3 0.431 0.4985 0.03 0.015
3 0.49 0.493 0.022 0.008
3 0.5205 0.492 0.021 0.008
3 0.5495 0.4985 0.023 0.021
3 0.6375 0.4905 0.013 0.009
3 0.5635 0.4905 0.013 0.009
3 0.467 0.488 0.02 0.008
3 0.542 0.4805 0.028 0.015
3 0.506 0.4695 0.016 0.015
3 0.4675 0.4715 0.053 0.025
3 0.637 0.456 0.02 0.012
3 0.473 0.451 0.014 0.014
3 0.573 0.452 0.016 0.018
3 0.534 0.447 0.022 0.018
3 0.3895 0.456 0.087 0.04
3 0.442 0.442 0.014 0.016
3 0.826 0.4395 0.014 0.011
3 0.557 0.4435 0.016 0.023
3 0.4125 0.4345 0.019 0.009
3 0.546 0.4335 0.012 0.015
3 0.473 0.4215 0.026 0.011
3 0.4365 0.4215 0.013 0.011
3 0.386 0.42 0.022 0.01
3 0.777 0.4095 0.014 0.009
3 0.412 0.409 0.012 0.014
3 0.5845 0.4065 0.019 0.011
3 0.7345 0.402 0.015 0.014
3 0.6205 0.395 0.023 0.014
3 0.5835 0.39 0.023 0.016
3 0.753 0.386 0.014 0.012
3 0.5505 0.396 0.029 0.032
3 0.7055 0.3775 0.011 0.013
3 0.435 0.3785 0.024 0.017
3 0.481 0.3695 0.02 0.015
3 0.6345 0.2975 0.013 0.009
3 0.5915 0.2965 0.019 0.011
