3 0.702 0.868 0.012 0.01
3 0.4615 0.853 0.013 0.01
3 0.6075 0.85 0.013 0.01
3 0.3575 0.8275 0.029 0.015
3 0.5165 0.8235 0.015 0.011
3 0.4195 0.824 0.025 0.012
3 0.3935 0.8205 0.015 0.011
3 0.3875 0.8055 0.015 0.011
3 0.3405 0.8035 0.015 0.011
3 0.4925 0.7975 0.015 0.011
3 0.3615 0.7965 0.015 0.011
3 0.3205 0.799 0.025 0.02
3 0.5075 0.7825 0.015 0.011
3 0.4195 0.7825 0.015 0.011
3 0.2905 0.7825 0.015 0.011
3 0.2575 0.7825 0.015 0.011
3 0.549 0.7785 0.014 0.011
3 0.4625 0.781 0.027 0.022
3 0.328 0.7735 0.014 0.011
3 0.4885 0.7705 0.015 0.011
3 0.422 0.7695 0.014 0.011
3 0.848 0.7635 0.014 0.011
3 0.8685 0.761 0.013 0.01
3 0.5255 0.764 0.031 0.02
3 0.5845 0.7585 0.015 0.011
3 0.4595 0.7585 0.015 0.011
3 0.7615 0.757 0.015 0.01
3 0.3905 0.7565 0.015 0.011
3 0.3305 0.7525 0.015 0.011
3 0.3625 0.7505 0.015 0.011
3 0.4145 0.743 0.015 0.01
3 0.455 0.7425 0.014 0.011
3 0.349 0.7415 0.014 0.011
3 0.2335 0.7415 0.015 0.011
3 0.3845 0.7385 0.015 0.011
3 0.327 0.7375 0.014 0.011
3 0.2935 0.7325 0.015 0.011
3 0.3685 0.7285 0.015 0.011
3 0.401 0.7275 0.014 0.011
3 0.5435 0.725 0.015 0.01
3 0.3075 0.725 0.015 0.01
3 0.4405 0.7235 0.015 0.011
3 0.522 0.7195 0.014 0.011
3 0.346 0.7195 0.014 0.011
3 0.3175 0.7125 0.015 0.011
3 0.4185 0.7115 0.015 0.011
3 0.502 0.7095 0.014 0.011
3 0.1345 0.7095 0.015 0.011
3 0.478 0.7075 0.014 0.011
3 0.3845 0.7035 0.015 0.011
3 0.3625 0.7025 0.015 0.011
3 0.7065 0.7005 0.015 0.011
3 0.45 0.7025 0.02 0.015
3 0.504 0.6935 0.014 0.011
3 0.253 0.6975 0.026 0.019
3 0.2665 0.6895 0.015 0.011
3 0.8115 0.6955 0.055 0.027
3 0.403 0.6855 0.014 0.011
3 0.4815 0.6855 0.015 0.011
3 0.2915 0.6855 0.015 0.011
3 0.5425 0.696 0.037 0.038
3 0.772 0.6815 0.014 0.011
3 0.3815 0.6775 0.015 0.011
3 0.7385 0.6725 0.015 0.011
3 0.151 0.6725 0.014 0.011
3 0.6655 0.6715 0.015 0.011
3 0.445 0.677 0.018 0.022
3 0.325 0.6675 0.014 0.011
3 0.373 0.6655 0.014 0.011
3 0.4005 0.664 0.015 0.02
3 0.5325 0.6585 0.015 0.011
3 0.447 0.6535 0.014 0.011
3 0.552 0.6485 0.014 0.011
3 0.571 0.6475 0.014 0.011
3 0.478 0.6425 0.014 0.011
3 0.414 0.6415 0.022 0.021
3 0.373 0.6325 0.014 0.011
3 0.6565 0.6305 0.015 0.011
3 0.5325 0.638 0.017 0.028
3 0.2195 0.6195 0.015 0.011
3 0.8195 0.6185 0.015 0.011
3 0.3685 0.6175 0.015 0.011
3 0.547 0.624 0.054 0.026
3 0.397 0.6135 0.014 0.011
3 0.4615 0.615 0.041 0.02
3 0.555 0.6055 0.014 0.011
3 0.528 0.6035 0.014 0.011
3 0.452 0.6035 0.014 0.011
3 0.329 0.61 0.02 0.026
3 0.3585 0.5995 0.015 0.011
3 0.2875 0.5995 0.015 0.011
3 0.597 0.5975 0.014 0.011
3 0.374 0.597 0.012 0.01
3 0.4395 0.5945 0.013 0.009
3 0.424 0.5875 0.014 0.011
3 0.5 0.5885 0.024 0.017
3 0.279 0.5855 0.014 0.011
3 0.524 0.5835 0.014 0.011
3 0.3905 0.5795 0.015 0.011
3 0.6855 0.5785 0.015 0.011
3 0.4335 0.5765 0.015 0.011
3 0.367 0.5775 0.018 0.021
3 0.4845 0.571 0.013 0.01
3 0.7805 0.5685 0.015 0.011
3 0.854 0.569 0.026 0.018
3 0.2315 0.5655 0.015 0.011
3 0.658 0.5705 0.016 0.023
3 0.5105 0.5645 0.015 0.011
3 0.451 0.569 0.014 0.02
3 0.5625 0.5645 0.015 0.011
3 0.3805 0.5615 0.015 0.011
3 0.7125 0.5605 0.015 0.011
3 0.289 0.562 0.022 0.02
3 0.1645 0.557 0.015 0.01
3 0.602 0.56 0.058 0.018
3 0.472 0.5555 0.014 0.011
3 0.2615 0.5535 0.015 0.011
3 0.8065 0.5525 0.015 0.011
3 0.5625 0.5505 0.013 0.009
3 0.396 0.5515 0.014 0.011
3 0.495 0.55 0.014 0.01
3 0.3185 0.5515 0.021 0.015
3 0.547 0.547 0.012 0.01
3 0.7005 0.548 0.045 0.014
3 0.5165 0.5495 0.017 0.017
3 0.3615 0.5495 0.027 0.019
3 0.751 0.5445 0.014 0.011
3 0.4135 0.543 0.021 0.01
3 0.3395 0.5445 0.017 0.015
3 0.477 0.5405 0.024 0.013
3 0.38 0.535 0.012 0.01
3 0.5915 0.535 0.021 0.012
3 0.8975 0.5345 0.025 0.013
3 0.571 0.533 0.012 0.01
3 0.444 0.533 0.026 0.01
3 0.6675 0.5315 0.013 0.009
3 0.927 0.5295 0.014 0.011
3 0.4685 0.529 0.013 0.01
3 0.3915 0.5265 0.015 0.011
3 0.3635 0.5265 0.015 0.011
3 0.554 0.5225 0.012 0.009
3 0.638 0.527 0.028 0.02
3 0.5125 0.522 0.013 0.01
3 0.4175 0.5195 0.013 0.009
3 0.175 0.517 0.012 0.01
3 0.5685 0.5165 0.013 0.009
3 0.5395 0.5175 0.015 0.011
3 0.6895 0.5155 0.013 0.009
3 0.605 0.5155 0.012 0.009
3 0.4325 0.5155 0.013 0.009
3 0.801 0.5155 0.014 0.011
3 0.3665 0.514 0.013 0.01
3 0.497 0.5135 0.012 0.009
3 0.4585 0.5135 0.013 0.009
3 0.5135 0.5085 0.013 0.009
3 0.478 0.5165 0.024 0.025
3 0.299 0.5075 0.014 0.011
3 0.72 0.506 0.03 0.012
3 0.4905 0.5025 0.013 0.009
3 0.427 0.5035 0.014 0.011
3 0.7505 0.5035 0.021 0.013
3 0.776 0.5015 0.014 0.011
3 0.1595 0.5005 0.013 0.009
3 0.6145 0.5005 0.015 0.011
3 0.3905 0.5055 0.019 0.021
3 0.227 0.4975 0.014 0.011
3 0.347 0.4955 0.014 0.011
3 0.174 0.4945 0.012 0.009
3 0.3105 0.4945 0.015 0.011
3 0.373 0.4925 0.014 0.011
3 0.2935 0.4925 0.015 0.011
3 0.674 0.4905 0.014 0.011
3 0.579 0.4905 0.014 0.011
3 0.2665 0.4895 0.015 0.011
3 0.4215 0.492 0.029 0.016
3 0.3885 0.4875 0.015 0.011
3 0.515 0.487 0.022 0.014
3 0.538 0.4905 0.016 0.023
3 0.3195 0.4835 0.015 0.011
3 0.247 0.4835 0.014 0.011
3 0.6595 0.4825 0.015 0.011
3 0.459 0.4895 0.034 0.025
3 0.8145 0.4795 0.015 0.011
3 0.5805 0.4785 0.015 0.011
3 0.4645 0.4765 0.013 0.009
3 0.647 0.475 0.012 0.01
3 0.128 0.4755 0.014 0.011
3 0.0605 0.4745 0.013 0.009
3 0.6175 0.4715 0.015 0.011
3 0.3335 0.473 0.029 0.014
3 0.4985 0.472 0.021 0.016
3 0.4145 0.4695 0.015 0.011
3 0.4435 0.4645 0.015 0.011
3 0.371 0.4645 0.026 0.011
3 0.639 0.4645 0.024 0.017
3 0.559 0.472 0.024 0.032
3 0.9175 0.4585 0.015 0.011
3 0.5445 0.46 0.019 0.02
3 0.579 0.4535 0.014 0.011
3 0.274 0.4485 0.014 0.011
3 0.4405 0.4465 0.015 0.011
3 0.4575 0.4455 0.015 0.011
3 0.403 0.4445 0.014 0.011
3 0.3375 0.4455 0.029 0.015
3 0.4825 0.4425 0.013 0.009
3 0.6755 0.446 0.097 0.018
3 0.5615 0.4395 0.015 0.011
3 0.607 0.4535 0.036 0.039
3 0.302 0.4335 0.014 0.011
3 0.6915 0.4325 0.015 0.011
3 0.512 0.4395 0.036 0.025
3 0.5385 0.4275 0.013 0.009
3 0.364 0.4335 0.03 0.021
3 0.399 0.4275 0.014 0.011
3 0.446 0.428 0.024 0.014
3 0.3385 0.425 0.015 0.01
3 0.847 0.4225 0.014 0.011
3 0.596 0.425 0.03 0.018
3 0.426 0.4205 0.012 0.009
3 0.826 0.4195 0.014 0.011
3 0.0865 0.417 0.013 0.01
3 0.6905 0.4165 0.015 0.011
3 0.474 0.4165 0.014 0.011
3 0.625 0.4145 0.014 0.011
3 0.513 0.418 0.032 0.018
3 0.5435 0.4135 0.015 0.011
3 0.7895 0.414 0.023 0.02
3 0.251 0.4095 0.014 0.011
3 0.4855 0.4055 0.015 0.011
3 0.3825 0.4055 0.015 0.011
3 0.669 0.4065 0.028 0.017
3 0.702 0.4015 0.014 0.011
3 0.528 0.4 0.014 0.01
3 0.59 0.4045 0.03 0.021
3 0.559 0.4085 0.022 0.035
3 0.643 0.404 0.024 0.026
3 0.5075 0.3965 0.015 0.011
3 0.298 0.3965 0.014 0.011
3 0.8145 0.3935 0.015 0.011
3 0.4325 0.3925 0.015 0.011
3 0.3995 0.393 0.033 0.022
3 0.155 0.3875 0.014 0.011
3 0.777 0.3835 0.014 0.011
3 0.489 0.383 0.03 0.012
3 0.551 0.3815 0.014 0.011
3 0.299 0.3805 0.014 0.011
3 0.749 0.3845 0.014 0.021
3 0.4575 0.3765 0.013 0.009
3 0.5945 0.3785 0.021 0.021
3 0.354 0.3735 0.014 0.011
3 0.795 0.3705 0.014 0.011
3 0.5065 0.3695 0.015 0.011
3 0.6395 0.3685 0.015 0.011
3 0.7125 0.3655 0.015 0.011
3 0.676 0.3655 0.014 0.011
3 0.548 0.3645 0.014 0.011
3 0.6935 0.3635 0.015 0.011
3 0.6605 0.3615 0.015 0.011
3 0.467 0.3625 0.024 0.015
3 0.2365 0.36 0.013 0.01
3 0.527 0.3575 0.014 0.011
3 0.7855 0.35 0.015 0.01
3 0.1395 0.3485 0.013 0.009
3 0.6695 0.3485 0.025 0.011
3 0.4625 0.3455 0.013 0.009
3 0.4925 0.3455 0.015 0.011
3 0.2925 0.3445 0.013 0.009
3 0.597 0.3415 0.014 0.011
3 0.5295 0.3415 0.037 0.015
3 0.6405 0.3465 0.027 0.025
3 0.578 0.328 0.024 0.016
3 0.605 0.322 0.03 0.012
3 0.554 0.3195 0.014 0.011
3 0.532 0.322 0.016 0.02
3 0.675 0.319 0.022 0.02
3 0.6315 0.3145 0.035 0.025
3 0.6155 0.2965 0.015 0.011
3 0.504 0.2895 0.014 0.011
3 0.645 0.288 0.028 0.014
3 0.677 0.2855 0.014 0.011
3 0.5935 0.2855 0.015 0.011
3 0.4365 0.2745 0.013 0.009
3 0.5375 0.2335 0.013 0.009
