0 0.4565 0.829 0.029 0.024
0 0.2865 0.8155 0.029 0.023
0 0.6205 0.8085 0.057 0.025
0 0.4785 0.8015 0.029 0.023
0 0.4415 0.7955 0.029 0.023
0 0.6785 0.7895 0.033 0.039
0 0.2575 0.77 0.055 0.036
0 0.5225 0.7775 0.069 0.053
0 0.5975 0.7615 0.029 0.023
0 0.7835 0.757 0.029 0.024
0 0.307 0.748 0.042 0.032
0 0.5115 0.728 0.029 0.024
0 0.7065 0.726 0.029 0.024
0 0.2805 0.721 0.029 0.024
0 0.557 0.725 0.042 0.04
0 0.4285 0.71 0.029 0.024
0 0.6315 0.707 0.027 0.02
0 0.249 0.7055 0.03 0.023
0 0.452 0.695 0.018 0.014
0 0.546 0.6915 0.016 0.013
0 0.7665 0.6945 0.029 0.023
0 0.602 0.688 0.018 0.014
0 0.5055 0.6905 0.029 0.023
0 0.526 0.678 0.016 0.012
0 0.3595 0.679 0.021 0.014
0 0.8425 0.6775 0.029 0.023
0 0.3185 0.668 0.025 0.014
0 0.1925 0.669 0.027 0.02
0 0.572 0.6625 0.016 0.013
0 0.525 0.6585 0.016 0.013
0 0.7595 0.6625 0.029 0.023
0 0.4875 0.656 0.017 0.012
0 0.3295 0.651 0.035 0.022
0 0.675 0.652 0.026 0.026
0 0.451 0.6625 0.044 0.049
0 0.5905 0.648 0.029 0.022
0 0.7815 0.64 0.029 0.024
0 0.1105 0.638 0.027 0.02
0 0.499 0.6355 0.02 0.019
0 0.5635 0.63 0.019 0.014
0 0.7335 0.633 0.029 0.024
0 0.1795 0.6305 0.027 0.021
0 0.2595 0.6505 0.063 0.075
0 0.324 0.6195 0.018 0.017
0 0.5865 0.615 0.017 0.012
0 0.6295 0.6115 0.017 0.013
0 0.1615 0.611 0.027 0.02
0 0.4555 0.6 0.017 0.012
0 0.7695 0.595 0.019 0.014
0 0.0965 0.5985 0.027 0.021
0 0.6855 0.594 0.019 0.014
0 0.6195 0.593 0.019 0.018
0 0.81 0.601 0.044 0.036
0 0.2325 0.589 0.019 0.014
0 0.4065 0.5825 0.015 0.011
0 0.7545 0.584 0.019 0.014
0 0.7355 0.5805 0.017 0.013
0 0.2195 0.576 0.019 0.014
0 0.1355 0.5895 0.047 0.049
0 0.4325 0.5695 0.015 0.011
0 0.275 0.578 0.04 0.032
0 0.2425 0.569 0.019 0.014
0 0.377 0.5585 0.014 0.011
0 0.7715 0.5625 0.027 0.021
0 0.8075 0.5625 0.029 0.023
0 0.1035 0.561 0.027 0.02
0 0.7415 0.555 0.019 0.014
0 0.8425 0.5545 0.029 0.023
0 0.2285 0.544 0.019 0.014
0 0.1305 0.5445 0.027 0.021
0 0.7335 0.54 0.017 0.012
0 0.1845 0.544 0.027 0.02
0 0.763 0.5345 0.03 0.023
0 0.6665 0.529 0.019 0.014
0 0.3805 0.5255 0.015 0.011
0 0.2915 0.5275 0.023 0.027
0 0.725 0.518 0.016 0.012
0 0.2215 0.513 0.019 0.014
0 0.474 0.5095 0.014 0.011
0 0.745 0.512 0.022 0.022
0 0.7755 0.51 0.035 0.024
0 0.7115 0.504 0.017 0.012
0 0.2395 0.5 0.019 0.014
0 0.8945 0.501 0.027 0.02
0 0.3905 0.5035 0.037 0.029
0 0.8075 0.497 0.027 0.02
0 0.2615 0.492 0.021 0.014
0 0.6585 0.4865 0.017 0.013
0 0.346 0.4865 0.016 0.013
0 0.3685 0.4855 0.015 0.011
0 0.403 0.4845 0.016 0.013
0 0.777 0.483 0.016 0.012
0 0.85 0.481 0.028 0.02
0 0.377 0.467 0.016 0.012
0 0.2115 0.47 0.027 0.02
0 0.8075 0.4695 0.029 0.023
0 0.725 0.465 0.03 0.024
0 0.4435 0.457 0.017 0.012
0 0.477 0.456 0.016 0.012
0 0.7615 0.4595 0.029 0.023
0 0.4555 0.44 0.031 0.022
0 0.33 0.439 0.074 0.032
0 0.511 0.429 0.028 0.018
0 0.7745 0.4325 0.039 0.027
0 0.6935 0.426 0.027 0.02
0 0.1915 0.42 0.027 0.02
0 0.4 0.4155 0.016 0.013
0 0.8165 0.419 0.027 0.02
0 0.2965 0.4155 0.039 0.015
0 0.2605 0.417 0.027 0.02
0 0.4415 0.4095 0.017 0.013
0 0.4205 0.4095 0.017 0.013
0 0.6305 0.406 0.017 0.012
0 0.4715 0.406 0.021 0.016
0 0.7875 0.408 0.027 0.02
0 0.553 0.3975 0.016 0.013
0 0.497 0.3975 0.016 0.013
0 0.3555 0.3975 0.017 0.013
0 0.4295 0.397 0.017 0.012
0 0.649 0.397 0.018 0.014
0 0.521 0.3935 0.026 0.023
0 0.6805 0.392 0.039 0.022
0 0.61 0.391 0.02 0.022
0 0.1545 0.387 0.027 0.02
0 0.4645 0.385 0.027 0.02
0 0.2875 0.3845 0.027 0.021
0 0.3855 0.3835 0.031 0.029
0 0.2435 0.3905 0.059 0.053
0 0.685 0.3725 0.034 0.019
0 0.6125 0.3695 0.021 0.015
0 0.7875 0.3665 0.027 0.021
0 0.35 0.365 0.028 0.02
0 0.4315 0.3655 0.061 0.035
0 0.2775 0.353 0.027 0.02
0 0.478 0.3485 0.016 0.013
0 0.5145 0.345 0.027 0.02
0 0.3225 0.345 0.027 0.02
0 0.6195 0.3425 0.041 0.025
0 0.2915 0.333 0.027 0.02
0 0.35 0.324 0.028 0.02
0 0.223 0.32 0.018 0.014
0 0.7065 0.3225 0.027 0.021
0 0.4325 0.312 0.027 0.02
0 0.536 0.311 0.036 0.032
0 0.5175 0.27 0.027 0.02
0 0.4815 0.2655 0.027 0.021
