6 0.5085 0.8205 0.017 0.013
6 0.4345 0.801 0.017 0.012
6 0.5 0.7875 0.016 0.013
6 0.297 0.7595 0.016 0.013
6 0.3435 0.735 0.017 0.012
6 0.5065 0.733 0.017 0.012
6 0.526 0.7155 0.016 0.013
6 0.3155 0.7155 0.017 0.013
6 0.5825 0.7125 0.017 0.013
6 0.6055 0.701 0.017 0.012
6 0.3295 0.7045 0.031 0.019
6 0.4565 0.6885 0.017 0.013
6 0.6825 0.6805 0.017 0.013
6 0.2345 0.676 0.017 0.012
6 0.4375 0.674 0.017 0.012
6 0.353 0.674 0.016 0.012
6 0.2155 0.6725 0.017 0.013
6 0.504 0.672 0.016 0.012
6 0.626 0.66 0.016 0.012
6 0.4405 0.658 0.017 0.012
6 0.318 0.664 0.018 0.024
6 0.148 0.6555 0.016 0.013
6 0.3845 0.6525 0.017 0.013
6 0.295 0.656 0.028 0.02
6 0.5065 0.65 0.017 0.012
6 0.1645 0.65 0.017 0.012
6 0.5325 0.6445 0.017 0.013
6 0.349 0.6445 0.016 0.013
6 0.3885 0.6365 0.017 0.013
6 0.6625 0.635 0.017 0.012
6 0.253 0.635 0.016 0.012
6 0.3055 0.6265 0.017 0.013
6 0.3315 0.617 0.017 0.012
6 0.5665 0.6165 0.017 0.013
6 0.2585 0.608 0.017 0.012
6 0.175 0.6045 0.016 0.013
6 0.3555 0.6025 0.017 0.013
6 0.476 0.607 0.042 0.026
6 0.414 0.6035 0.032 0.019
6 0.3315 0.599 0.017 0.012
6 0.5675 0.596 0.017 0.012
6 0.6135 0.594 0.017 0.012
6 0.352 0.585 0.016 0.012
6 0.545 0.5895 0.022 0.025
6 0.5145 0.5795 0.017 0.013
6 0.6075 0.5775 0.017 0.013
6 0.65 0.5655 0.016 0.013
6 0.7105 0.5445 0.017 0.013
6 0.6865 0.543 0.017 0.012
6 0.234 0.5355 0.034 0.013
6 0.7315 0.5345 0.017 0.013
6 0.1385 0.4815 0.017 0.013
6 0.1705 0.4805 0.017 0.013
6 0.2185 0.478 0.017 0.012
6 0.2075 0.46 0.017 0.012
6 0.2645 0.4315 0.017 0.013
6 0.3425 0.4225 0.017 0.013
6 0.254 0.4135 0.016 0.013
6 0.3825 0.406 0.017 0.012
6 0.3585 0.3905 0.017 0.013
6 0.3835 0.3475 0.017 0.013
