0 0.523 0.8625 0.032 0.023
0 0.543 0.832 0.042 0.03
0 0.2655 0.799 0.041 0.03
0 0.4525 0.7745 0.053 0.041
0 0.5055 0.7625 0.031 0.023
0 0.577 0.763 0.042 0.03
0 0.4165 0.7445 0.031 0.023
0 0.823 0.74 0.042 0.03
0 0.3705 0.7335 0.031 0.023
0 0.4835 0.731 0.033 0.03
0 0.4385 0.7185 0.023 0.019
0 0.601 0.72 0.042 0.03
0 0.5205 0.7045 0.027 0.019
0 0.4605 0.6915 0.023 0.019
0 0.628 0.679 0.032 0.024
0 0.4865 0.677 0.021 0.024
0 0.3255 0.6885 0.057 0.053
0 0.4155 0.667 0.019 0.012
0 0.5155 0.664 0.019 0.012
0 0.378 0.661 0.016 0.012
0 0.4925 0.652 0.023 0.014
0 0.4145 0.6485 0.013 0.009
0 0.354 0.65 0.016 0.012
0 0.4875 0.6425 0.013 0.009
0 0.5395 0.643 0.019 0.012
0 0.522 0.639 0.012 0.01
0 0.5885 0.644 0.027 0.022
0 0.3865 0.641 0.019 0.018
0 0.5125 0.6305 0.013 0.009
0 0.806 0.64 0.042 0.03
0 0.528 0.6275 0.012 0.009
0 0.6385 0.629 0.023 0.018
0 0.496 0.625 0.012 0.01
0 0.477 0.6225 0.012 0.009
0 0.5825 0.622 0.013 0.01
0 0.434 0.622 0.026 0.01
0 0.35 0.6235 0.016 0.013
0 0.384 0.6185 0.024 0.013
0 0.3205 0.618 0.017 0.012
0 0.4105 0.6165 0.017 0.011
0 0.3355 0.611 0.013 0.01
0 0.6715 0.6175 0.049 0.025
0 0.493 0.6095 0.014 0.019
0 0.519 0.605 0.022 0.014
0 0.6295 0.604 0.019 0.012
0 0.599 0.6005 0.012 0.009
0 0.3885 0.5995 0.013 0.009
0 0.4535 0.6045 0.031 0.021
0 0.5575 0.5975 0.013 0.009
0 0.4685 0.5975 0.013 0.009
0 0.3535 0.6005 0.027 0.017
0 0.502 0.596 0.012 0.01
0 0.6085 0.5885 0.013 0.009
0 0.5335 0.5865 0.013 0.009
0 0.483 0.586 0.016 0.01
0 0.4175 0.591 0.013 0.022
0 0.4555 0.584 0.021 0.01
0 0.3185 0.5845 0.017 0.013
0 0.625 0.5815 0.012 0.009
0 0.157 0.588 0.042 0.03
0 0.546 0.5775 0.012 0.009
0 0.272 0.585 0.034 0.026
0 0.3835 0.578 0.023 0.014
0 0.5765 0.5825 0.013 0.025
0 0.6085 0.5735 0.013 0.009
0 0.5155 0.575 0.015 0.026
0 0.348 0.561 0.012 0.01
0 0.5375 0.5595 0.013 0.009
0 0.4475 0.564 0.017 0.018
0 0.5945 0.558 0.019 0.014
0 0.399 0.5515 0.012 0.009
0 0.38 0.547 0.012 0.01
0 0.4745 0.5495 0.021 0.017
0 0.638 0.5575 0.02 0.033
0 0.5325 0.547 0.023 0.016
0 0.397 0.54 0.012 0.01
0 0.5865 0.5385 0.013 0.009
0 0.558 0.5545 0.028 0.041
0 0.4115 0.5385 0.013 0.009
0 0.2345 0.543 0.037 0.028
0 0.3475 0.5375 0.023 0.019
0 0.5125 0.5305 0.013 0.009
0 0.329 0.5305 0.012 0.009
0 0.6955 0.5335 0.027 0.019
0 0.4335 0.531 0.015 0.016
0 0.379 0.529 0.022 0.014
0 0.6145 0.5255 0.013 0.009
0 0.7355 0.5295 0.033 0.027
0 0.5355 0.5205 0.013 0.009
0 0.672 0.5265 0.02 0.023
0 0.497 0.5165 0.012 0.009
0 0.577 0.5185 0.014 0.019
0 0.4435 0.5135 0.015 0.009
0 0.418 0.515 0.014 0.016
0 0.5385 0.5095 0.013 0.009
0 0.3355 0.5095 0.013 0.009
0 0.378 0.504 0.012 0.01
0 0.356 0.504 0.024 0.01
0 0.601 0.5045 0.016 0.013
0 0.6715 0.503 0.019 0.012
0 0.4145 0.504 0.027 0.018
0 0.451 0.4975 0.02 0.013
0 0.376 0.49 0.012 0.01
0 0.6805 0.4885 0.019 0.013
0 0.468 0.485 0.018 0.012
0 0.602 0.4835 0.018 0.013
0 0.528 0.482 0.012 0.01
0 0.507 0.482 0.02 0.01
0 0.406 0.4815 0.012 0.009
0 0.7075 0.4825 0.027 0.019
0 0.3295 0.4815 0.023 0.031
0 0.757 0.4805 0.05 0.031
0 0.442 0.478 0.036 0.03
0 0.252 0.4755 0.034 0.027
0 0.3575 0.4665 0.017 0.013
0 0.496 0.461 0.012 0.01
0 0.477 0.4595 0.012 0.009
0 0.4005 0.463 0.039 0.02
0 0.7225 0.4595 0.027 0.019
0 0.302 0.457 0.02 0.014
0 0.4505 0.457 0.033 0.018
0 0.424 0.4515 0.012 0.009
0 0.5345 0.4595 0.023 0.031
0 0.422 0.4405 0.012 0.009
0 0.3565 0.4435 0.025 0.015
0 0.123 0.4485 0.042 0.029
0 0.487 0.4405 0.026 0.017
0 0.4095 0.435 0.013 0.01
0 0.56 0.44 0.032 0.024
0 0.3885 0.433 0.013 0.01
0 0.755 0.44 0.034 0.034
0 0.5025 0.4265 0.017 0.013
0 0.477 0.4225 0.012 0.009
0 0.377 0.4205 0.012 0.009
0 0.456 0.42 0.02 0.014
0 0.426 0.425 0.034 0.024
0 0.671 0.4255 0.034 0.027
0 0.4 0.417 0.012 0.01
0 0.322 0.4205 0.038 0.017
0 0.3675 0.4115 0.013 0.009
0 0.3845 0.4075 0.013 0.009
0 0.4405 0.4045 0.013 0.009
0 0.398 0.403 0.012 0.01
0 0.3125 0.4025 0.019 0.013
0 0.273 0.407 0.034 0.026
0 0.455 0.3885 0.018 0.013
0 0.4165 0.389 0.023 0.016
0 0.4075 0.378 0.013 0.01
0 0.468 0.3735 0.018 0.015
0 0.4905 0.367 0.019 0.012
0 0.3585 0.367 0.019 0.012
0 0.3325 0.3685 0.027 0.019
0 0.529 0.368 0.034 0.026
0 0.444 0.3565 0.012 0.009
0 0.402 0.3475 0.018 0.013
0 0.2935 0.352 0.037 0.028
0 0.358 0.3445 0.036 0.029
0 0.5075 0.3345 0.033 0.027
0 0.4455 0.325 0.031 0.024
0 0.402 0.311 0.034 0.026
