0 0.572 0.839 0.038 0.038
0 0.5145 0.828 0.029 0.022
0 0.4525 0.801 0.029 0.022
0 0.533 0.803 0.032 0.032
0 0.4605 0.773 0.029 0.022
0 0.5675 0.7585 0.053 0.029
0 0.7455 0.749 0.029 0.022
0 0.2025 0.738 0.029 0.022
0 0.603 0.732 0.018 0.016
0 0.7975 0.724 0.029 0.022
0 0.4185 0.718 0.029 0.022
0 0.5795 0.713 0.047 0.036
0 0.3155 0.702 0.029 0.022
0 0.6965 0.7015 0.029 0.021
0 0.7425 0.6985 0.029 0.021
0 0.5505 0.698 0.033 0.022
0 0.515 0.72 0.062 0.078
0 0.2905 0.689 0.029 0.022
0 0.7965 0.684 0.029 0.022
0 0.5405 0.6775 0.019 0.015
0 0.5865 0.6755 0.025 0.019
0 0.6225 0.675 0.025 0.018
0 0.647 0.683 0.058 0.042
0 0.8355 0.6695 0.029 0.021
0 0.4035 0.676 0.055 0.044
0 0.7025 0.6595 0.025 0.017
0 0.5625 0.657 0.033 0.018
0 0.5945 0.6515 0.019 0.015
0 0.3605 0.6495 0.025 0.019
0 0.271 0.6435 0.036 0.019
0 0.7415 0.639 0.039 0.018
0 0.512 0.6445 0.042 0.039
0 0.4815 0.639 0.025 0.03
0 0.5595 0.6305 0.019 0.015
0 0.4445 0.64 0.031 0.038
0 0.691 0.636 0.046 0.038
0 0.7855 0.625 0.025 0.018
0 0.6285 0.631 0.055 0.03
0 0.301 0.622 0.018 0.016
0 0.647 0.618 0.018 0.016
0 0.5285 0.618 0.019 0.016
0 0.584 0.6245 0.028 0.031
0 0.2545 0.612 0.019 0.016
0 0.386 0.6165 0.036 0.027
0 0.276 0.6085 0.018 0.015
0 0.674 0.608 0.018 0.016
0 0.598 0.608 0.018 0.016
0 0.426 0.61 0.03 0.024
0 0.7485 0.6045 0.025 0.019
0 0.5115 0.603 0.019 0.016
0 0.4905 0.6015 0.019 0.015
0 0.2035 0.609 0.079 0.03
0 0.4595 0.5955 0.019 0.015
0 0.7 0.593 0.024 0.018
0 0.2815 0.5915 0.019 0.015
0 0.8615 0.593 0.029 0.022
0 0.1975 0.589 0.035 0.016
0 0.8065 0.591 0.029 0.022
0 0.6365 0.5765 0.031 0.023
0 0.6855 0.566 0.049 0.044
0 0.4065 0.5475 0.017 0.013
0 0.4345 0.5405 0.017 0.011
0 0.6625 0.542 0.019 0.016
0 0.1895 0.542 0.029 0.022
0 0.3945 0.529 0.019 0.016
0 0.1425 0.532 0.029 0.022
0 0.6435 0.525 0.021 0.01
0 0.2545 0.5275 0.019 0.015
0 0.673 0.524 0.018 0.012
0 0.824 0.524 0.03 0.022
0 0.7885 0.516 0.029 0.022
0 0.0865 0.51 0.029 0.022
0 0.705 0.5095 0.03 0.023
0 0.2915 0.503 0.019 0.016
0 0.3095 0.487 0.019 0.016
0 0.123 0.484 0.03 0.022
0 0.7905 0.4815 0.025 0.019
0 0.6065 0.478 0.019 0.016
0 0.76 0.487 0.036 0.034
0 0.204 0.482 0.048 0.032
0 0.6395 0.4735 0.019 0.015
0 0.689 0.473 0.046 0.024
0 0.6215 0.4475 0.019 0.013
0 0.7865 0.453 0.103 0.038
0 0.7205 0.438 0.019 0.016
0 0.1945 0.437 0.045 0.022
0 0.3145 0.43 0.019 0.016
0 0.6935 0.429 0.029 0.022
0 0.8185 0.4255 0.025 0.019
0 0.6095 0.424 0.019 0.016
0 0.7525 0.4195 0.025 0.019
0 0.404 0.418 0.022 0.022
0 0.7215 0.4145 0.025 0.019
0 0.7795 0.409 0.029 0.022
0 0.1975 0.406 0.029 0.022
0 0.66 0.4095 0.048 0.029
0 0.7065 0.397 0.025 0.018
0 0.3265 0.388 0.039 0.022
0 0.7905 0.386 0.029 0.022
0 0.7435 0.376 0.029 0.022
0 0.5215 0.372 0.019 0.016
0 0.281 0.377 0.03 0.04
0 0.653 0.3625 0.018 0.015
0 0.698 0.368 0.044 0.028
0 0.799 0.363 0.05 0.03
0 0.5375 0.353 0.019 0.016
0 0.337 0.3475 0.034 0.029
0 0.2915 0.341 0.029 0.022
0 0.474 0.333 0.018 0.016
0 0.6035 0.3235 0.025 0.017
0 0.411 0.3395 0.08 0.059
0 0.495 0.309 0.038 0.028
0 0.4185 0.306 0.023 0.024
0 0.6325 0.3135 0.077 0.049
0 0.7 0.2945 0.03 0.021
0 0.524 0.291 0.03 0.022
0 0.4775 0.2945 0.059 0.053
0 0.549 0.277 0.03 0.022
0 0.5155 0.262 0.029 0.022
