1 0.549 0.856 0.02 0.016
1 0.4425 0.8565 0.037 0.031
1 0.4 0.842 0.02 0.016
1 0.5955 0.8415 0.021 0.015
1 0.3515 0.832 0.027 0.016
1 0.6905 0.8225 0.021 0.015
1 0.7465 0.8195 0.021 0.015
1 0.5145 0.822 0.043 0.02
1 0.4275 0.824 0.025 0.028
1 0.3255 0.8175 0.035 0.025
1 0.59 0.818 0.048 0.028
1 0.4385 0.799 0.021 0.016
1 0.5335 0.7975 0.037 0.015
1 0.6475 0.8035 0.023 0.039
1 0.4595 0.787 0.019 0.014
1 0.602 0.7845 0.02 0.015
1 0.25 0.786 0.05 0.024
1 0.7035 0.7805 0.021 0.015
1 0.5715 0.778 0.021 0.016
1 0.3405 0.785 0.031 0.03
1 0.3055 0.7895 0.027 0.043
1 0.2 0.775 0.02 0.016
1 0.7785 0.767 0.021 0.016
1 0.7165 0.7625 0.019 0.015
1 0.6955 0.7625 0.019 0.015
1 0.636 0.7605 0.038 0.015
1 0.6045 0.755 0.019 0.014
1 0.6705 0.755 0.019 0.014
1 0.3625 0.753 0.019 0.014
1 0.231 0.754 0.032 0.018
1 0.3915 0.75 0.019 0.014
1 0.653 0.74 0.018 0.014
1 0.4585 0.7375 0.019 0.015
1 0.3605 0.7375 0.019 0.015
1 0.6835 0.734 0.019 0.014
1 0.3915 0.731 0.019 0.014
1 0.284 0.733 0.024 0.022
1 0.7825 0.7225 0.021 0.015
1 0.1465 0.728 0.029 0.028
1 0.2635 0.72 0.019 0.014
1 0.7565 0.7195 0.021 0.015
1 0.6695 0.717 0.019 0.014
1 0.224 0.717 0.02 0.016
1 0.1925 0.706 0.021 0.016
1 0.327 0.705 0.018 0.014
1 0.3615 0.702 0.019 0.014
1 0.5875 0.716 0.067 0.048
1 0.126 0.6955 0.02 0.015
1 0.2715 0.694 0.019 0.014
1 0.3795 0.688 0.019 0.014
1 0.176 0.6875 0.02 0.015
1 0.2095 0.684 0.019 0.014
1 0.6395 0.676 0.021 0.016
1 0.7105 0.686 0.057 0.038
1 0.6605 0.662 0.019 0.014
1 0.7665 0.661 0.021 0.016
1 0.6935 0.6585 0.021 0.015
1 0.1805 0.654 0.021 0.016
1 0.848 0.653 0.02 0.016
1 0.8135 0.65 0.021 0.016
1 0.273 0.642 0.032 0.02
1 0.2345 0.635 0.021 0.016
1 0.2085 0.6345 0.021 0.015
1 0.6945 0.632 0.021 0.016
1 0.1805 0.631 0.021 0.016
1 0.9035 0.6225 0.021 0.015
1 0.2435 0.617 0.019 0.014
1 0.3575 0.614 0.013 0.01
1 0.2705 0.615 0.019 0.014
1 0.2125 0.61 0.021 0.016
1 0.3175 0.596 0.013 0.01
1 0.7845 0.597 0.021 0.016
1 0.868 0.6145 0.082 0.053
1 0.8215 0.5945 0.021 0.015
1 0.2925 0.594 0.019 0.014
1 0.2435 0.592 0.021 0.016
1 0.9225 0.5915 0.021 0.015
1 0.85 0.5805 0.02 0.015
1 0.876 0.572 0.02 0.016
1 0.784 0.578 0.1 0.032
1 0.1825 0.5655 0.021 0.015
1 0.2405 0.562 0.021 0.016
1 0.0915 0.562 0.021 0.016
1 0.149 0.56 0.02 0.016
1 0.7415 0.556 0.019 0.014
1 0.2195 0.553 0.021 0.016
1 0.7655 0.5515 0.021 0.015
1 0.3125 0.5345 0.013 0.009
1 0.1615 0.534 0.019 0.014
1 0.1345 0.53 0.019 0.014
1 0.8145 0.523 0.019 0.014
1 0.1665 0.5195 0.019 0.015
1 0.223 0.505 0.018 0.014
1 0.8105 0.498 0.019 0.014
1 0.7905 0.491 0.019 0.014
1 0.2115 0.491 0.019 0.014
1 0.1715 0.489 0.019 0.014
1 0.7665 0.4875 0.019 0.015
1 0.275 0.4835 0.012 0.009
1 0.299 0.484 0.018 0.014
1 0.7255 0.4865 0.035 0.023
1 0.077 0.4865 0.026 0.027
1 0.703 0.477 0.018 0.014
1 0.8165 0.4735 0.021 0.015
1 0.648 0.472 0.018 0.014
1 0.2 0.466 0.018 0.014
1 0.1625 0.466 0.019 0.014
1 0.2465 0.4705 0.041 0.029
1 0.8455 0.456 0.021 0.016
1 0.131 0.461 0.034 0.032
1 0.726 0.451 0.018 0.014
1 0.2075 0.451 0.019 0.014
1 0.7085 0.436 0.019 0.014
1 0.3785 0.434 0.015 0.018
1 0.8055 0.435 0.025 0.024
1 0.2685 0.4305 0.033 0.015
1 0.6935 0.423 0.019 0.014
1 0.3875 0.4195 0.013 0.009
1 0.7555 0.417 0.019 0.014
1 0.7315 0.416 0.019 0.014
1 0.2355 0.4215 0.025 0.025
1 0.354 0.4085 0.012 0.009
1 0.2745 0.4035 0.021 0.029
1 0.3605 0.389 0.013 0.01
1 0.7595 0.3835 0.021 0.015
1 0.6675 0.381 0.021 0.016
1 0.2065 0.38 0.019 0.014
1 0.7165 0.37 0.021 0.016
1 0.2775 0.3595 0.021 0.015
1 0.7365 0.3585 0.021 0.015
1 0.25 0.3585 0.02 0.015
1 0.5085 0.3555 0.021 0.015
1 0.3215 0.3625 0.037 0.029
1 0.699 0.3455 0.02 0.015
1 0.3375 0.342 0.021 0.016
1 0.4525 0.3445 0.041 0.025
1 0.5085 0.3375 0.021 0.015
1 0.3775 0.342 0.021 0.024
1 0.4215 0.332 0.021 0.016
1 0.6675 0.3265 0.021 0.015
1 0.3085 0.317 0.021 0.016
1 0.5455 0.313 0.021 0.016
1 0.498 0.312 0.02 0.016
1 0.4545 0.312 0.045 0.028
1 0.6585 0.303 0.021 0.016
1 0.5985 0.306 0.031 0.03
1 0.6955 0.297 0.021 0.016
1 0.4965 0.265 0.021 0.016
1 0.5 0.247 0.02 0.016
