0 0.5305 0.7375 0.031 0.023
0 0.499 0.707 0.032 0.024
0 0.1625 0.6635 0.037 0.027
0 0.4425 0.6385 0.031 0.023
0 0.599 0.6365 0.032 0.023
0 0.522 0.6265 0.032 0.023
0 0.5685 0.621 0.021 0.016
0 0.7925 0.6195 0.031 0.023
0 0.402 0.597 0.032 0.024
0 0.6115 0.589 0.031 0.024
0 0.5355 0.587 0.037 0.026
0 0.5825 0.5665 0.025 0.019
0 0.6595 0.568 0.031 0.024
0 0.4865 0.5655 0.025 0.019
0 0.3575 0.557 0.031 0.024
0 0.1425 0.5495 0.037 0.025
0 0.5465 0.5395 0.025 0.019
0 0.516 0.53 0.022 0.028
0 0.476 0.522 0.02 0.016
0 0.7015 0.5235 0.053 0.033
0 0.3905 0.513 0.027 0.028
0 0.5895 0.5055 0.021 0.015
0 0.4465 0.5045 0.021 0.015
0 0.4635 0.4955 0.015 0.011
0 0.3385 0.5005 0.037 0.023
0 0.288 0.5005 0.046 0.031
0 0.6315 0.492 0.021 0.016
0 0.7035 0.4945 0.031 0.023
0 0.3905 0.4875 0.015 0.011
0 0.452 0.4835 0.014 0.011
0 0.5845 0.485 0.021 0.016
0 0.5005 0.4945 0.029 0.035
0 0.472 0.4825 0.014 0.011
0 0.3325 0.476 0.021 0.016
0 0.6535 0.475 0.021 0.016
0 0.615 0.473 0.024 0.016
0 0.5085 0.4705 0.015 0.011
0 0.3665 0.4675 0.015 0.011
0 0.548 0.4605 0.014 0.011
0 0.4105 0.457 0.015 0.01
0 0.351 0.4565 0.014 0.011
0 0.3865 0.4555 0.015 0.011
0 0.6045 0.457 0.021 0.016
0 0.624 0.4495 0.012 0.009
0 0.574 0.459 0.034 0.032
0 0.4705 0.4595 0.051 0.041
0 0.65 0.446 0.02 0.016
0 0.6075 0.443 0.023 0.012
0 0.5095 0.4405 0.015 0.011
0 0.4345 0.4395 0.015 0.011
0 0.627 0.4385 0.012 0.009
0 0.3375 0.445 0.031 0.024
0 0.529 0.4455 0.034 0.027
0 0.674 0.4345 0.038 0.021
0 0.3095 0.431 0.021 0.016
0 0.6065 0.4285 0.025 0.011
0 0.4015 0.4345 0.049 0.025
0 0.546 0.4255 0.012 0.009
0 0.629 0.4225 0.014 0.011
0 0.519 0.4235 0.026 0.013
0 0.3565 0.42 0.025 0.016
0 0.502 0.4135 0.014 0.011
0 0.6175 0.4125 0.015 0.011
0 0.4195 0.4115 0.015 0.011
0 0.3065 0.414 0.021 0.016
0 0.4865 0.407 0.013 0.01
0 0.565 0.4175 0.016 0.033
0 0.4725 0.4195 0.057 0.037
0 0.2335 0.4095 0.025 0.019
0 0.523 0.4045 0.012 0.011
0 0.1865 0.41 0.031 0.024
0 0.638 0.4145 0.034 0.035
0 0.5985 0.4025 0.025 0.019
0 0.3605 0.3965 0.015 0.011
0 0.6725 0.3985 0.025 0.019
0 0.4855 0.3945 0.013 0.011
0 0.43 0.3975 0.042 0.019
0 0.396 0.4055 0.032 0.037
0 0.259 0.398 0.028 0.028
0 0.5435 0.3925 0.017 0.019
0 0.325 0.3885 0.014 0.011
0 0.583 0.3895 0.026 0.017
0 0.725 0.39 0.032 0.024
0 0.3645 0.3795 0.015 0.011
0 0.6325 0.3785 0.015 0.011
0 0.557 0.384 0.014 0.022
0 0.574 0.3765 0.012 0.011
0 0.4375 0.3745 0.015 0.011
0 0.6165 0.3705 0.013 0.009
0 0.251 0.3725 0.02 0.015
0 0.5925 0.3695 0.013 0.011
0 0.481 0.37 0.018 0.016
0 0.4095 0.3675 0.015 0.011
0 0.3635 0.3665 0.015 0.011
0 0.849 0.372 0.032 0.024
0 0.571 0.365 0.012 0.01
0 0.555 0.364 0.012 0.01
0 0.1625 0.367 0.031 0.024
0 0.3325 0.36 0.021 0.016
0 0.6315 0.3565 0.013 0.009
0 0.5295 0.361 0.017 0.018
0 0.452 0.357 0.012 0.01
0 0.401 0.3535 0.014 0.011
0 0.2215 0.359 0.053 0.022
0 0.1315 0.358 0.031 0.024
0 0.6185 0.347 0.013 0.01
0 0.5895 0.348 0.019 0.016
0 0.472 0.3425 0.012 0.011
0 0.6415 0.3405 0.015 0.011
0 0.5375 0.3355 0.013 0.011
0 0.325 0.3375 0.026 0.019
0 0.751 0.3365 0.032 0.023
0 0.4335 0.332 0.017 0.018
0 0.1795 0.3325 0.025 0.019
0 0.529 0.3255 0.012 0.009
0 0.499 0.3275 0.026 0.015
0 0.405 0.325 0.014 0.01
0 0.548 0.3275 0.02 0.019
0 0.453 0.3215 0.012 0.011
0 0.628 0.3195 0.014 0.011
0 0.4305 0.3185 0.023 0.013
0 0.596 0.3165 0.044 0.015
0 0.4105 0.3065 0.013 0.011
0 0.426 0.3045 0.012 0.011
0 0.136 0.3155 0.036 0.035
0 0.5405 0.3005 0.015 0.011
0 0.4365 0.2965 0.013 0.011
0 0.63 0.293 0.026 0.018
0 0.491 0.304 0.07 0.04
0 0.456 0.2895 0.012 0.011
0 0.3905 0.299 0.029 0.036
0 0.5705 0.293 0.031 0.032
0 0.225 0.286 0.032 0.024
0 0.533 0.283 0.018 0.02
0 0.481 0.281 0.014 0.016
0 0.623 0.2765 0.014 0.011
0 0.5915 0.275 0.013 0.01
0 0.497 0.275 0.012 0.01
0 0.4305 0.2735 0.015 0.011
0 0.356 0.2805 0.028 0.025
0 0.5135 0.2715 0.015 0.011
0 0.5525 0.2745 0.023 0.019
0 0.4435 0.2675 0.021 0.021
0 0.7115 0.2665 0.031 0.023
0 0.4185 0.2525 0.015 0.011
0 0.6515 0.2545 0.025 0.019
0 0.5185 0.2525 0.025 0.019
0 0.444 0.2465 0.012 0.011
0 0.5855 0.246 0.027 0.016
0 0.546 0.243 0.014 0.01
0 0.467 0.2405 0.022 0.015
0 0.495 0.242 0.032 0.026
0 0.5145 0.2325 0.013 0.011
0 0.529 0.225 0.014 0.01
0 0.4805 0.2215 0.015 0.011
0 0.6275 0.2165 0.021 0.015
0 0.6045 0.2165 0.021 0.015
0 0.5435 0.2135 0.015 0.011
0 0.562 0.219 0.028 0.026
0 0.527 0.2115 0.012 0.011
0 0.8425 0.214 0.031 0.024
0 0.4575 0.205 0.021 0.014
0 0.0645 0.2095 0.031 0.023
0 0.5085 0.2015 0.013 0.009
0 0.496 0.197 0.012 0.01
0 0.6205 0.1945 0.025 0.019
0 0.3685 0.1945 0.031 0.023
0 0.6655 0.1915 0.031 0.023
0 0.439 0.1895 0.026 0.023
0 0.4095 0.1875 0.025 0.019
0 0.5095 0.185 0.021 0.016
0 0.4605 0.168 0.021 0.016
0 0.575 0.162 0.05 0.022
0 0.3795 0.154 0.031 0.024
0 0.5055 0.1495 0.025 0.019
0 0.626 0.133 0.032 0.024
0 0.5525 0.1385 0.041 0.037
0 0.4465 0.132 0.031 0.024
0 0.4905 0.1085 0.031 0.023
