7 0.6165 0.7265 0.045 0.031
7 0.6335 0.698 0.029 0.022
7 0.6955 0.6945 0.031 0.043
7 0.4695 0.6515 0.029 0.021
7 0.8595 0.643 0.029 0.022
7 0.5355 0.636 0.029 0.022
7 0.3965 0.622 0.029 0.022
7 0.4695 0.621 0.029 0.022
7 0.5705 0.612 0.029 0.022
7 0.5125 0.61 0.035 0.026
7 0.826 0.602 0.03 0.022
7 0.2345 0.6 0.029 0.022
7 0.55 0.589 0.024 0.026
7 0.801 0.586 0.03 0.022
7 0.676 0.584 0.03 0.022
7 0.424 0.5805 0.03 0.021
7 0.6315 0.5735 0.025 0.019
7 0.2685 0.5815 0.043 0.035
7 0.8295 0.571 0.029 0.022
7 0.55 0.565 0.02 0.016
7 0.5775 0.5655 0.025 0.019
7 0.5225 0.5615 0.025 0.019
7 0.2565 0.55 0.029 0.022
7 0.699 0.548 0.03 0.022
7 0.5585 0.544 0.033 0.024
7 0.5175 0.538 0.019 0.014
7 0.4765 0.5515 0.061 0.049
7 0.5385 0.5285 0.017 0.011
7 0.6275 0.541 0.063 0.042
7 0.374 0.522 0.02 0.016
7 0.7865 0.524 0.029 0.022
7 0.3075 0.5255 0.055 0.027
7 0.454 0.5205 0.046 0.023
7 0.7085 0.517 0.029 0.022
7 0.6 0.51 0.018 0.014
7 0.397 0.5275 0.06 0.055
7 0.326 0.505 0.018 0.014
7 0.5835 0.491 0.019 0.014
7 0.8175 0.491 0.029 0.022
7 0.5575 0.4875 0.019 0.015
7 0.6335 0.493 0.063 0.026
7 0.4085 0.486 0.019 0.014
7 0.4455 0.491 0.031 0.028
7 0.4825 0.482 0.019 0.012
7 0.3515 0.482 0.025 0.018
7 0.6095 0.474 0.035 0.016
7 0.505 0.4905 0.074 0.053
7 0.7335 0.466 0.019 0.014
7 0.455 0.4645 0.014 0.011
7 0.8205 0.466 0.029 0.022
7 0.3065 0.466 0.029 0.022
7 0.6935 0.473 0.055 0.044
7 0.6505 0.4595 0.021 0.021
7 0.3715 0.457 0.021 0.016
7 0.3945 0.456 0.021 0.016
7 0.5605 0.45 0.021 0.016
7 0.6165 0.446 0.019 0.012
7 0.686 0.449 0.03 0.02
7 0.762 0.445 0.04 0.02
7 0.4085 0.439 0.025 0.018
7 0.495 0.445 0.042 0.034
7 0.1925 0.437 0.029 0.022
7 0.538 0.4385 0.02 0.027
7 0.367 0.435 0.048 0.026
7 0.576 0.428 0.02 0.016
7 0.3215 0.4355 0.029 0.031
7 0.6045 0.4265 0.021 0.015
7 0.4325 0.418 0.021 0.012
7 0.645 0.422 0.03 0.026
7 0.4 0.416 0.016 0.014
7 0.5395 0.4135 0.019 0.013
7 0.4525 0.4385 0.061 0.063
7 0.2405 0.417 0.029 0.022
7 0.7235 0.4135 0.025 0.019
7 0.692 0.413 0.02 0.02
7 0.4955 0.41 0.019 0.014
7 0.2875 0.413 0.029 0.022
7 0.7555 0.401 0.029 0.022
7 0.4145 0.3975 0.021 0.015
7 0.6655 0.402 0.029 0.028
7 0.377 0.394 0.018 0.014
7 0.3415 0.4025 0.041 0.035
7 0.224 0.39 0.03 0.022
7 0.508 0.385 0.03 0.018
7 0.715 0.3875 0.048 0.029
7 0.571 0.3955 0.038 0.045
7 0.4695 0.3885 0.045 0.043
7 0.4055 0.378 0.029 0.022
7 0.6055 0.3885 0.051 0.059
7 0.552 0.359 0.018 0.014
7 0.526 0.359 0.018 0.014
7 0.2915 0.3625 0.029 0.021
7 0.7885 0.359 0.029 0.022
7 0.651 0.357 0.022 0.022
7 0.8285 0.353 0.029 0.022
7 0.688 0.362 0.036 0.042
7 0.2025 0.3515 0.029 0.021
7 0.5095 0.3515 0.027 0.027
7 0.3375 0.348 0.029 0.022
7 0.623 0.341 0.03 0.022
7 0.4735 0.3365 0.025 0.019
7 0.6905 0.325 0.025 0.018
7 0.7905 0.3125 0.029 0.021
7 0.639 0.311 0.038 0.036
7 0.4355 0.289 0.029 0.022
7 0.5895 0.2485 0.029 0.021
7 0.5385 0.175 0.029 0.022
