4 0.5135 0.9175 0.067 0.097
4 0.657 0.8585 0.058 0.043
4 0.418 0.8505 0.052 0.039
4 0.71 0.7525 0.052 0.039
4 0.565 0.7445 0.052 0.039
4 0.398 0.7085 0.052 0.039
4 0.654 0.699 0.038 0.028
4 0.309 0.7025 0.052 0.039
4 0.5825 0.691 0.037 0.028
4 0.6315 0.678 0.021 0.016
4 0.521 0.676 0.038 0.028
4 0.5925 0.664 0.015 0.012
4 0.7075 0.666 0.037 0.028
4 0.595 0.649 0.014 0.012
4 0.7275 0.646 0.021 0.016
4 0.475 0.6555 0.04 0.037
4 0.3 0.6565 0.052 0.039
4 0.6125 0.6415 0.023 0.015
4 0.5925 0.633 0.015 0.012
4 0.7885 0.637 0.037 0.028
4 0.7385 0.628 0.021 0.016
4 0.5325 0.627 0.021 0.018
4 0.693 0.615 0.032 0.01
4 0.497 0.63 0.036 0.04
4 0.569 0.616 0.016 0.014
4 0.6295 0.6145 0.019 0.011
4 0.6085 0.6065 0.017 0.011
4 0.5155 0.596 0.015 0.012
4 0.4935 0.5915 0.015 0.013
4 0.833 0.6 0.052 0.04
4 0.477 0.5865 0.014 0.013
4 0.576 0.5835 0.014 0.013
4 0.5285 0.5825 0.019 0.013
4 0.751 0.574 0.02 0.016
4 0.6055 0.575 0.021 0.024
4 0.5165 0.568 0.015 0.012
4 0.476 0.565 0.014 0.012
4 0.6635 0.5625 0.025 0.015
4 0.6945 0.559 0.025 0.012
4 0.577 0.561 0.032 0.018
4 0.554 0.5515 0.014 0.013
4 0.6655 0.5485 0.015 0.013
4 0.5905 0.5485 0.015 0.013
4 0.5355 0.5485 0.015 0.013
4 0.642 0.549 0.016 0.016
4 0.749 0.5485 0.02 0.015
4 0.6235 0.552 0.017 0.028
4 0.5185 0.542 0.015 0.012
4 0.49 0.533 0.028 0.014
4 0.6335 0.529 0.015 0.012
4 0.5855 0.526 0.015 0.012
4 0.734 0.5325 0.038 0.039
4 0.4585 0.521 0.029 0.022
4 0.652 0.52 0.018 0.024
4 0.6905 0.508 0.021 0.016
4 0.6355 0.506 0.015 0.012
4 0.607 0.518 0.024 0.036
4 0.4335 0.506 0.029 0.022
4 0.7175 0.5055 0.029 0.021
4 0.5505 0.5085 0.047 0.031
4 0.6595 0.4905 0.021 0.015
4 0.379 0.4975 0.052 0.039
4 0.5685 0.485 0.021 0.016
4 0.6345 0.475 0.021 0.016
4 0.321 0.4785 0.052 0.039
4 0.5385 0.468 0.037 0.028
4 0.599 0.457 0.038 0.028
4 0.699 0.448 0.038 0.028
4 0.6585 0.436 0.037 0.028
4 0.67 0.3875 0.052 0.039
