7 0.4545 0.8655 0.031 0.023
7 0.4315 0.8085 0.031 0.023
7 0.3815 0.8105 0.061 0.027
7 0.3355 0.8025 0.031 0.023
7 0.2885 0.7795 0.031 0.023
7 0.424 0.758 0.032 0.024
7 0.626 0.7505 0.032 0.023
7 0.5825 0.75 0.031 0.024
7 0.6045 0.7295 0.031 0.023
7 0.527 0.729 0.032 0.024
7 0.368 0.735 0.082 0.048
7 0.4815 0.719 0.027 0.02
7 0.264 0.725 0.05 0.038
7 0.203 0.712 0.038 0.03
7 0.4415 0.7 0.027 0.02
7 0.57 0.7035 0.042 0.031
7 0.5825 0.68 0.027 0.02
7 0.4625 0.678 0.023 0.034
7 0.273 0.665 0.032 0.024
7 0.366 0.6735 0.066 0.043
7 0.6845 0.66 0.031 0.024
7 0.426 0.6655 0.03 0.037
7 0.48 0.6525 0.022 0.019
7 0.3205 0.6515 0.027 0.021
7 0.5855 0.649 0.031 0.026
7 0.349 0.649 0.03 0.03
7 0.5325 0.6415 0.021 0.017
7 0.224 0.6345 0.048 0.031
7 0.4805 0.6225 0.015 0.011
7 0.741 0.626 0.034 0.03
7 0.452 0.6125 0.014 0.011
7 0.4125 0.6115 0.015 0.011
7 0.636 0.6205 0.07 0.031
7 0.5825 0.6095 0.021 0.017
7 0.4375 0.6045 0.015 0.011
7 0.525 0.6115 0.04 0.027
7 0.471 0.6035 0.014 0.011
7 0.149 0.6095 0.032 0.023
7 0.2035 0.606 0.027 0.02
7 0.404 0.5975 0.014 0.011
7 0.299 0.5985 0.02 0.017
7 0.573 0.5935 0.014 0.011
7 0.6 0.5925 0.014 0.011
7 0.263 0.595 0.026 0.026
7 0.8345 0.592 0.031 0.024
7 0.777 0.59 0.032 0.024
7 0.578 0.5815 0.014 0.011
7 0.495 0.5805 0.014 0.011
7 0.3285 0.5825 0.021 0.017
7 0.526 0.5815 0.02 0.017
7 0.4215 0.585 0.021 0.026
7 0.4555 0.586 0.019 0.03
7 0.3525 0.585 0.023 0.03
7 0.3055 0.5745 0.021 0.017
7 0.6295 0.5765 0.019 0.023
7 0.7485 0.574 0.027 0.02
7 0.387 0.595 0.042 0.062
7 0.679 0.589 0.058 0.052
7 0.2595 0.5705 0.021 0.017
7 0.6065 0.5665 0.015 0.011
7 0.497 0.5615 0.014 0.011
7 0.579 0.5605 0.014 0.011
7 0.1535 0.565 0.031 0.024
7 0.48 0.5615 0.018 0.021
7 0.4325 0.5525 0.015 0.011
7 0.7815 0.5565 0.031 0.023
7 0.2865 0.5535 0.021 0.017
7 0.3305 0.5555 0.039 0.029
7 0.2175 0.5545 0.033 0.039
7 0.2685 0.5415 0.021 0.017
7 0.47 0.5425 0.042 0.031
7 0.4085 0.5285 0.015 0.011
7 0.6305 0.5275 0.015 0.011
7 0.3815 0.533 0.021 0.028
7 0.4435 0.5235 0.021 0.019
7 0.6145 0.5175 0.015 0.011
7 0.4695 0.5185 0.025 0.015
7 0.223 0.523 0.048 0.024
7 0.176 0.5225 0.032 0.023
7 0.5915 0.5145 0.015 0.011
7 0.4215 0.516 0.019 0.014
7 0.522 0.5125 0.014 0.011
7 0.6915 0.5275 0.065 0.049
7 0.7325 0.521 0.037 0.038
7 0.6355 0.5065 0.015 0.011
7 0.5635 0.5085 0.029 0.015
7 0.6115 0.5045 0.029 0.013
7 0.473 0.5035 0.014 0.011
7 0.5 0.5 0.014 0.01
7 0.1445 0.5055 0.031 0.023
7 0.3425 0.5005 0.021 0.017
7 0.3015 0.5055 0.027 0.035
7 0.5175 0.4915 0.015 0.011
7 0.751 0.496 0.032 0.024
7 0.471 0.4895 0.014 0.011
7 0.6705 0.4905 0.027 0.021
7 0.6315 0.486 0.019 0.014
7 0.5915 0.484 0.019 0.014
7 0.1825 0.4865 0.031 0.023
7 0.4445 0.48 0.019 0.014
7 0.7965 0.4815 0.031 0.023
7 0.5125 0.4675 0.015 0.011
7 0.4855 0.467 0.019 0.014
7 0.3185 0.4705 0.031 0.023
7 0.3955 0.473 0.041 0.036
7 0.544 0.46 0.04 0.036
7 0.256 0.454 0.06 0.024
7 0.123 0.4515 0.032 0.023
7 0.576 0.4425 0.014 0.011
7 0.503 0.437 0.018 0.014
7 0.477 0.435 0.018 0.026
7 0.4355 0.428 0.027 0.02
7 0.6385 0.438 0.047 0.048
7 0.323 0.4235 0.032 0.023
7 0.4965 0.4125 0.027 0.021
7 0.5535 0.4095 0.031 0.023
7 0.4675 0.399 0.027 0.02
7 0.3 0.3955 0.032 0.023
7 0.5805 0.3835 0.031 0.023
7 0.751 0.3815 0.032 0.023
7 0.1905 0.3665 0.031 0.023
7 0.627 0.365 0.032 0.024
7 0.5315 0.3515 0.031 0.023
7 0.501 0.3065 0.032 0.023
