4 0.403 0.8465 0.058 0.089
4 0.577 0.8175 0.042 0.031
4 0.3415 0.7525 0.041 0.031
4 0.678 0.7265 0.042 0.031
4 0.532 0.6835 0.042 0.031
4 0.636 0.6495 0.048 0.047
4 0.575 0.633 0.038 0.03
4 0.8155 0.63 0.039 0.03
4 0.732 0.6305 0.058 0.035
4 0.6725 0.6125 0.025 0.017
4 0.6955 0.607 0.015 0.014
4 0.3845 0.6055 0.041 0.031
4 0.603 0.603 0.03 0.03
4 0.878 0.6035 0.042 0.031
4 0.523 0.602 0.034 0.028
4 0.7575 0.5905 0.019 0.013
4 0.825 0.586 0.018 0.012
4 0.6135 0.5795 0.019 0.013
4 0.7345 0.5825 0.025 0.025
4 0.8065 0.575 0.019 0.012
4 0.8335 0.572 0.019 0.012
4 0.5935 0.571 0.019 0.012
4 0.301 0.579 0.042 0.032
4 0.6635 0.572 0.021 0.02
4 0.4845 0.5715 0.035 0.031
4 0.8095 0.557 0.019 0.012
4 0.7905 0.5565 0.017 0.019
4 0.6405 0.553 0.019 0.012
4 0.678 0.5465 0.014 0.011
4 0.651 0.544 0.02 0.012
4 0.626 0.5415 0.018 0.013
4 0.7835 0.5355 0.015 0.011
4 0.517 0.551 0.042 0.042
4 0.7645 0.527 0.021 0.014
4 0.6205 0.524 0.019 0.012
4 0.5555 0.522 0.019 0.012
4 0.3105 0.5315 0.041 0.031
4 0.8115 0.5255 0.041 0.023
4 0.7625 0.5125 0.019 0.013
4 0.8095 0.5105 0.015 0.011
4 0.7335 0.5095 0.019 0.013
4 0.7075 0.5085 0.015 0.011
4 0.575 0.511 0.026 0.02
4 0.6205 0.5065 0.025 0.017
4 0.6675 0.4995 0.015 0.011
4 0.5665 0.492 0.019 0.012
4 0.652 0.49 0.018 0.012
4 0.7105 0.4825 0.015 0.011
4 0.623 0.4875 0.022 0.021
4 0.731 0.4865 0.024 0.021
4 0.599 0.478 0.018 0.012
4 0.5225 0.4925 0.041 0.051
4 0.795 0.475 0.046 0.024
4 0.7345 0.468 0.019 0.012
4 0.6605 0.4655 0.019 0.013
4 0.5825 0.465 0.019 0.012
4 0.7205 0.4545 0.019 0.013
4 0.686 0.46 0.032 0.04
4 0.5545 0.4505 0.031 0.023
4 0.7555 0.443 0.019 0.012
4 0.64 0.442 0.024 0.024
4 0.5345 0.432 0.029 0.02
4 0.7355 0.4225 0.031 0.023
4 0.6585 0.4165 0.031 0.023
4 0.5095 0.408 0.031 0.024
4 0.703 0.394 0.04 0.03
4 0.6365 0.393 0.039 0.03
4 0.796 0.398 0.074 0.05
4 0.456 0.3845 0.042 0.031
4 0.4095 0.3525 0.041 0.031
4 0.817 0.3385 0.042 0.031
