1 0.5795 0.806 0.021 0.016
1 0.5555 0.8025 0.021 0.015
1 0.5275 0.801 0.021 0.016
1 0.6935 0.796 0.021 0.016
1 0.6305 0.785 0.021 0.016
1 0.4905 0.783 0.021 0.016
1 0.4165 0.78 0.021 0.016
1 0.5145 0.776 0.021 0.016
1 0.5405 0.768 0.021 0.016
1 0.6655 0.75 0.021 0.016
1 0.4215 0.749 0.021 0.016
1 0.2795 0.749 0.021 0.016
1 0.4545 0.7485 0.021 0.015
1 0.1675 0.7485 0.021 0.015
1 0.576 0.746 0.02 0.016
1 0.4865 0.743 0.019 0.014
1 0.523 0.732 0.018 0.014
1 0.1905 0.732 0.021 0.016
1 0.6375 0.731 0.021 0.016
1 0.4395 0.726 0.019 0.014
1 0.5 0.72 0.018 0.014
1 0.7905 0.718 0.021 0.016
1 0.6805 0.718 0.021 0.016
1 0.355 0.718 0.022 0.024
1 0.377 0.712 0.018 0.014
1 0.6405 0.711 0.019 0.014
1 0.228 0.71 0.038 0.018
1 0.5635 0.704 0.019 0.014
1 0.497 0.703 0.018 0.014
1 0.6715 0.702 0.019 0.014
1 0.312 0.7065 0.034 0.035
1 0.7805 0.696 0.021 0.016
1 0.7115 0.693 0.019 0.014
1 0.224 0.6915 0.02 0.015
1 0.6885 0.688 0.019 0.014
1 0.8035 0.688 0.021 0.016
1 0.3605 0.6865 0.037 0.017
1 0.875 0.6835 0.02 0.015
1 0.5715 0.681 0.019 0.014
1 0.6335 0.677 0.019 0.014
1 0.1685 0.674 0.021 0.016
1 0.7585 0.671 0.019 0.014
1 0.547 0.668 0.012 0.01
1 0.3315 0.67 0.019 0.014
1 0.7335 0.666 0.019 0.014
1 0.248 0.6685 0.02 0.023
1 0.405 0.661 0.012 0.01
1 0.7815 0.662 0.019 0.014
1 0.629 0.661 0.044 0.018
1 0.3605 0.6615 0.021 0.023
1 0.5595 0.6525 0.013 0.009
1 0.538 0.654 0.03 0.024
1 0.4125 0.646 0.013 0.01
1 0.7125 0.648 0.019 0.014
1 0.689 0.652 0.026 0.022
1 0.646 0.6445 0.014 0.011
1 0.454 0.6425 0.012 0.009
1 0.385 0.646 0.014 0.018
1 0.3625 0.6415 0.013 0.009
1 0.1795 0.6405 0.021 0.015
1 0.8215 0.639 0.021 0.016
1 0.405 0.636 0.012 0.01
1 0.679 0.6325 0.014 0.011
1 0.152 0.635 0.02 0.016
1 0.7425 0.631 0.019 0.014
1 0.5395 0.627 0.015 0.016
1 0.1345 0.6225 0.021 0.015
1 0.412 0.6195 0.02 0.015
1 0.4675 0.6165 0.013 0.009
1 0.1025 0.615 0.043 0.018
1 0.2655 0.603 0.019 0.014
1 0.7855 0.602 0.035 0.014
1 0.4115 0.5995 0.013 0.009
1 0.8675 0.6215 0.053 0.061
1 0.6145 0.5945 0.013 0.009
1 0.752 0.596 0.018 0.014
1 0.455 0.597 0.032 0.016
1 0.5625 0.586 0.013 0.01
1 0.4185 0.5855 0.015 0.011
1 0.528 0.5845 0.012 0.009
1 0.373 0.5835 0.012 0.009
1 0.2345 0.602 0.025 0.046
1 0.2825 0.582 0.019 0.014
1 0.6915 0.5785 0.015 0.011
1 0.4105 0.5765 0.013 0.009
1 0.0785 0.574 0.021 0.016
1 0.828 0.5895 0.038 0.047
1 0.375 0.5695 0.012 0.009
1 0.781 0.5745 0.028 0.023
1 0.355 0.5655 0.014 0.011
1 0.8695 0.567 0.021 0.016
1 0.257 0.5675 0.022 0.025
1 0.204 0.5675 0.074 0.025
1 0.7645 0.5595 0.015 0.011
1 0.421 0.557 0.012 0.01
1 0.6405 0.5565 0.013 0.009
1 0.2835 0.558 0.023 0.016
1 0.4405 0.553 0.013 0.01
1 0.8365 0.5525 0.021 0.015
1 0.727 0.55 0.018 0.014
1 0.6315 0.546 0.013 0.01
1 0.8015 0.548 0.027 0.018
1 0.315 0.546 0.034 0.014
1 0.683 0.5535 0.022 0.031
1 0.497 0.5415 0.012 0.009
1 0.2115 0.5445 0.021 0.015
1 0.355 0.5395 0.014 0.011
1 0.445 0.539 0.02 0.012
1 0.2585 0.538 0.019 0.014
1 0.621 0.533 0.012 0.01
1 0.7335 0.534 0.019 0.014
1 0.605 0.5315 0.012 0.009
1 0.426 0.5355 0.012 0.019
1 0.397 0.528 0.012 0.01
1 0.6325 0.525 0.013 0.01
1 0.2835 0.529 0.021 0.02
1 0.504 0.526 0.014 0.016
1 0.348 0.5225 0.014 0.011
1 0.5915 0.5195 0.013 0.009
1 0.7185 0.5185 0.013 0.009
1 0.3685 0.5195 0.015 0.011
1 0.6955 0.518 0.013 0.018
1 0.4145 0.5125 0.019 0.015
1 0.7125 0.5095 0.013 0.009
1 0.2615 0.512 0.027 0.014
1 0.748 0.509 0.018 0.014
1 0.1655 0.5095 0.021 0.015
1 0.6805 0.5025 0.023 0.013
1 0.355 0.5 0.014 0.01
1 0.7815 0.5115 0.069 0.039
1 0.6395 0.497 0.013 0.01
1 0.704 0.4945 0.014 0.011
1 0.2285 0.497 0.021 0.016
1 0.6575 0.493 0.015 0.01
1 0.685 0.4895 0.024 0.011
1 0.625 0.4925 0.012 0.017
1 0.6395 0.4845 0.013 0.009
1 0.2885 0.4845 0.023 0.013
1 0.2125 0.4835 0.021 0.015
1 0.798 0.483 0.02 0.016
1 0.3105 0.4785 0.015 0.011
1 0.6905 0.4755 0.015 0.011
1 0.3335 0.493 0.033 0.046
1 0.624 0.4735 0.012 0.009
1 0.571 0.4725 0.012 0.009
1 0.6435 0.4715 0.015 0.011
1 0.3175 0.4665 0.015 0.011
1 0.35 0.4655 0.014 0.011
1 0.7585 0.467 0.021 0.016
1 0.4845 0.4635 0.015 0.011
1 0.1635 0.4655 0.021 0.015
1 0.1385 0.465 0.021 0.016
1 0.385 0.4595 0.03 0.027
1 0.349 0.4465 0.014 0.011
1 0.247 0.4465 0.014 0.011
1 0.2195 0.447 0.021 0.016
1 0.7795 0.4455 0.021 0.015
1 0.7335 0.444 0.019 0.014
1 0.279 0.4415 0.014 0.011
1 0.5425 0.4355 0.015 0.011
1 0.2935 0.4345 0.015 0.011
1 0.6905 0.427 0.019 0.014
1 0.3395 0.4255 0.015 0.011
1 0.775 0.4265 0.02 0.015
1 0.6695 0.425 0.019 0.014
1 0.3175 0.4235 0.015 0.011
1 0.5115 0.4205 0.015 0.011
1 0.5325 0.4105 0.015 0.011
1 0.1655 0.411 0.021 0.016
1 0.4635 0.4045 0.015 0.011
1 0.4885 0.4035 0.015 0.011
1 0.3675 0.414 0.025 0.032
1 0.7715 0.404 0.021 0.016
1 0.709 0.4005 0.034 0.019
1 0.1795 0.3955 0.021 0.015
1 0.57 0.4005 0.044 0.027
1 0.6105 0.3955 0.027 0.019
1 0.3175 0.393 0.027 0.016
1 0.6555 0.385 0.019 0.014
1 0.7355 0.391 0.029 0.028
1 0.6885 0.3845 0.027 0.017
1 0.462 0.3855 0.02 0.019
1 0.2845 0.379 0.019 0.014
1 0.5675 0.375 0.019 0.014
1 0.501 0.3735 0.014 0.011
1 0.425 0.377 0.018 0.018
1 0.3055 0.371 0.019 0.014
1 0.327 0.3635 0.014 0.011
1 0.553 0.364 0.018 0.014
1 0.4 0.3755 0.03 0.041
1 0.3595 0.3605 0.029 0.011
1 0.6205 0.357 0.019 0.014
1 0.4125 0.351 0.021 0.016
1 0.566 0.346 0.028 0.016
1 0.4965 0.3455 0.021 0.015
1 0.2445 0.344 0.021 0.016
1 0.687 0.3505 0.038 0.039
1 0.364 0.3425 0.044 0.025
1 0.3195 0.3385 0.039 0.017
1 0.273 0.3425 0.032 0.031
1 0.451 0.3305 0.02 0.015
1 0.5155 0.329 0.019 0.014
1 0.5665 0.323 0.019 0.014
1 0.3675 0.317 0.029 0.016
1 0.4845 0.312 0.021 0.016
1 0.417 0.32 0.042 0.036
1 0.33 0.3085 0.042 0.021
1 0.506 0.297 0.028 0.022
1 0.4625 0.289 0.037 0.026
1 0.4285 0.2835 0.021 0.015
1 0.3775 0.2835 0.021 0.015
1 0.55 0.269 0.044 0.032
