4 0.4085 0.9155 0.051 0.077
4 0.5615 0.884 0.037 0.028
4 0.349 0.835 0.038 0.028
4 0.646 0.801 0.038 0.028
4 0.5145 0.765 0.037 0.028
4 0.604 0.7325 0.044 0.041
4 0.5485 0.7185 0.025 0.019
4 0.6815 0.7135 0.047 0.031
4 0.7365 0.7055 0.061 0.035
4 0.378 0.702 0.038 0.028
4 0.5005 0.6945 0.031 0.029
4 0.5665 0.694 0.025 0.028
4 0.6305 0.69 0.049 0.032
4 0.803 0.686 0.038 0.028
4 0.6925 0.6775 0.027 0.013
4 0.5875 0.678 0.033 0.024
4 0.3 0.679 0.038 0.028
4 0.676 0.6685 0.014 0.017
4 0.616 0.663 0.018 0.016
4 0.4655 0.667 0.033 0.03
4 0.754 0.666 0.042 0.03
4 0.6 0.649 0.014 0.01
4 0.579 0.656 0.054 0.024
4 0.533 0.6535 0.038 0.021
4 0.7395 0.647 0.019 0.014
4 0.4825 0.645 0.019 0.014
4 0.4995 0.6385 0.019 0.013
4 0.7145 0.6385 0.021 0.025
4 0.617 0.637 0.048 0.028
4 0.3065 0.635 0.037 0.028
4 0.578 0.622 0.016 0.012
4 0.5205 0.621 0.019 0.014
4 0.63 0.6085 0.016 0.011
4 0.668 0.6095 0.024 0.015
4 0.737 0.6145 0.042 0.033
4 0.4935 0.609 0.031 0.024
4 0.5805 0.603 0.017 0.024
4 0.5315 0.606 0.023 0.03
4 0.5695 0.587 0.015 0.012
4 0.554 0.5835 0.016 0.013
4 0.4945 0.5855 0.025 0.019
4 0.665 0.5835 0.018 0.029
4 0.7195 0.5765 0.045 0.019
4 0.6165 0.5755 0.037 0.021
4 0.5405 0.572 0.019 0.014
4 0.6305 0.558 0.019 0.014
4 0.5915 0.558 0.019 0.014
4 0.5725 0.536 0.025 0.018
4 0.6675 0.5345 0.025 0.019
4 0.6045 0.5305 0.025 0.019
4 0.4965 0.5425 0.069 0.053
4 0.6415 0.51 0.035 0.026
4 0.5855 0.51 0.035 0.026
4 0.7185 0.5115 0.065 0.043
4 0.427 0.504 0.038 0.028
4 0.3845 0.48 0.037 0.028
4 0.728 0.462 0.038 0.028
