5 0.483 0.8405 0.042 0.031
5 0.706 0.7745 0.042 0.031
5 0.6635 0.7525 0.041 0.031
5 0.6085 0.7015 0.031 0.023
5 0.2595 0.7015 0.041 0.031
5 0.745 0.6955 0.042 0.031
5 0.1805 0.683 0.063 0.056
5 0.5955 0.662 0.029 0.022
5 0.4625 0.661 0.029 0.022
5 0.724 0.6585 0.032 0.023
5 0.4135 0.6445 0.029 0.021
5 0.6595 0.635 0.029 0.022
5 0.4965 0.6305 0.023 0.017
5 0.5965 0.625 0.023 0.018
5 0.525 0.6235 0.022 0.017
5 0.6365 0.6185 0.029 0.025
5 0.4795 0.6105 0.023 0.017
5 0.4405 0.6055 0.023 0.017
5 0.552 0.603 0.018 0.014
5 0.126 0.611 0.042 0.032
5 0.5835 0.5995 0.013 0.011
5 0.6175 0.6015 0.015 0.017
5 0.655 0.5965 0.012 0.011
5 0.5605 0.5855 0.013 0.011
5 0.539 0.5875 0.026 0.019
5 0.6575 0.5825 0.013 0.011
5 0.3965 0.5845 0.023 0.017
5 0.223 0.586 0.044 0.022
5 0.602 0.583 0.016 0.018
5 0.578 0.581 0.024 0.022
5 0.1755 0.581 0.045 0.022
5 0.4705 0.5695 0.019 0.015
5 0.6695 0.569 0.027 0.014
5 0.442 0.573 0.024 0.028
5 0.5685 0.5635 0.015 0.011
5 0.5165 0.5695 0.025 0.029
5 0.4925 0.561 0.019 0.014
5 0.2685 0.564 0.029 0.022
5 0.2345 0.561 0.029 0.022
5 0.549 0.558 0.022 0.02
5 0.3865 0.5605 0.037 0.027
5 0.6065 0.558 0.043 0.034
5 0.472 0.5465 0.014 0.011
5 0.64 0.5545 0.022 0.029
5 0.7005 0.5475 0.039 0.027
5 0.53 0.537 0.028 0.018
5 0.611 0.532 0.05 0.012
5 0.6605 0.525 0.027 0.018
5 0.4135 0.5285 0.029 0.025
5 0.1955 0.527 0.029 0.022
5 0.4425 0.5175 0.017 0.015
5 0.3535 0.5165 0.023 0.017
5 0.531 0.519 0.052 0.024
5 0.245 0.523 0.056 0.032
5 0.7885 0.511 0.029 0.022
5 0.598 0.506 0.018 0.012
5 0.621 0.51 0.048 0.024
5 0.7155 0.4995 0.023 0.017
5 0.649 0.497 0.018 0.014
5 0.543 0.4975 0.02 0.015
5 0.5015 0.497 0.025 0.016
5 0.569 0.497 0.024 0.018
5 0.4685 0.4955 0.019 0.015
5 0.3085 0.4945 0.023 0.017
5 0.3485 0.4945 0.051 0.021
5 0.679 0.487 0.034 0.014
5 0.454 0.4855 0.024 0.021
5 0.48 0.481 0.02 0.02
5 0.7135 0.4765 0.023 0.017
5 0.606 0.4715 0.012 0.011
5 0.6355 0.4695 0.017 0.013
5 0.6865 0.467 0.017 0.012
5 0.383 0.4735 0.024 0.025
5 0.415 0.4675 0.018 0.019
5 0.6695 0.461 0.017 0.012
5 0.5185 0.456 0.023 0.008
5 0.3895 0.4555 0.015 0.011
5 0.3155 0.4585 0.023 0.017
5 0.6125 0.454 0.015 0.018
5 0.374 0.4445 0.016 0.013
5 0.5875 0.4425 0.015 0.011
5 0.6465 0.446 0.017 0.026
5 0.8025 0.438 0.029 0.022
5 0.7175 0.436 0.023 0.018
5 0.757 0.4425 0.034 0.031
5 0.3445 0.4355 0.023 0.017
5 0.4 0.4355 0.02 0.019
5 0.422 0.4275 0.014 0.011
5 0.6345 0.4265 0.015 0.011
5 0.6 0.4285 0.028 0.025
5 0.492 0.42 0.024 0.012
5 0.845 0.44 0.044 0.056
5 0.561 0.417 0.03 0.012
5 0.7 0.4185 0.022 0.017
5 0.3835 0.4125 0.017 0.013
5 0.5835 0.411 0.017 0.012
5 0.1625 0.4175 0.041 0.031
5 0.654 0.4085 0.04 0.023
5 0.7215 0.4045 0.023 0.017
5 0.4645 0.403 0.033 0.016
5 0.8145 0.405 0.029 0.022
5 0.6275 0.3975 0.027 0.019
5 0.5295 0.3965 0.039 0.023
5 0.4255 0.3985 0.041 0.037
5 0.6165 0.386 0.017 0.012
5 0.5805 0.389 0.023 0.024
5 0.4795 0.3815 0.041 0.021
5 0.6535 0.3765 0.023 0.017
5 0.496 0.368 0.016 0.012
5 0.365 0.3745 0.028 0.031
5 0.5705 0.364 0.017 0.012
5 0.546 0.3685 0.014 0.021
5 0.6225 0.3555 0.023 0.017
5 0.3325 0.358 0.031 0.024
5 0.5205 0.3485 0.019 0.021
5 0.5425 0.3435 0.023 0.017
5 0.6585 0.3405 0.023 0.017
5 0.4785 0.3375 0.023 0.017
5 0.6285 0.3355 0.023 0.017
5 0.4345 0.3195 0.031 0.023
5 0.5545 0.315 0.031 0.024
5 0.2545 0.3215 0.043 0.043
5 0.673 0.308 0.032 0.024
5 0.628 0.278 0.032 0.024
5 0.3605 0.264 0.041 0.032
