4 0.427 0.8435 0.048 0.037
4 0.625 0.775 0.048 0.038
4 0.33 0.771 0.048 0.038
4 0.359 0.7 0.038 0.038
4 0.4135 0.6825 0.033 0.025
4 0.14 0.671 0.048 0.038
4 0.4555 0.6585 0.033 0.025
4 0.583 0.6485 0.048 0.037
4 0.4875 0.6235 0.021 0.015
4 0.652 0.6265 0.048 0.037
4 0.3145 0.6105 0.033 0.025
4 0.634 0.585 0.048 0.038
4 0.4425 0.549 0.021 0.016
4 0.4175 0.5275 0.021 0.015
4 0.4395 0.507 0.021 0.016
4 0.1865 0.5025 0.033 0.025
4 0.2145 0.4855 0.033 0.025
4 0.2815 0.4845 0.033 0.025
4 0.3355 0.4825 0.033 0.025
4 0.494 0.471 0.048 0.038
4 0.183 0.4445 0.048 0.037
4 0.532 0.4415 0.048 0.037
