7 0.4615 0.691 0.037 0.028
7 0.4375 0.672 0.029 0.022
7 0.747 0.667 0.038 0.028
7 0.2355 0.666 0.037 0.028
7 0.3595 0.6485 0.029 0.021
7 0.474 0.634 0.018 0.014
7 0.436 0.636 0.036 0.02
7 0.4125 0.625 0.019 0.014
7 0.3805 0.621 0.019 0.014
7 0.5385 0.621 0.029 0.02
7 0.4895 0.612 0.019 0.014
7 0.4125 0.607 0.015 0.01
7 0.4375 0.6035 0.015 0.011
7 0.325 0.611 0.038 0.028
7 0.524 0.601 0.018 0.014
7 0.4805 0.5955 0.015 0.011
7 0.4195 0.5935 0.015 0.011
7 0.449 0.5905 0.014 0.011
7 0.497 0.5895 0.014 0.011
7 0.5725 0.594 0.065 0.028
7 0.4065 0.5775 0.015 0.011
7 0.4925 0.5735 0.015 0.011
7 0.4615 0.5735 0.015 0.011
7 0.574 0.573 0.018 0.014
7 0.4145 0.5655 0.015 0.011
7 0.5315 0.5615 0.015 0.011
7 0.376 0.5565 0.014 0.011
7 0.5155 0.5535 0.015 0.011
7 0.2835 0.562 0.037 0.028
7 0.471 0.5565 0.022 0.019
7 0.648 0.56 0.038 0.028
7 0.396 0.55 0.014 0.01
7 0.602 0.551 0.018 0.014
7 0.439 0.5475 0.038 0.019
7 0.498 0.5395 0.014 0.011
7 0.5855 0.538 0.019 0.014
7 0.4615 0.5365 0.025 0.013
7 0.405 0.5345 0.014 0.011
7 0.551 0.5315 0.022 0.013
7 0.425 0.5285 0.014 0.011
7 0.385 0.53 0.016 0.02
7 0.363 0.5325 0.022 0.025
7 0.5065 0.53 0.031 0.022
7 0.5635 0.5185 0.015 0.011
7 0.5345 0.5175 0.015 0.011
7 0.5155 0.5115 0.015 0.011
7 0.383 0.5135 0.046 0.017
7 0.4395 0.5085 0.015 0.011
7 0.3295 0.512 0.029 0.022
7 0.542 0.5 0.03 0.014
7 0.5135 0.4955 0.015 0.011
7 0.4845 0.4965 0.021 0.017
7 0.45 0.4805 0.014 0.011
7 0.5385 0.4785 0.015 0.011
7 0.5765 0.4825 0.045 0.019
7 0.5075 0.4725 0.015 0.011
7 0.6175 0.471 0.027 0.02
7 0.4925 0.4675 0.031 0.027
7 0.4105 0.466 0.027 0.028
7 0.5185 0.4495 0.015 0.011
7 0.6415 0.4515 0.029 0.021
7 0.5525 0.4495 0.039 0.019
7 0.277 0.4445 0.054 0.029
7 0.4645 0.448 0.037 0.036
7 0.3905 0.4295 0.021 0.017
7 0.5205 0.425 0.029 0.016
7 0.5655 0.428 0.047 0.026
7 0.5145 0.411 0.019 0.014
7 0.4585 0.4025 0.033 0.035
7 0.5045 0.391 0.029 0.022
7 0.373 0.393 0.038 0.028
7 0.7 0.379 0.038 0.028
