7 0.471 0.7525 0.04 0.031
7 0.375 0.7 0.04 0.032
7 0.2885 0.6815 0.039 0.031
7 0.5835 0.607 0.021 0.018
7 0.674 0.6035 0.02 0.017
7 0.5275 0.5985 0.021 0.017
7 0.5895 0.589 0.021 0.018
7 0.7315 0.5805 0.021 0.017
7 0.649 0.5805 0.02 0.017
7 0.5205 0.5805 0.021 0.017
7 0.6795 0.575 0.021 0.018
7 0.4865 0.5715 0.021 0.017
7 0.5875 0.5705 0.021 0.017
7 0.6665 0.5575 0.021 0.017
7 0.552 0.5695 0.04 0.041
7 0.5775 0.5515 0.021 0.017
7 0.7325 0.5465 0.021 0.017
7 0.702 0.5495 0.036 0.029
7 0.652 0.5415 0.02 0.017
7 0.4695 0.5405 0.021 0.017
7 0.846 0.5455 0.04 0.031
7 0.8895 0.5325 0.039 0.031
7 0.549 0.5225 0.02 0.017
7 0.855 0.5045 0.04 0.031
7 0.204 0.482 0.04 0.032
7 0.7105 0.4565 0.039 0.031
7 0.802 0.454 0.04 0.032
7 0.723 0.4005 0.04 0.031
7 0.6 0.3825 0.04 0.031
7 0.4605 0.3045 0.039 0.031
