7 0.526 0.6945 0.038 0.029
7 0.5525 0.6735 0.027 0.021
7 0.2125 0.67 0.037 0.028
7 0.7825 0.669 0.037 0.028
7 0.6435 0.646 0.037 0.028
7 0.5665 0.6375 0.021 0.015
7 0.5145 0.633 0.027 0.02
7 0.5845 0.62 0.021 0.016
7 0.6165 0.6155 0.021 0.015
7 0.4435 0.617 0.027 0.02
7 0.496 0.608 0.016 0.012
7 0.5815 0.6 0.017 0.012
7 0.6835 0.6055 0.037 0.029
7 0.552 0.597 0.016 0.012
7 0.467 0.5995 0.03 0.021
7 0.5095 0.5895 0.015 0.011
7 0.575 0.5865 0.016 0.013
7 0.5425 0.5825 0.015 0.011
7 0.4915 0.5825 0.015 0.011
7 0.407 0.5865 0.07 0.027
7 0.5895 0.5685 0.017 0.013
7 0.526 0.5645 0.014 0.011
7 0.496 0.5645 0.014 0.011
7 0.4055 0.5625 0.017 0.013
7 0.5805 0.553 0.017 0.012
7 0.452 0.5515 0.016 0.013
7 0.321 0.552 0.038 0.028
7 0.73 0.551 0.038 0.028
7 0.619 0.548 0.024 0.022
7 0.519 0.5445 0.024 0.021
7 0.4745 0.541 0.027 0.014
7 0.374 0.539 0.016 0.012
7 0.602 0.5365 0.014 0.011
7 0.5555 0.5345 0.039 0.021
7 0.4915 0.5275 0.015 0.011
7 0.3935 0.525 0.017 0.012
7 0.6425 0.5235 0.017 0.013
7 0.5295 0.5225 0.025 0.011
7 0.473 0.5225 0.014 0.011
7 0.5935 0.5195 0.015 0.011
7 0.43 0.518 0.024 0.016
7 0.574 0.5125 0.014 0.011
7 0.4895 0.5125 0.015 0.011
7 0.6375 0.51 0.017 0.012
7 0.615 0.5145 0.018 0.021
7 0.472 0.5095 0.014 0.011
7 0.449 0.5035 0.014 0.011
7 0.4185 0.504 0.017 0.012
7 0.4695 0.4955 0.015 0.011
7 0.617 0.495 0.05 0.02
7 0.5395 0.495 0.045 0.02
7 0.6785 0.493 0.027 0.02
7 0.441 0.4815 0.03 0.017
7 0.476 0.48 0.018 0.016
7 0.5065 0.4775 0.021 0.017
7 0.422 0.467 0.016 0.012
7 0.446 0.4595 0.014 0.011
7 0.397 0.464 0.028 0.02
7 0.5435 0.4595 0.017 0.013
7 0.4815 0.4525 0.015 0.009
7 0.3585 0.451 0.027 0.02
7 0.534 0.4375 0.032 0.013
7 0.4975 0.4475 0.033 0.033
7 0.59 0.4425 0.03 0.031
7 0.445 0.4315 0.014 0.011
7 0.4685 0.4265 0.017 0.013
7 0.423 0.425 0.022 0.018
7 0.3335 0.43 0.037 0.028
7 0.738 0.414 0.056 0.024
7 0.531 0.416 0.038 0.028
7 0.4325 0.4095 0.021 0.015
7 0.6105 0.402 0.027 0.02
7 0.4065 0.4 0.027 0.02
7 0.478 0.392 0.026 0.03
7 0.539 0.373 0.036 0.036
7 0.4865 0.362 0.027 0.02
7 0.6325 0.358 0.037 0.028
7 0.269 0.352 0.038 0.028
