2 0.2905 0.8095 0.059 0.045
2 0.645 0.7695 0.058 0.045
2 0.473 0.721 0.058 0.046
2 0.805 0.7 0.058 0.046
2 0.5795 0.6975 0.113 0.051
2 0.4365 0.629 0.061 0.046
2 0.548 0.627 0.144 0.058
2 0.6305 0.586 0.033 0.024
2 0.3755 0.5955 0.097 0.055
2 0.5655 0.5445 0.033 0.023
2 0.3945 0.5445 0.061 0.035
2 0.621 0.5385 0.034 0.023
2 0.7245 0.558 0.153 0.076
2 0.744 0.517 0.048 0.036
2 0.319 0.513 0.056 0.042
2 0.645 0.505 0.05 0.04
2 0.4095 0.496 0.043 0.032
2 0.5895 0.4835 0.031 0.023
2 0.472 0.483 0.032 0.024
2 0.576 0.4545 0.034 0.023
2 0.35 0.4475 0.094 0.061
2 0.5315 0.426 0.031 0.024
2 0.4635 0.428 0.039 0.028
2 0.6145 0.435 0.081 0.084
2 0.514 0.388 0.048 0.036
2 0.4745 0.3715 0.073 0.067
