6 0.5695 0.8565 0.027 0.019
6 0.4405 0.8415 0.027 0.019
6 0.5065 0.817 0.047 0.024
6 0.4445 0.8075 0.027 0.019
6 0.25 0.7835 0.028 0.019
6 0.6565 0.7655 0.027 0.019
6 0.2425 0.761 0.027 0.018
6 0.1835 0.7565 0.027 0.019
6 0.6065 0.7425 0.027 0.019
6 0.425 0.745 0.046 0.034
6 0.3415 0.729 0.051 0.03
6 0.618 0.715 0.05 0.03
6 0.2465 0.7085 0.027 0.019
6 0.4845 0.7025 0.027 0.019
6 0.4315 0.6885 0.027 0.019
6 0.5905 0.6815 0.027 0.019
6 0.3075 0.6805 0.027 0.019
6 0.7175 0.672 0.047 0.02
6 0.5 0.6745 0.034 0.037
6 0.4 0.6615 0.028 0.019
6 0.4335 0.6585 0.021 0.015
6 0.638 0.666 0.056 0.034
6 0.2595 0.6575 0.027 0.019
6 0.5895 0.649 0.017 0.012
6 0.1695 0.646 0.027 0.018
6 0.5525 0.652 0.029 0.034
6 0.7905 0.6455 0.039 0.023
6 0.6845 0.6325 0.027 0.019
6 0.3615 0.6325 0.027 0.019
6 0.6305 0.629 0.027 0.018
6 0.6075 0.6195 0.017 0.013
6 0.454 0.617 0.046 0.03
6 0.578 0.607 0.016 0.012
6 0.3575 0.6085 0.021 0.015
6 0.212 0.614 0.034 0.026
6 0.3095 0.6095 0.027 0.019
6 0.6775 0.604 0.021 0.016
6 0.602 0.6 0.016 0.012
6 0.522 0.6065 0.044 0.029
6 0.423 0.609 0.042 0.036
6 0.1825 0.5985 0.027 0.019
6 0.38 0.6025 0.028 0.029
6 0.3135 0.5905 0.021 0.015
6 0.5815 0.586 0.017 0.012
6 0.2675 0.5845 0.027 0.019
6 0.5425 0.578 0.017 0.012
6 0.6075 0.5775 0.017 0.013
6 0.4665 0.5765 0.017 0.013
6 0.4165 0.568 0.017 0.012
6 0.3005 0.563 0.033 0.014
6 0.5375 0.558 0.017 0.012
6 0.5835 0.554 0.017 0.012
6 0.1175 0.5565 0.027 0.019
6 0.4425 0.551 0.017 0.012
6 0.2025 0.558 0.073 0.03
6 0.4755 0.5375 0.033 0.017
6 0.4295 0.5345 0.017 0.013
6 0.2475 0.536 0.027 0.018
6 0.3345 0.5325 0.037 0.017
6 0.388 0.548 0.06 0.05
6 0.299 0.529 0.02 0.016
6 0.554 0.521 0.016 0.012
6 0.1445 0.5185 0.027 0.019
6 0.425 0.5125 0.016 0.013
6 0.352 0.513 0.02 0.016
6 0.449 0.507 0.016 0.012
6 0.2905 0.507 0.027 0.018
6 0.5165 0.504 0.031 0.014
6 0.1865 0.4935 0.027 0.019
6 0.525 0.4865 0.016 0.013
6 0.6765 0.4855 0.033 0.027
6 0.6445 0.4735 0.017 0.013
6 0.402 0.4725 0.02 0.015
6 0.7065 0.4695 0.021 0.015
6 0.7545 0.468 0.027 0.018
6 0.2425 0.4825 0.065 0.055
6 0.7855 0.464 0.027 0.018
6 0.15 0.4565 0.028 0.019
6 0.1875 0.447 0.027 0.018
6 0.7165 0.446 0.027 0.018
6 0.7705 0.4435 0.027 0.019
6 0.4805 0.438 0.021 0.016
6 0.379 0.4435 0.042 0.031
6 0.302 0.436 0.02 0.016
6 0.2655 0.4275 0.027 0.019
6 0.2215 0.4295 0.029 0.031
6 0.6565 0.421 0.027 0.018
6 0.5785 0.4155 0.027 0.019
6 0.1045 0.42 0.055 0.036
6 0.1835 0.4095 0.027 0.019
6 0.337 0.417 0.044 0.038
6 0.5335 0.4005 0.027 0.019
6 0.6655 0.3975 0.027 0.019
6 0.5545 0.3805 0.027 0.019
6 0.5225 0.3385 0.027 0.019
