2 0.673 0.778 0.054 0.038
2 0.4615 0.6965 0.099 0.039
2 0.1375 0.6695 0.055 0.037
2 0.584 0.6665 0.144 0.069
2 0.705 0.6335 0.054 0.037
2 0.192 0.631 0.054 0.038
2 0.6145 0.6185 0.031 0.025
2 0.124 0.619 0.054 0.038
2 0.8615 0.6 0.055 0.038
2 0.273 0.5955 0.042 0.031
2 0.57 0.594 0.046 0.03
2 0.9305 0.6 0.071 0.06
2 0.3425 0.586 0.055 0.038
2 0.458 0.6165 0.152 0.113
2 0.1865 0.5745 0.041 0.031
2 0.5285 0.564 0.025 0.018
2 0.5015 0.5775 0.069 0.047
2 0.5595 0.5605 0.025 0.019
2 0.4355 0.5565 0.025 0.019
2 0.3125 0.551 0.037 0.028
2 0.6255 0.5695 0.103 0.071
2 0.267 0.536 0.042 0.032
2 0.5315 0.535 0.047 0.038
2 0.681 0.5385 0.048 0.047
2 0.4135 0.5225 0.025 0.019
2 0.5455 0.5125 0.025 0.019
2 0.582 0.5265 0.042 0.053
2 0.853 0.515 0.054 0.038
2 0.3515 0.5205 0.055 0.049
2 0.3195 0.486 0.025 0.018
2 0.282 0.5 0.07 0.054
2 0.139 0.4915 0.086 0.037
2 0.35 0.4775 0.024 0.019
2 0.3825 0.468 0.025 0.018
2 0.648 0.467 0.064 0.038
2 0.3715 0.447 0.025 0.018
2 0.796 0.4515 0.054 0.037
2 0.3175 0.445 0.051 0.036
2 0.269 0.4375 0.042 0.031
2 0.4925 0.421 0.025 0.018
2 0.4625 0.4165 0.025 0.019
2 0.195 0.424 0.066 0.034
2 0.518 0.457 0.184 0.11
2 0.325 0.396 0.042 0.04
2 0.365 0.405 0.052 0.062
2 0.4895 0.39 0.075 0.04
2 0.379 0.382 0.136 0.124
2 0.4635 0.341 0.071 0.072
2 0.5365 0.2865 0.041 0.031
2 0.6105 0.2845 0.041 0.031
