0 0.379 0.829 0.038 0.026
0 0.4905 0.783 0.041 0.046
0 0.4245 0.7705 0.047 0.051
0 0.527 0.7225 0.036 0.027
0 0.4645 0.711 0.031 0.024
0 0.3605 0.6915 0.033 0.025
0 0.651 0.673 0.04 0.028
0 0.4525 0.668 0.025 0.02
0 0.5635 0.6595 0.033 0.025
0 0.2595 0.6575 0.033 0.025
0 0.3955 0.657 0.027 0.03
0 0.676 0.64 0.04 0.028
0 0.3825 0.6275 0.017 0.013
0 0.4965 0.621 0.023 0.016
0 0.471 0.6095 0.014 0.011
0 0.2085 0.615 0.031 0.022
0 0.312 0.617 0.026 0.034
0 0.373 0.603 0.018 0.012
0 0.425 0.6 0.012 0.01
0 0.446 0.5985 0.014 0.011
0 0.282 0.599 0.034 0.018
0 0.341 0.593 0.03 0.012
0 0.5765 0.5795 0.025 0.019
0 0.1885 0.582 0.027 0.026
0 0.2555 0.572 0.017 0.012
0 0.6425 0.5775 0.033 0.025
0 0.208 0.564 0.028 0.018
0 0.177 0.558 0.03 0.02
0 0.55 0.549 0.016 0.012
0 0.2875 0.5435 0.013 0.009
0 0.3145 0.544 0.029 0.016
0 0.5935 0.553 0.035 0.036
0 0.2265 0.5375 0.023 0.015
0 0.851 0.542 0.04 0.04
0 0.726 0.525 0.034 0.026
0 0.161 0.525 0.05 0.04
0 0.2455 0.5125 0.023 0.015
0 0.273 0.507 0.016 0.012
0 0.3105 0.503 0.013 0.01
0 0.514 0.4955 0.014 0.019
0 0.7905 0.4895 0.033 0.025
0 0.2755 0.484 0.035 0.014
0 0.5365 0.4875 0.027 0.025
0 0.6305 0.4855 0.023 0.025
0 0.3405 0.4775 0.013 0.009
0 0.576 0.4765 0.014 0.019
0 0.2335 0.47 0.029 0.02
0 0.2035 0.4735 0.027 0.031
0 0.6455 0.4675 0.023 0.025
0 0.605 0.46 0.012 0.01
0 0.7385 0.4535 0.015 0.011
0 0.273 0.46 0.032 0.024
0 0.3435 0.4515 0.017 0.013
0 0.7635 0.453 0.031 0.022
0 0.4165 0.4375 0.013 0.009
0 0.673 0.436 0.016 0.012
0 0.4355 0.4345 0.013 0.009
0 0.7065 0.441 0.031 0.024
0 0.5845 0.4355 0.033 0.013
0 0.5125 0.4265 0.013 0.009
0 0.7095 0.419 0.037 0.016
0 0.46 0.416 0.016 0.018
0 0.7445 0.4205 0.035 0.035
0 0.6385 0.411 0.037 0.018
0 0.4185 0.4145 0.025 0.025
0 0.5185 0.403 0.021 0.016
0 0.4925 0.4015 0.017 0.013
0 0.6935 0.401 0.021 0.016
0 0.441 0.3965 0.046 0.025
0 0.3945 0.39 0.021 0.016
0 0.7255 0.3935 0.039 0.031
0 0.806 0.388 0.042 0.022
0 0.3375 0.387 0.029 0.02
0 0.475 0.3795 0.016 0.013
0 0.419 0.3805 0.024 0.015
0 0.7715 0.3765 0.027 0.021
0 0.455 0.368 0.022 0.02
0 0.7465 0.363 0.029 0.022
0 0.429 0.359 0.03 0.014
0 0.6685 0.3565 0.031 0.025
0 0.4595 0.339 0.017 0.012
0 0.3985 0.3365 0.025 0.019
0 0.4395 0.325 0.021 0.014
0 0.5465 0.3235 0.027 0.021
0 0.5115 0.328 0.037 0.032
0 0.3785 0.3205 0.025 0.019
0 0.3355 0.319 0.029 0.02
0 0.4185 0.3115 0.025 0.019
0 0.578 0.2935 0.032 0.025
