3 0.3905 0.9105 0.049 0.035
3 0.328 0.89 0.036 0.026
3 0.4 0.858 0.034 0.022
3 0.2415 0.8545 0.035 0.027
3 0.2935 0.841 0.033 0.022
3 0.6835 0.8415 0.035 0.027
3 0.6395 0.833 0.035 0.026
3 0.5 0.829 0.034 0.022
3 0.439 0.829 0.058 0.034
3 0.574 0.7875 0.034 0.021
3 0.2565 0.787 0.033 0.022
3 0.5115 0.7845 0.029 0.021
3 0.322 0.774 0.034 0.022
3 0.7185 0.775 0.035 0.026
3 0.4205 0.7755 0.043 0.045
3 0.3675 0.7575 0.027 0.019
3 0.4925 0.756 0.027 0.03
3 0.6225 0.7485 0.027 0.019
3 0.2385 0.749 0.033 0.022
3 0.4195 0.743 0.021 0.016
3 0.5335 0.7455 0.063 0.025
3 0.294 0.744 0.05 0.022
3 0.6535 0.7455 0.025 0.031
3 0.348 0.738 0.02 0.016
3 0.7635 0.7475 0.029 0.043
3 0.7065 0.7335 0.023 0.019
3 0.6785 0.7185 0.025 0.017
3 0.3385 0.7155 0.025 0.017
3 0.6295 0.7145 0.027 0.019
3 0.4305 0.7095 0.015 0.013
3 0.751 0.71 0.02 0.016
3 0.274 0.707 0.034 0.022
3 0.6895 0.701 0.021 0.016
3 0.5455 0.696 0.019 0.012
3 0.455 0.6925 0.03 0.015
3 0.6685 0.6905 0.021 0.015
3 0.522 0.6905 0.026 0.015
3 0.3875 0.6915 0.017 0.021
3 0.7215 0.698 0.035 0.036
3 0.5865 0.685 0.019 0.012
3 0.7735 0.6865 0.023 0.017
3 0.4985 0.686 0.025 0.022
3 0.4135 0.679 0.015 0.012
3 0.302 0.684 0.046 0.022
3 0.6385 0.6775 0.019 0.013
3 0.4615 0.675 0.015 0.012
3 0.6685 0.674 0.019 0.012
3 0.523 0.674 0.016 0.014
3 0.3415 0.6735 0.019 0.013
3 0.7225 0.6765 0.067 0.029
3 0.6165 0.6665 0.019 0.013
3 0.7925 0.6675 0.039 0.019
3 0.6935 0.6635 0.019 0.013
3 0.647 0.6625 0.018 0.013
3 0.3315 0.656 0.017 0.014
3 0.7125 0.655 0.019 0.014
3 0.7395 0.6515 0.023 0.017
3 0.152 0.654 0.034 0.022
3 0.4685 0.6455 0.015 0.013
3 0.6915 0.6375 0.019 0.013
3 0.7165 0.638 0.021 0.016
3 0.6445 0.6365 0.019 0.013
3 0.6075 0.636 0.019 0.012
3 0.5115 0.6355 0.025 0.011
3 0.3635 0.64 0.019 0.026
3 0.7285 0.625 0.019 0.012
3 0.3145 0.6185 0.015 0.011
3 0.8335 0.621 0.027 0.022
3 0.242 0.6245 0.026 0.035
3 0.174 0.607 0.034 0.022
3 0.662 0.599 0.038 0.012
3 0.504 0.5975 0.014 0.011
3 0.331 0.6005 0.024 0.021
3 0.755 0.601 0.052 0.026
3 0.394 0.5915 0.012 0.009
3 0.2595 0.593 0.019 0.012
3 0.3085 0.5895 0.015 0.011
3 0.5295 0.5975 0.023 0.027
3 0.7315 0.589 0.021 0.016
3 0.548 0.586 0.018 0.012
3 0.344 0.583 0.012 0.01
3 0.7975 0.5875 0.027 0.021
3 0.4105 0.5815 0.013 0.009
3 0.425 0.5805 0.012 0.009
3 0.324 0.5795 0.012 0.009
3 0.1055 0.5875 0.033 0.025
3 0.449 0.579 0.012 0.01
3 0.2865 0.5755 0.013 0.009
3 0.2105 0.575 0.025 0.018
3 0.6865 0.5735 0.021 0.015
3 0.322 0.5685 0.012 0.009
3 0.305 0.5685 0.012 0.009
3 0.383 0.573 0.028 0.022
3 0.563 0.571 0.04 0.018
3 0.4855 0.569 0.017 0.018
3 0.528 0.5605 0.012 0.011
3 0.4165 0.5545 0.013 0.009
3 0.599 0.562 0.02 0.026
3 0.401 0.5535 0.014 0.011
3 0.372 0.5455 0.012 0.009
3 0.724 0.546 0.028 0.022
3 0.394 0.5315 0.012 0.009
3 0.374 0.5315 0.012 0.009
3 0.1755 0.5435 0.041 0.033
3 0.823 0.5315 0.034 0.027
3 0.4635 0.5225 0.015 0.011
3 0.6115 0.525 0.027 0.022
3 0.245 0.5195 0.038 0.021
3 0.406 0.504 0.012 0.01
3 0.3135 0.504 0.013 0.01
3 0.2655 0.505 0.019 0.014
3 0.575 0.5045 0.022 0.019
3 0.6225 0.4985 0.027 0.021
3 0.5165 0.486 0.025 0.018
3 0.3105 0.4785 0.025 0.019
3 0.6535 0.4725 0.023 0.019
3 0.2675 0.4785 0.027 0.031
3 0.622 0.454 0.032 0.022
3 0.4305 0.4475 0.025 0.019
3 0.4765 0.447 0.023 0.018
3 0.7145 0.4395 0.033 0.025
3 0.3215 0.4275 0.025 0.019
3 0.2765 0.421 0.025 0.018
3 0.4435 0.4175 0.023 0.019
3 0.4955 0.4215 0.043 0.033
3 0.3025 0.4105 0.025 0.019
3 0.4035 0.4095 0.027 0.021
3 0.5585 0.406 0.031 0.022
3 0.3355 0.396 0.027 0.032
3 0.378 0.348 0.032 0.022
3 0.4305 0.325 0.025 0.018
