0 0.553 0.8485 0.034 0.025
0 0.4055 0.843 0.029 0.024
0 0.6 0.8425 0.034 0.025
0 0.4865 0.823 0.033 0.036
0 0.6 0.786 0.05 0.022
0 0.3995 0.7985 0.115 0.059
0 0.45 0.7755 0.022 0.017
0 0.4765 0.778 0.025 0.024
0 0.5135 0.77 0.021 0.016
0 0.3615 0.762 0.021 0.014
0 0.3375 0.762 0.021 0.014
0 0.3925 0.756 0.021 0.016
0 0.3405 0.747 0.019 0.012
0 0.2085 0.75 0.033 0.024
0 0.311 0.754 0.028 0.054
0 0.3425 0.7265 0.019 0.013
0 0.322 0.7245 0.014 0.009
0 0.723 0.725 0.034 0.026
0 0.6545 0.7225 0.025 0.021
0 0.2355 0.7235 0.033 0.025
0 0.153 0.7165 0.034 0.025
0 0.2 0.711 0.024 0.02
0 0.323 0.708 0.014 0.016
0 0.296 0.7055 0.04 0.027
0 0.2815 0.6925 0.015 0.011
0 0.2125 0.6925 0.023 0.017
0 0.8045 0.6895 0.033 0.025
0 0.2435 0.6855 0.023 0.017
0 0.2905 0.6715 0.015 0.011
0 0.3095 0.668 0.019 0.014
0 0.2595 0.668 0.023 0.018
0 0.712 0.6615 0.042 0.019
0 0.2935 0.6485 0.015 0.011
0 0.1795 0.655 0.031 0.034
0 0.2385 0.6455 0.023 0.017
0 0.124 0.6475 0.034 0.025
0 0.271 0.6325 0.014 0.011
0 0.247 0.6285 0.014 0.011
0 0.704 0.6265 0.056 0.021
0 0.6745 0.6165 0.021 0.009
0 0.271 0.6175 0.014 0.011
0 0.7145 0.608 0.015 0.012
0 0.2065 0.6115 0.041 0.023
0 0.7465 0.607 0.025 0.02
0 0.275 0.596 0.014 0.01
0 0.7105 0.585 0.015 0.012
0 0.2465 0.582 0.023 0.018
0 0.7115 0.5635 0.013 0.009
0 0.7305 0.5655 0.021 0.015
0 0.281 0.554 0.018 0.016
0 0.2385 0.5535 0.033 0.025
0 0.681 0.5475 0.016 0.015
0 0.7455 0.548 0.025 0.02
0 0.2655 0.5405 0.015 0.011
0 0.7165 0.5395 0.021 0.017
0 0.6915 0.535 0.013 0.01
0 0.256 0.5215 0.028 0.027
0 0.335 0.5075 0.018 0.015
0 0.288 0.5115 0.034 0.025
0 0.6785 0.507 0.025 0.02
0 0.7055 0.5 0.017 0.014
0 0.316 0.495 0.026 0.018
0 0.2415 0.496 0.029 0.022
0 0.3765 0.479 0.019 0.01
0 0.756 0.4865 0.082 0.027
0 0.666 0.4765 0.02 0.013
0 0.3585 0.4725 0.015 0.011
0 0.3855 0.4695 0.013 0.009
0 0.705 0.466 0.028 0.02
0 0.5055 0.458 0.019 0.012
0 0.4805 0.457 0.015 0.01
0 0.6605 0.4545 0.013 0.009
0 0.6215 0.456 0.019 0.012
0 0.5325 0.4515 0.013 0.009
0 0.748 0.4565 0.044 0.027
0 0.63 0.4445 0.012 0.009
0 0.474 0.4405 0.012 0.009
0 0.4505 0.4445 0.017 0.017
0 0.6965 0.4435 0.023 0.017
0 0.5165 0.437 0.045 0.016
0 0.7595 0.4305 0.025 0.021
0 0.604 0.4235 0.012 0.009
0 0.5795 0.4245 0.035 0.019
0 0.549 0.4335 0.032 0.039
0 0.3575 0.4215 0.023 0.017
0 0.378 0.417 0.012 0.01
0 0.6205 0.422 0.021 0.026
0 0.395 0.417 0.012 0.02
0 0.4295 0.4095 0.031 0.015
0 0.6565 0.412 0.031 0.022
0 0.4585 0.4045 0.013 0.009
0 0.4765 0.406 0.023 0.016
0 0.548 0.3955 0.012 0.009
0 0.5185 0.3975 0.043 0.015
0 0.3935 0.3945 0.023 0.017
0 0.4475 0.3875 0.023 0.017
0 0.5735 0.385 0.035 0.018
0 0.4885 0.3815 0.023 0.017
0 0.327 0.382 0.03 0.022
0 0.5165 0.377 0.029 0.014
0 0.6445 0.3765 0.025 0.021
0 0.6095 0.369 0.021 0.016
0 0.6875 0.3695 0.025 0.021
0 0.3695 0.3675 0.023 0.017
0 0.549 0.3635 0.022 0.017
0 0.5395 0.3455 0.023 0.017
0 0.6045 0.3415 0.025 0.021
0 0.5655 0.331 0.025 0.02
0 0.5215 0.329 0.025 0.02
