7 0.397 0.771 0.042 0.032
7 0.656 0.77 0.05 0.042
7 0.854 0.7475 0.042 0.031
7 0.7395 0.7345 0.025 0.021
7 0.6345 0.729 0.019 0.016
7 0.6685 0.7295 0.033 0.019
7 0.6895 0.717 0.019 0.016
7 0.575 0.7195 0.026 0.021
7 0.7165 0.711 0.019 0.016
7 0.6175 0.7095 0.017 0.013
7 0.592 0.7045 0.024 0.019
7 0.6605 0.699 0.017 0.012
7 0.7685 0.701 0.025 0.02
7 0.625 0.6945 0.012 0.009
7 0.6085 0.6905 0.013 0.009
7 0.683 0.6955 0.024 0.023
7 0.543 0.6965 0.058 0.027
7 0.651 0.6865 0.012 0.009
7 0.5385 0.6765 0.013 0.009
7 0.6885 0.6755 0.013 0.009
7 0.6115 0.6745 0.013 0.009
7 0.6375 0.6735 0.013 0.009
7 0.574 0.6655 0.012 0.009
7 0.679 0.6635 0.012 0.009
7 0.4655 0.672 0.035 0.026
7 0.5105 0.6595 0.019 0.015
7 0.628 0.659 0.02 0.02
7 0.711 0.657 0.022 0.018
7 0.696 0.6475 0.012 0.009
7 0.595 0.6515 0.026 0.021
7 0.801 0.653 0.036 0.026
7 0.6575 0.6485 0.031 0.019
7 0.525 0.647 0.018 0.016
7 0.635 0.64 0.018 0.01
7 0.553 0.6405 0.022 0.013
7 0.726 0.6375 0.016 0.013
7 0.6865 0.635 0.013 0.01
7 0.5935 0.6365 0.025 0.019
7 0.6685 0.6295 0.013 0.009
7 0.5405 0.628 0.017 0.012
7 0.7025 0.63 0.013 0.018
7 0.5735 0.6235 0.031 0.017
7 0.6325 0.6185 0.021 0.015
7 0.652 0.6135 0.012 0.009
7 0.5635 0.6115 0.013 0.009
7 0.706 0.6175 0.044 0.025
7 0.55 0.6085 0.012 0.009
7 0.586 0.607 0.016 0.012
7 0.7535 0.61 0.025 0.02
7 0.61 0.603 0.018 0.014
7 0.5265 0.5975 0.043 0.019
7 0.5575 0.5905 0.013 0.009
7 0.6395 0.5865 0.017 0.013
7 0.5875 0.585 0.013 0.01
7 0.4865 0.587 0.019 0.016
7 0.676 0.579 0.016 0.012
7 0.604 0.584 0.02 0.022
7 0.5895 0.5685 0.013 0.009
7 0.4645 0.571 0.031 0.024
7 0.678 0.564 0.016 0.012
7 0.544 0.5645 0.036 0.017
7 0.573 0.5615 0.016 0.013
7 0.6255 0.5635 0.037 0.027
7 0.5415 0.55 0.017 0.012
7 0.6135 0.547 0.013 0.01
7 0.5205 0.5435 0.025 0.017
7 0.5615 0.5385 0.013 0.009
7 0.6875 0.537 0.019 0.016
7 0.8055 0.5415 0.035 0.027
7 0.5765 0.5335 0.025 0.027
7 0.625 0.5155 0.034 0.035
7 0.5805 0.507 0.025 0.02
7 0.401 0.5075 0.042 0.031
7 0.703 0.498 0.038 0.028
