3 0.4345 0.783 0.021 0.012
3 0.3455 0.7755 0.019 0.011
3 0.588 0.739 0.026 0.012
3 0.5825 0.7245 0.015 0.011
3 0.425 0.722 0.02 0.012
3 0.5325 0.7155 0.015 0.011
3 0.5835 0.7105 0.015 0.011
3 0.426 0.7055 0.02 0.013
3 0.6335 0.703 0.013 0.01
3 0.4815 0.7035 0.015 0.011
3 0.579 0.6955 0.014 0.011
3 0.525 0.6945 0.014 0.011
3 0.496 0.6935 0.014 0.011
3 0.6165 0.693 0.015 0.01
3 0.474 0.6925 0.014 0.011
3 0.4105 0.693 0.039 0.016
3 0.5915 0.679 0.013 0.01
3 0.4125 0.676 0.021 0.012
3 0.5105 0.6795 0.017 0.021
3 0.637 0.6725 0.016 0.019
3 0.527 0.6655 0.014 0.011
3 0.878 0.6635 0.012 0.009
3 0.7075 0.664 0.021 0.012
3 0.456 0.659 0.036 0.014
3 0.424 0.6535 0.016 0.017
3 0.664 0.652 0.038 0.018
3 0.6085 0.6485 0.021 0.013
3 0.502 0.651 0.032 0.02
3 0.5425 0.6395 0.015 0.011
3 0.3065 0.6405 0.021 0.013
3 0.526 0.6355 0.014 0.011
3 0.7665 0.633 0.013 0.01
3 0.5805 0.633 0.021 0.012
3 0.7185 0.6305 0.013 0.009
3 0.4195 0.632 0.015 0.012
3 0.2585 0.6295 0.021 0.013
3 0.1885 0.6285 0.015 0.011
3 0.3915 0.6255 0.015 0.011
3 0.5155 0.6235 0.015 0.011
3 0.159 0.6225 0.024 0.013
3 0.374 0.6195 0.014 0.011
3 0.6075 0.617 0.013 0.01
3 0.6705 0.617 0.023 0.01
3 0.177 0.6135 0.014 0.011
3 0.421 0.6115 0.014 0.011
3 0.396 0.6105 0.014 0.011
3 0.7325 0.61 0.021 0.012
3 0.601 0.607 0.012 0.01
3 0.645 0.6065 0.012 0.009
3 0.5855 0.607 0.015 0.01
3 0.124 0.608 0.016 0.012
3 0.2015 0.6115 0.021 0.021
3 0.6595 0.603 0.013 0.01
3 0.6915 0.6025 0.013 0.009
3 0.673 0.6 0.012 0.01
3 0.724 0.596 0.012 0.01
3 0.2255 0.5985 0.029 0.015
3 0.149 0.5955 0.014 0.011
3 0.63 0.595 0.022 0.014
3 0.4175 0.5915 0.015 0.011
3 0.653 0.5885 0.014 0.011
3 0.2395 0.5865 0.015 0.011
3 0.696 0.5855 0.014 0.011
3 0.3845 0.5825 0.015 0.011
3 0.326 0.5815 0.014 0.011
3 0.2615 0.5795 0.015 0.011
3 0.2075 0.5755 0.015 0.011
3 0.5205 0.579 0.035 0.028
3 0.4825 0.5705 0.015 0.011
3 0.3085 0.5705 0.015 0.011
3 0.3695 0.5725 0.033 0.019
3 0.464 0.5675 0.016 0.023
3 0.553 0.5585 0.014 0.011
3 0.527 0.5585 0.014 0.011
3 0.5825 0.5555 0.015 0.011
3 0.282 0.5575 0.02 0.025
3 0.805 0.55 0.026 0.01
3 0.3865 0.55 0.015 0.01
3 0.447 0.5465 0.014 0.011
3 0.8825 0.5455 0.019 0.011
3 0.3595 0.5455 0.015 0.011
3 0.6925 0.5445 0.015 0.011
3 0.5645 0.5445 0.015 0.011
3 0.547 0.543 0.014 0.01
3 0.5195 0.5425 0.015 0.011
3 0.591 0.5415 0.024 0.015
3 0.425 0.5375 0.014 0.011
3 0.84 0.5365 0.022 0.013
3 0.3365 0.534 0.025 0.016
3 0.129 0.5315 0.014 0.011
3 0.791 0.5335 0.02 0.019
3 0.3825 0.5335 0.031 0.019
3 0.2835 0.5295 0.015 0.011
3 0.706 0.5295 0.026 0.013
3 0.616 0.533 0.022 0.02
3 0.8645 0.5275 0.015 0.011
3 0.752 0.5255 0.014 0.011
3 0.346 0.525 0.014 0.01
3 0.8175 0.5215 0.015 0.011
3 0.2395 0.5195 0.015 0.011
3 0.6075 0.5155 0.015 0.011
3 0.5565 0.5145 0.015 0.011
3 0.4755 0.5215 0.055 0.025
3 0.3655 0.518 0.015 0.02
3 0.528 0.5125 0.014 0.011
3 0.407 0.5175 0.046 0.025
3 0.7895 0.5095 0.015 0.011
3 0.2165 0.515 0.047 0.03
3 0.7155 0.5035 0.015 0.011
3 0.7665 0.504 0.021 0.012
3 0.2635 0.5025 0.015 0.011
3 0.5595 0.5015 0.015 0.011
3 0.2875 0.4965 0.015 0.011
3 0.7855 0.4955 0.015 0.011
3 0.818 0.4975 0.026 0.019
3 0.43 0.4865 0.012 0.009
3 0.6625 0.4865 0.015 0.011
3 0.3235 0.495 0.035 0.028
3 0.9065 0.4835 0.015 0.011
3 0.679 0.4825 0.014 0.011
3 0.273 0.4825 0.014 0.011
3 0.547 0.482 0.016 0.012
3 0.7125 0.4785 0.015 0.011
3 0.866 0.482 0.026 0.018
3 0.3865 0.4765 0.013 0.009
3 0.444 0.4755 0.012 0.009
3 0.2355 0.482 0.031 0.024
3 0.6395 0.475 0.015 0.01
3 0.504 0.4735 0.012 0.009
3 0.4065 0.4725 0.015 0.011
3 0.7335 0.4725 0.017 0.013
3 0.295 0.4685 0.014 0.011
3 0.9355 0.4665 0.015 0.011
3 0.4595 0.4655 0.013 0.009
3 0.1135 0.4655 0.015 0.011
3 0.8615 0.4645 0.015 0.011
3 0.445 0.464 0.012 0.01
3 0.3615 0.4595 0.015 0.011
3 0.794 0.4665 0.032 0.027
3 0.7655 0.457 0.015 0.01
3 0.502 0.457 0.014 0.01
3 0.53 0.4555 0.012 0.009
3 0.3905 0.4565 0.015 0.011
3 0.3115 0.4565 0.015 0.011
3 0.1825 0.4535 0.015 0.011
3 0.65 0.4535 0.014 0.011
3 0.696 0.4495 0.014 0.011
3 0.676 0.4495 0.014 0.011
3 0.478 0.455 0.016 0.022
3 0.5635 0.4475 0.013 0.009
3 0.598 0.4445 0.012 0.009
3 0.862 0.4455 0.026 0.017
3 0.378 0.4405 0.014 0.011
3 0.45 0.4445 0.032 0.021
3 0.7805 0.4395 0.015 0.011
3 0.6135 0.4395 0.015 0.011
3 0.2115 0.4395 0.015 0.011
3 0.676 0.4365 0.014 0.011
3 0.4855 0.4345 0.013 0.009
3 0.3335 0.4335 0.015 0.011
3 0.747 0.4375 0.022 0.021
3 0.4175 0.4315 0.015 0.011
3 0.447 0.4275 0.014 0.011
3 0.6575 0.4265 0.015 0.011
3 0.799 0.431 0.016 0.022
3 0.874 0.4235 0.014 0.011
3 0.7245 0.427 0.029 0.018
3 0.699 0.4225 0.016 0.013
3 0.4655 0.4215 0.015 0.011
3 0.6405 0.426 0.015 0.02
3 0.773 0.418 0.016 0.012
3 0.6135 0.42 0.035 0.026
3 0.649 0.4105 0.014 0.011
3 0.705 0.4095 0.014 0.011
3 0.377 0.4065 0.014 0.011
3 0.6715 0.413 0.023 0.032
3 0.1935 0.4 0.015 0.01
3 0.7935 0.3975 0.017 0.013
3 0.3305 0.3965 0.015 0.011
3 0.649 0.3965 0.026 0.013
3 0.7155 0.3935 0.015 0.011
3 0.624 0.3935 0.014 0.011
3 0.596 0.393 0.014 0.01
3 0.2915 0.3895 0.015 0.011
3 0.7675 0.389 0.017 0.012
3 0.8005 0.367 0.023 0.01
3 0.9155 0.361 0.021 0.012
3 0.871 0.354 0.012 0.01
3 0.7605 0.351 0.017 0.012
3 0.124 0.35 0.016 0.012
3 0.097 0.347 0.016 0.012
3 0.3705 0.346 0.017 0.012
3 0.1415 0.346 0.017 0.012
3 0.495 0.3455 0.034 0.013
3 0.3425 0.3455 0.017 0.013
3 0.5605 0.342 0.017 0.012
3 0.4445 0.3415 0.017 0.013
3 0.8415 0.329 0.017 0.012
3 0.7405 0.3275 0.017 0.013
3 0.5865 0.3275 0.017 0.013
3 0.8695 0.3185 0.017 0.013
3 0.5405 0.318 0.017 0.012
3 0.7635 0.314 0.017 0.012
3 0.625 0.314 0.016 0.012
3 0.3425 0.314 0.017 0.012
3 0.4835 0.3125 0.017 0.013
3 0.4405 0.311 0.017 0.012
3 0.4595 0.31 0.017 0.012
3 0.8615 0.304 0.017 0.012
3 0.549 0.292 0.016 0.012
3 0.8315 0.268 0.017 0.012
3 0.6335 0.2635 0.017 0.013
3 0.3905 0.2625 0.017 0.013
3 0.7665 0.257 0.017 0.012
3 0.549 0.2485 0.016 0.013
3 0.622 0.2455 0.016 0.013
3 0.7795 0.243 0.017 0.012
3 0.646 0.243 0.016 0.012
3 0.5325 0.2405 0.017 0.013
3 0.805 0.235 0.03 0.018
3 0.599 0.2225 0.016 0.013
3 0.451 0.2225 0.016 0.013
3 0.5335 0.175 0.017 0.012
