3 0.547 0.85 0.018 0.014
3 0.4195 0.828 0.019 0.014
3 0.5895 0.826 0.019 0.014
3 0.6935 0.8195 0.019 0.015
3 0.449 0.805 0.018 0.014
3 0.507 0.8045 0.024 0.023
3 0.3395 0.787 0.019 0.014
3 0.6 0.784 0.018 0.014
3 0.6315 0.777 0.019 0.014
3 0.373 0.772 0.018 0.014
3 0.509 0.771 0.028 0.024
3 0.4175 0.7655 0.017 0.013
3 0.297 0.764 0.018 0.014
3 0.4605 0.756 0.019 0.014
3 0.6655 0.755 0.019 0.014
3 0.7865 0.755 0.019 0.014
3 0.3185 0.7475 0.027 0.013
3 0.274 0.746 0.018 0.014
3 0.5455 0.745 0.019 0.014
3 0.597 0.742 0.018 0.014
3 0.7115 0.739 0.017 0.012
3 0.3135 0.733 0.019 0.014
3 0.3895 0.729 0.019 0.014
3 0.4365 0.728 0.019 0.014
3 0.553 0.723 0.018 0.014
3 0.4165 0.701 0.017 0.012
3 0.654 0.701 0.032 0.016
3 0.3095 0.699 0.017 0.012
3 0.1415 0.696 0.019 0.014
3 0.7635 0.695 0.019 0.014
3 0.6935 0.6865 0.017 0.013
3 0.597 0.686 0.018 0.014
3 0.47 0.6885 0.03 0.019
3 0.2765 0.6875 0.043 0.021
3 0.352 0.6795 0.016 0.013
3 0.2315 0.6795 0.017 0.013
3 0.7105 0.678 0.019 0.014
3 0.401 0.674 0.016 0.012
3 0.6585 0.667 0.017 0.012
3 0.8385 0.667 0.019 0.014
3 0.5125 0.6665 0.017 0.013
3 0.7865 0.664 0.017 0.012
3 0.5835 0.6625 0.019 0.015
3 0.2195 0.659 0.019 0.014
3 0.673 0.644 0.016 0.012
3 0.4215 0.647 0.025 0.02
3 0.349 0.646 0.026 0.018
3 0.4935 0.6415 0.017 0.013
3 0.8845 0.639 0.019 0.014
3 0.282 0.639 0.024 0.024
3 0.7165 0.631 0.019 0.014
3 0.4565 0.6315 0.027 0.019
3 0.3915 0.628 0.017 0.012
3 0.804 0.626 0.016 0.012
3 0.1375 0.626 0.019 0.014
3 0.6195 0.6235 0.017 0.013
3 0.3165 0.6225 0.017 0.013
3 0.6555 0.621 0.017 0.012
3 0.2325 0.6195 0.017 0.013
3 0.7875 0.614 0.031 0.016
3 0.5365 0.6125 0.017 0.013
3 0.3375 0.6045 0.017 0.013
3 0.0675 0.6045 0.017 0.013
3 0.4675 0.603 0.017 0.012
3 0.2625 0.597 0.017 0.012
3 0.548 0.596 0.016 0.012
3 0.4925 0.5955 0.017 0.013
3 0.727 0.5915 0.016 0.013
3 0.1675 0.591 0.019 0.014
3 0.653 0.589 0.016 0.012
3 0.3695 0.5875 0.017 0.013
3 0.4815 0.5795 0.017 0.013
3 0.401 0.5795 0.016 0.013
3 0.0605 0.578 0.017 0.012
3 0.453 0.5705 0.016 0.013
3 0.1 0.565 0.018 0.014
3 0.6155 0.561 0.017 0.012
3 0.3115 0.56 0.017 0.012
3 0.1395 0.5585 0.017 0.013
3 0.3395 0.554 0.017 0.012
3 0.776 0.5525 0.016 0.013
3 0.2425 0.55 0.017 0.012
3 0.5645 0.549 0.017 0.012
3 0.7935 0.5485 0.017 0.013
3 0.1785 0.551 0.051 0.02
3 0.3115 0.5445 0.017 0.013
3 0.525 0.542 0.016 0.012
3 0.399 0.542 0.016 0.012
3 0.6925 0.5405 0.017 0.013
3 0.83 0.542 0.028 0.022
3 0.6595 0.5335 0.017 0.013
3 0.0585 0.5335 0.017 0.013
3 0.3685 0.527 0.019 0.014
3 0.1545 0.5195 0.019 0.015
3 0.399 0.518 0.016 0.012
3 0.676 0.5165 0.016 0.013
3 0.7375 0.516 0.019 0.014
3 0.553 0.514 0.016 0.012
3 0.275 0.5125 0.016 0.013
3 0.4805 0.505 0.049 0.022
3 0.439 0.501 0.032 0.014
3 0.4085 0.5 0.017 0.012
3 0.6695 0.499 0.017 0.012
3 0.6925 0.4985 0.017 0.013
3 0.773 0.498 0.018 0.014
3 0.6345 0.497 0.027 0.024
3 0.3825 0.4885 0.017 0.013
3 0.5935 0.4865 0.017 0.013
3 0.3395 0.484 0.019 0.014
3 0.7175 0.481 0.019 0.014
3 0.449 0.4795 0.016 0.013
3 0.8125 0.48 0.019 0.014
3 0.1805 0.479 0.019 0.014
3 0.31 0.485 0.03 0.03
3 0.896 0.4695 0.016 0.013
3 0.2945 0.4695 0.017 0.013
3 0.551 0.468 0.016 0.012
3 0.2095 0.468 0.019 0.014
3 0.2675 0.464 0.017 0.012
3 0.351 0.4635 0.016 0.013
3 0.679 0.471 0.034 0.03
3 0.4175 0.46 0.017 0.012
3 0.3135 0.46 0.019 0.014
3 0.5165 0.4585 0.017 0.013
3 0.6325 0.4545 0.017 0.013
3 0.3355 0.452 0.019 0.014
3 0.251 0.4515 0.016 0.013
3 0.7615 0.45 0.017 0.012
3 0.202 0.45 0.018 0.014
3 0.8925 0.4475 0.017 0.013
3 0.4435 0.4445 0.017 0.013
3 0.376 0.439 0.016 0.012
3 0.6875 0.4375 0.017 0.013
3 0.6355 0.4365 0.017 0.013
3 0.4185 0.435 0.017 0.012
3 0.7195 0.4335 0.017 0.013
3 0.5985 0.4385 0.051 0.023
3 0.5155 0.432 0.017 0.012
3 0.7515 0.436 0.033 0.022
3 0.561 0.427 0.02 0.02
3 0.5415 0.4225 0.017 0.013
3 0.35 0.422 0.016 0.012
3 0.2925 0.413 0.019 0.014
3 0.3885 0.406 0.017 0.012
3 0.4075 0.4015 0.017 0.013
3 0.677 0.391 0.018 0.014
3 0.546 0.3905 0.016 0.013
3 0.4615 0.3875 0.017 0.013
3 0.25 0.384 0.018 0.014
3 0.198 0.381 0.018 0.014
3 0.6065 0.379 0.017 0.012
3 0.6695 0.375 0.017 0.012
3 0.4815 0.373 0.019 0.014
3 0.5905 0.3695 0.017 0.013
3 0.535 0.3645 0.026 0.017
3 0.203 0.3625 0.018 0.015
3 0.5605 0.35 0.017 0.012
3 0.477 0.348 0.018 0.014
3 0.5415 0.344 0.017 0.012
3 0.3085 0.342 0.019 0.014
3 0.1855 0.332 0.017 0.012
3 0.584 0.326 0.028 0.02
3 0.6315 0.3205 0.017 0.013
3 0.6805 0.3 0.017 0.012
3 0.246 0.2945 0.016 0.013
3 0.5125 0.289 0.033 0.018
3 0.3545 0.289 0.023 0.024
3 0.4165 0.282 0.017 0.012
3 0.3365 0.2705 0.017 0.013
3 0.4555 0.2555 0.017 0.013
