6 0.4045 0.7915 0.023 0.017
6 0.451 0.7645 0.022 0.017
6 0.4915 0.75 0.023 0.018
6 0.4155 0.7415 0.023 0.017
6 0.3045 0.7395 0.023 0.017
6 0.361 0.734 0.034 0.028
6 0.4355 0.7165 0.023 0.017
6 0.3185 0.7035 0.023 0.017
6 0.7405 0.6995 0.023 0.017
6 0.499 0.6975 0.022 0.017
6 0.6155 0.6805 0.023 0.017
6 0.1785 0.679 0.023 0.018
6 0.701 0.675 0.022 0.018
6 0.4725 0.6675 0.023 0.017
6 0.525 0.6565 0.022 0.017
6 0.5635 0.639 0.023 0.018
6 0.449 0.6235 0.022 0.017
6 0.6705 0.6225 0.023 0.017
6 0.5025 0.6095 0.023 0.017
6 0.7475 0.6085 0.023 0.017
6 0.3165 0.6055 0.023 0.017
6 0.551 0.6005 0.022 0.017
6 0.2165 0.5965 0.023 0.017
6 0.15 0.5965 0.022 0.017
6 0.5735 0.5935 0.023 0.017
6 0.5215 0.5905 0.023 0.017
6 0.1185 0.5875 0.023 0.017
6 0.5345 0.5695 0.023 0.017
6 0.5675 0.5625 0.023 0.017
6 0.4695 0.5565 0.023 0.017
6 0.7965 0.536 0.023 0.018
6 0.5835 0.5295 0.023 0.017
6 0.3365 0.5145 0.023 0.017
6 0.3955 0.507 0.023 0.018
6 0.7465 0.5045 0.023 0.017
6 0.2885 0.5045 0.023 0.017
6 0.4415 0.5035 0.023 0.017
6 0.333 0.493 0.046 0.018
6 0.6075 0.486 0.023 0.018
6 0.6725 0.4815 0.023 0.017
6 0.1465 0.4775 0.023 0.017
6 0.5045 0.4765 0.023 0.017
6 0.38 0.478 0.04 0.03
6 0.7325 0.4645 0.023 0.017
6 0.4175 0.4535 0.023 0.017
6 0.1915 0.45 0.023 0.018
6 0.1435 0.4345 0.023 0.017
6 0.6445 0.4305 0.023 0.017
6 0.7135 0.4295 0.023 0.017
6 0.6715 0.4285 0.023 0.017
6 0.5055 0.4215 0.023 0.017
6 0.4645 0.418 0.023 0.018
6 0.3345 0.4155 0.023 0.017
6 0.7 0.409 0.03 0.032
6 0.4625 0.3935 0.023 0.017
6 0.2035 0.3935 0.023 0.017
6 0.4175 0.3835 0.023 0.017
6 0.812 0.382 0.036 0.03
6 0.6345 0.3735 0.023 0.017
6 0.5925 0.3645 0.023 0.017
6 0.3135 0.364 0.023 0.018
6 0.2445 0.3625 0.023 0.017
6 0.5905 0.3445 0.023 0.017
6 0.5345 0.2855 0.023 0.017
