0 0.5345 0.89 0.053 0.048
0 0.4895 0.867 0.059 0.052
0 0.4255 0.8355 0.047 0.053
0 0.701 0.814 0.048 0.034
0 0.5385 0.814 0.057 0.038
0 0.757 0.794 0.048 0.034
0 0.498 0.792 0.04 0.038
0 0.572 0.786 0.032 0.032
0 0.5425 0.775 0.023 0.018
0 0.4785 0.7725 0.027 0.021
0 0.19 0.776 0.048 0.034
0 0.398 0.7665 0.04 0.029
0 0.6635 0.7655 0.039 0.029
0 0.706 0.763 0.04 0.03
0 0.524 0.754 0.036 0.024
0 0.4815 0.7435 0.023 0.019
0 0.7815 0.747 0.081 0.042
0 0.5935 0.7345 0.025 0.019
0 0.614 0.7445 0.058 0.043
0 0.5615 0.7335 0.027 0.021
0 0.5145 0.732 0.027 0.02
0 0.2925 0.74 0.063 0.042
0 0.3875 0.7235 0.057 0.043
0 0.6615 0.7155 0.045 0.035
0 0.7105 0.7055 0.039 0.021
0 0.4315 0.704 0.027 0.02
0 0.624 0.7015 0.028 0.021
0 0.333 0.703 0.056 0.03
0 0.7545 0.6955 0.031 0.023
0 0.675 0.6915 0.028 0.021
0 0.43 0.684 0.03 0.016
0 0.263 0.6875 0.042 0.023
0 0.578 0.698 0.046 0.05
0 0.204 0.684 0.038 0.028
0 0.723 0.6735 0.034 0.025
0 0.4175 0.6665 0.017 0.013
0 0.2935 0.6665 0.027 0.021
0 0.478 0.6615 0.016 0.013
0 0.498 0.661 0.016 0.012
0 0.826 0.668 0.048 0.034
0 0.6775 0.6585 0.025 0.019
0 0.777 0.663 0.04 0.03
0 0.2475 0.6555 0.023 0.019
0 0.3665 0.651 0.017 0.012
0 0.5675 0.65 0.017 0.012
0 0.6515 0.6425 0.025 0.019
0 0.6105 0.635 0.017 0.012
0 0.5575 0.635 0.017 0.012
0 0.1825 0.6415 0.071 0.047
0 0.3455 0.628 0.025 0.024
0 0.302 0.626 0.026 0.024
0 0.6785 0.6205 0.025 0.019
0 0.6445 0.607 0.017 0.012
0 0.2255 0.6015 0.047 0.029
0 0.785 0.5965 0.072 0.037
0 0.1915 0.5835 0.033 0.025
0 0.3355 0.574 0.021 0.016
0 0.147 0.5725 0.034 0.025
0 0.2905 0.5665 0.021 0.015
0 0.6835 0.557 0.017 0.012
0 0.5845 0.5525 0.027 0.019
0 0.2945 0.549 0.021 0.016
0 0.677 0.5425 0.042 0.019
0 0.093 0.549 0.048 0.034
0 0.3115 0.536 0.021 0.016
0 0.7765 0.548 0.097 0.06
0 0.1345 0.5245 0.033 0.025
0 0.6395 0.519 0.021 0.016
0 0.261 0.5285 0.042 0.037
0 0.21 0.537 0.048 0.056
0 0.745 0.5195 0.046 0.027
0 0.7065 0.5115 0.025 0.019
0 0.797 0.5055 0.052 0.029
0 0.7255 0.49 0.051 0.024
0 0.3225 0.4805 0.021 0.015
0 0.6155 0.474 0.017 0.012
0 0.6545 0.4795 0.045 0.031
0 0.2835 0.4795 0.057 0.035
0 0.6985 0.468 0.025 0.018
0 0.274 0.453 0.028 0.02
0 0.625 0.449 0.02 0.016
0 0.7375 0.4515 0.033 0.025
0 0.209 0.466 0.06 0.058
0 0.339 0.439 0.04 0.024
0 0.786 0.46 0.068 0.072
0 0.693 0.4385 0.044 0.035
0 0.3645 0.4195 0.021 0.015
0 0.2915 0.4155 0.027 0.021
0 0.5175 0.3975 0.021 0.015
0 0.6015 0.3965 0.037 0.031
0 0.354 0.395 0.038 0.028
0 0.3085 0.391 0.037 0.028
0 0.4545 0.379 0.023 0.018
0 0.65 0.389 0.052 0.04
0 0.418 0.3805 0.072 0.069
0 0.5485 0.348 0.055 0.032
0 0.7195 0.3545 0.069 0.059
0 0.51 0.337 0.068 0.05
