5 0.5915 0.814 0.035 0.026
5 0.4805 0.7735 0.029 0.021
5 0.7625 0.7745 0.035 0.027
5 0.651 0.7745 0.036 0.027
5 0.5565 0.764 0.029 0.02
5 0.3395 0.782 0.039 0.066
5 0.4685 0.7375 0.029 0.021
5 0.424 0.737 0.03 0.02
5 0.5085 0.7435 0.053 0.035
5 0.6285 0.703 0.029 0.02
5 0.7185 0.7225 0.087 0.073
5 0.4625 0.686 0.029 0.02
5 0.9055 0.6875 0.035 0.027
5 0.3465 0.6835 0.029 0.021
5 0.4295 0.6875 0.049 0.047
5 0.5065 0.6725 0.029 0.021
5 0.3135 0.672 0.031 0.022
5 0.6605 0.674 0.031 0.034
5 0.5825 0.6775 0.045 0.049
5 0.1915 0.6555 0.035 0.027
5 0.8175 0.6545 0.035 0.027
5 0.4335 0.649 0.029 0.02
5 0.5415 0.6405 0.029 0.021
5 0.3025 0.64 0.029 0.02
5 0.2285 0.64 0.029 0.02
5 0.6425 0.6355 0.023 0.017
5 0.363 0.639 0.036 0.032
5 0.1045 0.6275 0.029 0.021
5 0.6045 0.619 0.023 0.014
5 0.7365 0.621 0.029 0.02
5 0.6915 0.619 0.029 0.02
5 0.771 0.618 0.036 0.026
5 0.1575 0.611 0.029 0.02
5 0.4795 0.605 0.023 0.014
5 0.5305 0.6055 0.029 0.021
5 0.6685 0.601 0.029 0.02
5 0.3565 0.5985 0.029 0.021
5 0.2515 0.606 0.131 0.044
5 0.58 0.583 0.046 0.026
5 0.3855 0.575 0.047 0.018
5 0.5405 0.574 0.029 0.02
5 0.618 0.5715 0.058 0.031
5 0.3555 0.5595 0.017 0.013
5 0.6855 0.573 0.073 0.05
5 0.1465 0.555 0.029 0.02
5 0.5305 0.5515 0.029 0.021
5 0.1865 0.5485 0.023 0.015
5 0.395 0.5435 0.042 0.017
5 0.699 0.54 0.016 0.012
5 0.4635 0.541 0.023 0.014
5 0.4275 0.5375 0.023 0.015
5 0.2345 0.537 0.023 0.016
5 0.3445 0.5355 0.041 0.017
5 0.777 0.531 0.03 0.02
5 0.625 0.526 0.048 0.026
5 0.3645 0.517 0.023 0.014
5 0.5705 0.515 0.017 0.012
5 0.82 0.517 0.036 0.02
5 0.0945 0.5125 0.035 0.021
5 0.4325 0.502 0.019 0.014
5 0.5925 0.499 0.017 0.012
5 0.2195 0.5 0.023 0.016
5 0.398 0.496 0.018 0.014
5 0.7885 0.494 0.029 0.02
5 0.5615 0.4855 0.011 0.011
5 0.1355 0.485 0.029 0.02
5 0.83 0.4845 0.036 0.027
5 0.422 0.4755 0.014 0.011
5 0.3165 0.472 0.019 0.014
5 0.2855 0.472 0.019 0.014
5 0.519 0.4695 0.01 0.011
5 0.626 0.4645 0.01 0.011
5 0.5705 0.4655 0.017 0.013
5 0.4635 0.474 0.061 0.034
5 0.6095 0.4625 0.017 0.013
5 0.2605 0.4665 0.029 0.021
5 0.692 0.4695 0.056 0.029
5 0.2285 0.464 0.029 0.02
5 0.1935 0.464 0.029 0.02
5 0.4385 0.4565 0.015 0.011
5 0.1595 0.457 0.035 0.02
5 0.5385 0.4495 0.015 0.011
5 0.5105 0.451 0.023 0.016
5 0.4835 0.451 0.027 0.016
5 0.3445 0.445 0.019 0.014
5 0.4145 0.4395 0.015 0.011
5 0.763 0.4415 0.026 0.023
5 0.736 0.434 0.024 0.014
5 0.6835 0.4265 0.015 0.011
5 0.5135 0.427 0.019 0.014
5 0.8525 0.4425 0.051 0.045
5 0.294 0.4325 0.056 0.025
5 0.2245 0.4275 0.063 0.023
5 0.3655 0.4195 0.019 0.011
5 0.5405 0.424 0.019 0.032
5 0.5045 0.408 0.019 0.014
5 0.3175 0.407 0.025 0.014
5 0.7625 0.396 0.019 0.014
5 0.3335 0.393 0.019 0.014
5 0.6405 0.3905 0.015 0.011
5 0.8345 0.392 0.035 0.02
5 0.5895 0.387 0.019 0.014
5 0.3705 0.3855 0.019 0.011
5 0.3 0.389 0.03 0.02
5 0.4145 0.3885 0.025 0.021
5 0.3935 0.373 0.019 0.014
5 0.6445 0.3705 0.019 0.011
5 0.4205 0.3705 0.019 0.011
5 0.729 0.3755 0.03 0.031
5 0.277 0.3655 0.03 0.021
5 0.8345 0.363 0.035 0.02
5 0.648 0.3535 0.018 0.011
5 0.381 0.353 0.038 0.016
5 0.4415 0.3465 0.019 0.011
5 0.3575 0.339 0.023 0.016
5 0.273 0.338 0.036 0.02
5 0.5105 0.3285 0.019 0.011
5 0.452 0.3285 0.018 0.011
5 0.4185 0.3235 0.019 0.011
5 0.5265 0.321 0.029 0.018
5 0.5715 0.3185 0.023 0.025
5 0.7815 0.314 0.035 0.02
5 0.5985 0.3115 0.033 0.017
5 0.3605 0.312 0.029 0.02
5 0.747 0.299 0.036 0.02
5 0.623 0.2835 0.036 0.027
5 0.5445 0.2805 0.035 0.021
5 0.3465 0.2785 0.063 0.047
5 0.4965 0.2725 0.053 0.039
5 0.525 0.258 0.036 0.02
5 0.325 0.251 0.036 0.02
5 0.642 0.249 0.06 0.032
5 0.55 0.24 0.036 0.02
