7 0.306 0.767 0.042 0.03
7 0.4935 0.743 0.029 0.022
7 0.4285 0.715 0.029 0.022
7 0.5045 0.71 0.029 0.022
7 0.3975 0.6835 0.025 0.019
7 0.7475 0.664 0.029 0.022
7 0.4275 0.6535 0.039 0.047
7 0.4635 0.6375 0.025 0.019
7 0.4 0.632 0.024 0.018
7 0.125 0.634 0.03 0.022
7 0.3445 0.6315 0.025 0.019
7 0.7005 0.631 0.059 0.024
7 0.5325 0.625 0.021 0.016
7 0.4845 0.6145 0.049 0.031
7 0.4275 0.6125 0.043 0.027
7 0.5315 0.6045 0.021 0.015
7 0.6855 0.6035 0.033 0.025
7 0.1415 0.6095 0.055 0.043
7 0.276 0.5925 0.034 0.025
7 0.3545 0.5975 0.075 0.041
7 0.602 0.572 0.02 0.016
7 0.6645 0.5755 0.033 0.025
7 0.484 0.571 0.054 0.032
7 0.7135 0.5615 0.033 0.025
7 0.274 0.556 0.03 0.022
7 0.3685 0.5525 0.025 0.019
7 0.1885 0.553 0.029 0.022
7 0.43 0.5505 0.05 0.019
7 0.6265 0.5415 0.023 0.017
7 0.4805 0.5375 0.023 0.017
7 0.4215 0.5285 0.025 0.019
7 0.332 0.5315 0.046 0.029
7 0.795 0.5195 0.038 0.027
7 0.166 0.5125 0.046 0.029
7 0.748 0.5095 0.034 0.025
7 0.45 0.5065 0.024 0.019
7 0.357 0.5065 0.048 0.031
7 0.5945 0.494 0.027 0.02
7 0.292 0.506 0.086 0.058
7 0.4375 0.4815 0.019 0.013
7 0.1635 0.484 0.029 0.022
7 0.7055 0.4835 0.031 0.023
7 0.4095 0.476 0.019 0.012
7 0.5295 0.4765 0.023 0.017
7 0.4585 0.465 0.019 0.012
7 0.4285 0.46 0.019 0.012
7 0.3645 0.464 0.037 0.026
7 0.6305 0.4545 0.033 0.025
7 0.7555 0.452 0.035 0.028
7 0.4145 0.4455 0.023 0.017
7 0.2835 0.445 0.029 0.022
7 0.3465 0.432 0.023 0.018
7 0.4485 0.438 0.025 0.034
7 0.7125 0.43 0.037 0.028
7 0.2545 0.422 0.029 0.022
7 0.3375 0.4045 0.033 0.025
7 0.5675 0.396 0.029 0.022
7 0.4085 0.38 0.029 0.022
7 0.2215 0.374 0.029 0.022
7 0.6215 0.352 0.029 0.022
7 0.3995 0.343 0.039 0.04
7 0.4715 0.285 0.029 0.022
