0 0.368 0.8325 0.042 0.031
0 0.472 0.8095 0.036 0.025
0 0.6285 0.791 0.029 0.022
0 0.6535 0.775 0.023 0.018
0 0.4045 0.758 0.029 0.022
0 0.7685 0.747 0.029 0.022
0 0.3165 0.7305 0.029 0.021
0 0.3635 0.725 0.031 0.026
0 0.3445 0.711 0.023 0.018
0 0.8415 0.7075 0.035 0.025
0 0.7275 0.7035 0.023 0.017
0 0.325 0.6925 0.022 0.017
0 0.7945 0.695 0.057 0.032
0 0.249 0.683 0.03 0.022
0 0.293 0.6805 0.038 0.029
0 0.751 0.671 0.022 0.018
0 0.2675 0.6585 0.023 0.017
0 0.1425 0.656 0.029 0.022
0 0.807 0.6575 0.028 0.029
0 0.1695 0.643 0.029 0.022
0 0.2855 0.6385 0.023 0.017
0 0.8175 0.629 0.023 0.018
0 0.2125 0.6265 0.059 0.029
0 0.7915 0.6195 0.023 0.017
0 0.143 0.612 0.052 0.026
0 0.8405 0.6015 0.029 0.021
0 0.8 0.6015 0.04 0.027
0 0.1025 0.596 0.029 0.022
0 0.1925 0.5885 0.043 0.023
0 0.8195 0.5845 0.023 0.017
0 0.2395 0.5745 0.023 0.017
0 0.171 0.5675 0.036 0.017
0 0.2155 0.5535 0.023 0.017
0 0.7925 0.5395 0.023 0.017
0 0.2395 0.5305 0.043 0.019
0 0.8875 0.528 0.029 0.022
0 0.7765 0.5235 0.023 0.017
0 0.8445 0.521 0.029 0.022
0 0.173 0.516 0.044 0.018
0 0.0925 0.5015 0.029 0.021
0 0.799 0.4945 0.022 0.017
0 0.7685 0.4915 0.023 0.017
0 0.8555 0.49 0.029 0.022
0 0.8265 0.4855 0.023 0.017
0 0.1385 0.4805 0.029 0.021
0 0.8965 0.474 0.029 0.022
0 0.7585 0.461 0.023 0.018
0 0.2775 0.4595 0.023 0.017
0 0.148 0.4545 0.036 0.019
0 0.8155 0.444 0.029 0.022
0 0.2225 0.445 0.059 0.03
0 0.1315 0.429 0.029 0.022
0 0.7475 0.4195 0.037 0.021
0 0.6905 0.4165 0.023 0.017
0 0.279 0.419 0.036 0.022
0 0.2045 0.4135 0.023 0.017
0 0.8415 0.405 0.029 0.022
0 0.2455 0.405 0.033 0.022
0 0.1555 0.3985 0.029 0.021
0 0.318 0.3995 0.044 0.029
0 0.2765 0.3935 0.023 0.017
0 0.4865 0.393 0.023 0.018
0 0.1915 0.393 0.023 0.018
0 0.6635 0.3915 0.039 0.017
0 0.358 0.3815 0.032 0.021
0 0.5825 0.379 0.023 0.018
0 0.3185 0.375 0.023 0.018
0 0.6215 0.3845 0.045 0.039
0 0.1905 0.37 0.029 0.022
0 0.3695 0.3515 0.023 0.017
0 0.411 0.357 0.056 0.03
0 0.6 0.348 0.03 0.022
0 0.3585 0.315 0.029 0.022
0 0.4085 0.3025 0.035 0.025
