7 0.4915 0.789 0.031 0.022
7 0.558 0.7845 0.086 0.033
7 0.7465 0.771 0.031 0.022
7 0.326 0.756 0.032 0.022
7 0.2825 0.752 0.031 0.022
7 0.3925 0.741 0.031 0.022
7 0.4455 0.739 0.025 0.02
7 0.3115 0.732 0.031 0.022
7 0.4925 0.724 0.025 0.02
7 0.426 0.7245 0.032 0.027
7 0.6865 0.7125 0.031 0.021
7 0.6035 0.7125 0.049 0.021
7 0.474 0.7045 0.02 0.015
7 0.3565 0.7085 0.043 0.029
7 0.5125 0.699 0.021 0.016
7 0.6385 0.6915 0.021 0.015
7 0.567 0.696 0.032 0.026
7 0.4845 0.689 0.021 0.016
7 0.3515 0.6805 0.025 0.021
7 0.61 0.683 0.032 0.028
7 0.526 0.6815 0.024 0.027
7 0.8395 0.671 0.031 0.022
7 0.4675 0.669 0.025 0.024
7 0.7465 0.673 0.047 0.044
7 0.7825 0.661 0.031 0.022
7 0.5905 0.6455 0.021 0.015
7 0.4135 0.646 0.025 0.02
7 0.3565 0.6505 0.033 0.029
7 0.2455 0.645 0.031 0.022
7 0.6795 0.636 0.021 0.016
7 0.544 0.6375 0.034 0.021
7 0.7195 0.6365 0.029 0.025
7 0.5945 0.628 0.021 0.016
7 0.4405 0.626 0.021 0.016
7 0.502 0.635 0.068 0.04
7 0.848 0.624 0.032 0.022
7 0.6535 0.615 0.021 0.016
7 0.7845 0.6125 0.021 0.015
7 0.7305 0.612 0.021 0.016
7 0.5895 0.611 0.021 0.016
7 0.4225 0.6095 0.021 0.015
7 0.6805 0.6085 0.021 0.015
7 0.501 0.6115 0.04 0.021
7 0.625 0.6135 0.03 0.031
7 0.3695 0.607 0.025 0.02
7 0.3135 0.6125 0.077 0.031
7 0.557 0.609 0.038 0.036
7 0.1965 0.598 0.031 0.022
7 0.6675 0.594 0.021 0.016
7 0.5805 0.594 0.021 0.016
7 0.3855 0.5915 0.019 0.013
7 0.7815 0.592 0.021 0.016
7 0.475 0.585 0.02 0.016
7 0.4435 0.5835 0.021 0.015
7 0.65 0.5805 0.02 0.015
7 0.7295 0.58 0.021 0.016
7 0.8345 0.572 0.031 0.022
7 0.4865 0.5725 0.039 0.023
7 0.55 0.568 0.02 0.016
7 0.7835 0.567 0.045 0.018
7 0.7185 0.5645 0.033 0.019
7 0.3335 0.558 0.023 0.016
7 0.3915 0.5555 0.019 0.013
7 0.693 0.5725 0.05 0.049
7 0.877 0.558 0.032 0.022
7 0.2765 0.5705 0.063 0.047
7 0.1705 0.558 0.031 0.022
7 0.7065 0.549 0.021 0.016
7 0.1105 0.5515 0.031 0.021
7 0.6085 0.5535 0.021 0.029
7 0.377 0.5455 0.018 0.013
7 0.5815 0.546 0.021 0.016
7 0.2055 0.544 0.031 0.022
7 0.4305 0.5415 0.059 0.027
7 0.8395 0.536 0.031 0.022
7 0.7045 0.5275 0.021 0.015
7 0.5305 0.5445 0.055 0.051
7 0.659 0.5355 0.032 0.041
7 0.176 0.523 0.032 0.022
7 0.4665 0.5135 0.019 0.013
7 0.2545 0.515 0.025 0.02
7 0.293 0.511 0.042 0.022
7 0.3785 0.507 0.043 0.016
7 0.4185 0.5095 0.045 0.033
7 0.5245 0.502 0.029 0.028
7 0.6965 0.497 0.031 0.022
7 0.485 0.4965 0.034 0.025
7 0.365 0.4885 0.054 0.015
7 0.2865 0.487 0.025 0.02
7 0.7695 0.487 0.061 0.026
7 0.2405 0.4915 0.039 0.035
7 0.612 0.4875 0.036 0.039
7 0.403 0.476 0.026 0.022
7 0.5155 0.4695 0.021 0.015
7 0.3585 0.468 0.023 0.016
7 0.4885 0.4665 0.021 0.015
7 0.3125 0.4665 0.025 0.021
7 0.2295 0.4625 0.031 0.021
7 0.3935 0.45 0.047 0.024
7 0.7055 0.445 0.031 0.022
7 0.4515 0.4465 0.055 0.031
7 0.1825 0.439 0.031 0.022
7 0.5105 0.435 0.021 0.016
7 0.5835 0.4335 0.025 0.021
7 0.536 0.435 0.024 0.028
7 0.3535 0.4225 0.023 0.015
7 0.3785 0.417 0.023 0.016
7 0.7385 0.418 0.031 0.022
7 0.538 0.404 0.062 0.032
7 0.4625 0.395 0.025 0.02
7 0.4435 0.3665 0.025 0.021
7 0.2615 0.343 0.025 0.02
7 0.3975 0.342 0.025 0.02
7 0.5025 0.34 0.025 0.02
7 0.5465 0.2985 0.025 0.021
