1 0.5395 0.7615 0.017 0.013
1 0.4935 0.7325 0.015 0.011
1 0.546 0.7275 0.014 0.011
1 0.5145 0.7165 0.015 0.011
1 0.2325 0.716 0.019 0.014
1 0.471 0.7105 0.014 0.011
1 0.1635 0.711 0.019 0.014
1 0.395 0.707 0.014 0.01
1 0.2555 0.708 0.019 0.014
1 0.3635 0.706 0.017 0.012
1 0.299 0.707 0.018 0.014
1 0.497 0.7055 0.016 0.013
1 0.522 0.7025 0.016 0.013
1 0.5385 0.696 0.017 0.012
1 0.62 0.692 0.03 0.012
1 0.3945 0.6885 0.017 0.013
1 0.5595 0.6855 0.015 0.011
1 0.35 0.6865 0.016 0.013
1 0.4895 0.6835 0.017 0.013
1 0.4345 0.6805 0.017 0.013
1 0.4595 0.6765 0.017 0.013
1 0.5355 0.675 0.015 0.01
1 0.403 0.675 0.016 0.012
1 0.495 0.6605 0.014 0.011
1 0.301 0.661 0.018 0.014
1 0.655 0.6555 0.014 0.011
1 0.53 0.65 0.02 0.018
1 0.383 0.6465 0.024 0.017
1 0.351 0.6415 0.016 0.013
1 0.547 0.6375 0.014 0.011
1 0.454 0.6375 0.014 0.011
1 0.4065 0.6415 0.023 0.021
1 0.496 0.6335 0.014 0.011
1 0.366 0.631 0.024 0.022
1 0.6665 0.5975 0.015 0.011
1 0.4315 0.611 0.035 0.04
1 0.3235 0.601 0.029 0.03
1 0.6845 0.5855 0.015 0.011
1 0.405 0.5865 0.022 0.023
1 0.3615 0.576 0.017 0.012
1 0.2375 0.571 0.017 0.012
1 0.7355 0.5605 0.015 0.011
1 0.3515 0.56 0.051 0.014
1 0.6605 0.55 0.015 0.01
1 0.7405 0.525 0.015 0.01
1 0.627 0.5185 0.014 0.011
1 0.6095 0.4655 0.015 0.011
1 0.155 0.4645 0.014 0.011
1 0.5855 0.4605 0.015 0.011
1 0.1845 0.4585 0.015 0.011
1 0.1595 0.4425 0.041 0.025
1 0.647 0.4325 0.014 0.011
1 0.6625 0.4215 0.015 0.011
1 0.5895 0.4205 0.015 0.011
1 0.647 0.4 0.014 0.01
1 0.628 0.3885 0.014 0.011
1 0.678 0.3835 0.014 0.011
1 0.6375 0.3535 0.015 0.011
1 0.61 0.361 0.024 0.032
