7 0.3085 0.7175 0.041 0.031
7 0.2325 0.725 0.065 0.048
7 0.4885 0.6835 0.053 0.037
7 0.42 0.6605 0.042 0.031
7 0.574 0.654 0.052 0.038
7 0.494 0.646 0.04 0.03
7 0.054 0.6455 0.064 0.049
7 0.382 0.63 0.04 0.03
7 0.753 0.638 0.064 0.048
7 0.4545 0.626 0.031 0.024
7 0.706 0.6085 0.04 0.029
7 0.547 0.606 0.04 0.03
7 0.4925 0.5845 0.025 0.019
7 0.271 0.59 0.04 0.03
7 0.5195 0.5755 0.025 0.019
7 0.3815 0.575 0.025 0.018
7 0.7375 0.58 0.047 0.036
7 0.3035 0.5585 0.025 0.019
7 0.1095 0.5815 0.089 0.079
7 0.7 0.5495 0.042 0.031
7 0.248 0.5445 0.042 0.031
7 0.3545 0.529 0.025 0.018
7 0.2405 0.5085 0.031 0.023
7 0.1495 0.511 0.043 0.03
7 0.826 0.4625 0.064 0.049
7 0.65 0.4405 0.024 0.019
7 0.771 0.4345 0.042 0.031
7 0.1115 0.452 0.061 0.076
7 0.6565 0.4165 0.025 0.019
7 0.1845 0.4205 0.047 0.027
7 0.5815 0.3955 0.025 0.019
7 0.797 0.4015 0.052 0.037
7 0.2315 0.3885 0.031 0.023
7 0.5235 0.3815 0.025 0.019
7 0.5405 0.364 0.025 0.018
7 0.5115 0.3635 0.025 0.019
7 0.197 0.367 0.034 0.026
7 0.4055 0.3685 0.031 0.041
7 0.2315 0.358 0.031 0.024
7 0.323 0.325 0.032 0.024
7 0.703 0.3485 0.116 0.073
7 0.481 0.321 0.038 0.028
7 0.525 0.313 0.044 0.034
7 0.159 0.314 0.046 0.036
7 0.277 0.282 0.042 0.032
7 0.58 0.2585 0.064 0.049
7 0.1605 0.257 0.065 0.048
7 0.4075 0.1955 0.065 0.049
