7 0.545 0.8805 0.056 0.045
7 0.306 0.861 0.056 0.046
7 0.55 0.725 0.046 0.036
7 0.468 0.721 0.046 0.036
7 0.718 0.728 0.074 0.074
7 0.3165 0.721 0.079 0.068
7 0.528 0.694 0.038 0.03
7 0.596 0.686 0.042 0.032
7 0.4665 0.674 0.037 0.028
7 0.5615 0.6695 0.029 0.021
7 0.767 0.685 0.07 0.06
7 0.333 0.6645 0.056 0.025
7 0.4075 0.6585 0.029 0.021
7 0.6105 0.6485 0.029 0.021
7 0.3355 0.638 0.029 0.02
7 0.173 0.6305 0.056 0.045
7 0.3415 0.611 0.029 0.02
7 0.6735 0.5915 0.051 0.021
7 0.206 0.5935 0.042 0.031
7 0.2905 0.5955 0.043 0.063
7 0.878 0.586 0.056 0.046
7 0.2405 0.573 0.037 0.028
7 0.17 0.572 0.046 0.036
7 0.6805 0.5515 0.029 0.021
7 0.2675 0.539 0.029 0.02
7 0.126 0.5455 0.056 0.045
7 0.8055 0.5405 0.071 0.063
7 0.673 0.519 0.03 0.02
7 0.2115 0.522 0.045 0.036
7 0.327 0.495 0.03 0.02
7 0.743 0.4995 0.042 0.031
7 0.243 0.491 0.046 0.036
7 0.753 0.461 0.038 0.028
7 0.6825 0.4335 0.029 0.021
7 0.4385 0.4305 0.029 0.021
7 0.355 0.434 0.038 0.028
7 0.7375 0.4315 0.041 0.031
7 0.6415 0.398 0.029 0.02
7 0.2885 0.4045 0.057 0.045
7 0.5425 0.347 0.029 0.02
7 0.6435 0.349 0.037 0.028
7 0.4855 0.3435 0.041 0.031
7 0.678 0.329 0.042 0.032
7 0.4 0.3165 0.056 0.045
7 0.619 0.3055 0.046 0.035
