1 0.5015 0.8615 0.025 0.019
1 0.6105 0.8665 0.029 0.033
1 0.5335 0.8515 0.025 0.019
1 0.2595 0.8025 0.025 0.019
1 0.538 0.788 0.056 0.056
1 0.217 0.7835 0.042 0.047
1 0.467 0.8005 0.064 0.097
1 0.2915 0.75 0.021 0.016
1 0.263 0.7585 0.028 0.035
1 0.75 0.7495 0.024 0.019
1 0.4845 0.7495 0.025 0.019
1 0.1945 0.7495 0.025 0.019
1 0.372 0.7735 0.098 0.069
1 0.5735 0.7445 0.025 0.019
1 0.3825 0.7345 0.021 0.015
1 0.6855 0.725 0.021 0.016
1 0.6605 0.731 0.025 0.028
1 0.339 0.725 0.04 0.018
1 0.2965 0.728 0.039 0.024
1 0.6165 0.7255 0.037 0.021
1 0.449 0.7205 0.02 0.017
1 0.577 0.712 0.018 0.014
1 0.404 0.716 0.026 0.028
1 0.217 0.721 0.03 0.04
1 0.3315 0.7005 0.015 0.011
1 0.7315 0.701 0.021 0.016
1 0.469 0.704 0.034 0.03
1 0.284 0.7005 0.046 0.023
1 0.6665 0.6985 0.051 0.021
1 0.6175 0.698 0.017 0.02
1 0.5215 0.6955 0.035 0.027
1 0.598 0.6865 0.014 0.011
1 0.752 0.688 0.02 0.016
1 0.4415 0.6845 0.015 0.011
1 0.3175 0.686 0.021 0.016
1 0.3695 0.6825 0.015 0.011
1 0.407 0.6855 0.024 0.019
1 0.676 0.6805 0.014 0.011
1 0.2045 0.6875 0.089 0.035
1 0.7835 0.676 0.021 0.016
1 0.3615 0.6715 0.015 0.011
1 0.712 0.6865 0.028 0.041
1 0.2695 0.6725 0.021 0.015
1 0.624 0.673 0.036 0.02
1 0.7415 0.6695 0.021 0.015
1 0.81 0.6835 0.04 0.049
1 0.5215 0.663 0.019 0.014
1 0.2185 0.663 0.021 0.016
1 0.1925 0.664 0.025 0.018
1 0.65 0.6585 0.014 0.011
1 0.4065 0.66 0.021 0.016
1 0.429 0.657 0.014 0.01
1 0.5725 0.6685 0.051 0.035
1 0.5395 0.6565 0.015 0.011
1 0.3 0.6705 0.032 0.041
1 0.626 0.6545 0.014 0.011
1 0.3615 0.6535 0.015 0.011
1 0.8475 0.653 0.025 0.018
1 0.724 0.6465 0.014 0.011
1 0.4825 0.651 0.023 0.02
1 0.705 0.6455 0.014 0.011
1 0.675 0.6515 0.04 0.033
1 0.308 0.6425 0.038 0.017
1 0.446 0.6515 0.022 0.039
1 0.3805 0.637 0.021 0.016
1 0.8285 0.6345 0.025 0.019
1 0.7945 0.632 0.021 0.016
1 0.347 0.6285 0.014 0.011
1 0.7525 0.63 0.027 0.018
1 0.2275 0.629 0.021 0.016
1 0.5385 0.625 0.015 0.01
1 0.6095 0.6215 0.015 0.011
1 0.774 0.6215 0.014 0.011
1 0.8075 0.6185 0.017 0.013
1 0.8345 0.617 0.017 0.012
1 0.1665 0.618 0.025 0.018
1 0.582 0.6095 0.026 0.013
1 0.2085 0.611 0.021 0.016
1 0.6835 0.6055 0.015 0.011
1 0.099 0.6125 0.062 0.035
1 0.7485 0.605 0.019 0.02
1 0.398 0.6 0.014 0.01
1 0.7825 0.5985 0.017 0.013
1 0.429 0.5995 0.018 0.019
1 0.8355 0.5955 0.021 0.015
1 0.723 0.5995 0.026 0.023
1 0.579 0.5915 0.014 0.011
1 0.4665 0.5905 0.015 0.011
1 0.8055 0.5965 0.021 0.025
1 0.75 0.5845 0.016 0.013
1 0.3455 0.599 0.029 0.042
1 0.721 0.5805 0.014 0.011
1 0.8545 0.5825 0.025 0.019
1 0.603 0.5755 0.014 0.011
1 0.672 0.575 0.014 0.01
1 0.1195 0.575 0.021 0.016
1 0.245 0.5795 0.048 0.027
1 0.7 0.5675 0.014 0.011
1 0.7435 0.565 0.027 0.02
1 0.6295 0.5585 0.017 0.013
1 0.3205 0.558 0.021 0.016
1 0.2295 0.5595 0.031 0.023
1 0.6625 0.5445 0.017 0.013
1 0.286 0.547 0.042 0.018
1 0.3395 0.543 0.021 0.016
1 0.2055 0.5405 0.021 0.015
1 0.152 0.5405 0.02 0.015
1 0.8155 0.5485 0.049 0.035
1 0.875 0.5405 0.038 0.023
1 0.7855 0.537 0.031 0.016
1 0.1795 0.536 0.021 0.016
1 0.1165 0.536 0.035 0.024
1 0.3575 0.522 0.021 0.016
1 0.7945 0.516 0.019 0.014
1 0.3005 0.523 0.021 0.032
1 0.72 0.516 0.03 0.022
1 0.7645 0.517 0.033 0.024
1 0.6955 0.51 0.019 0.014
1 0.647 0.5095 0.016 0.013
1 0.4335 0.504 0.019 0.016
1 0.7125 0.499 0.019 0.014
1 0.3925 0.497 0.017 0.012
1 0.8155 0.4985 0.025 0.019
1 0.6185 0.4955 0.017 0.013
1 0.7305 0.489 0.019 0.014
1 0.234 0.4945 0.036 0.025
1 0.176 0.489 0.02 0.016
1 0.7705 0.488 0.021 0.02
1 0.325 0.483 0.022 0.022
1 0.294 0.4785 0.034 0.025
1 0.2605 0.4765 0.031 0.023
1 0.8085 0.4735 0.025 0.019
1 0.352 0.467 0.018 0.014
1 0.6645 0.4655 0.017 0.013
1 0.5915 0.464 0.017 0.012
1 0.756 0.467 0.042 0.024
1 0.2095 0.462 0.021 0.016
1 0.6095 0.4585 0.017 0.013
1 0.7315 0.458 0.019 0.014
1 0.2535 0.4555 0.021 0.015
1 0.5705 0.4525 0.017 0.013
1 0.8305 0.4545 0.025 0.019
1 0.694 0.461 0.048 0.034
1 0.2805 0.451 0.021 0.016
1 0.7555 0.446 0.019 0.014
1 0.5835 0.442 0.017 0.012
1 0.7285 0.442 0.019 0.014
1 0.2065 0.4415 0.021 0.015
1 0.4095 0.44 0.019 0.016
1 0.625 0.438 0.018 0.016
1 0.3445 0.435 0.021 0.016
1 0.4555 0.4295 0.017 0.013
1 0.3925 0.429 0.021 0.016
1 0.31 0.4375 0.042 0.037
1 0.6835 0.43 0.035 0.024
1 0.4135 0.4235 0.017 0.013
1 0.7715 0.4255 0.025 0.019
1 0.7155 0.422 0.019 0.014
1 0.1655 0.422 0.021 0.016
1 0.5595 0.4185 0.017 0.013
1 0.2575 0.4125 0.021 0.015
1 0.4865 0.4085 0.017 0.013
1 0.5085 0.4095 0.021 0.015
1 0.701 0.408 0.018 0.014
1 0.4575 0.4095 0.019 0.025
1 0.624 0.401 0.016 0.012
1 0.3925 0.4 0.019 0.016
1 0.7335 0.4005 0.025 0.019
1 0.6825 0.3985 0.019 0.015
1 0.647 0.402 0.022 0.022
1 0.3215 0.396 0.021 0.016
1 0.7055 0.387 0.019 0.016
1 0.6325 0.3845 0.017 0.013
1 0.5585 0.398 0.059 0.04
1 0.5305 0.383 0.021 0.016
1 0.2565 0.3855 0.047 0.025
1 0.4905 0.38 0.037 0.02
1 0.4055 0.3735 0.021 0.015
1 0.451 0.3695 0.02 0.015
1 0.1445 0.3695 0.021 0.015
1 0.6785 0.3705 0.025 0.019
1 0.5725 0.367 0.021 0.016
1 0.322 0.364 0.038 0.02
1 0.201 0.358 0.02 0.016
1 0.6495 0.3625 0.021 0.029
1 0.6205 0.3525 0.019 0.015
1 0.333 0.341 0.05 0.026
1 0.4885 0.3405 0.027 0.031
1 0.386 0.3315 0.026 0.027
1 0.567 0.3235 0.026 0.025
1 0.2535 0.315 0.021 0.016
1 0.2985 0.3105 0.053 0.025
1 0.4565 0.307 0.025 0.018
1 0.3825 0.296 0.021 0.016
1 0.2675 0.288 0.021 0.016
