6 0.4965 0.9115 0.023 0.017
6 0.6865 0.889 0.023 0.018
6 0.4135 0.8745 0.023 0.017
6 0.253 0.8225 0.014 0.013
6 0.223 0.8085 0.014 0.013
6 0.5885 0.799 0.015 0.012
6 0.4385 0.7875 0.023 0.017
6 0.2095 0.7795 0.015 0.013
6 0.623 0.778 0.014 0.012
6 0.5365 0.772 0.015 0.012
6 0.7195 0.768 0.015 0.012
6 0.67 0.766 0.024 0.022
6 0.6115 0.758 0.025 0.012
6 0.2385 0.7585 0.023 0.017
6 0.3085 0.7525 0.023 0.017
6 0.5375 0.7455 0.015 0.013
6 0.2815 0.743 0.023 0.018
6 0.703 0.735 0.014 0.012
6 0.4265 0.732 0.023 0.018
6 0.344 0.73 0.03 0.014
6 0.5605 0.7115 0.015 0.013
6 0.8325 0.708 0.015 0.012
6 0.5125 0.701 0.015 0.012
6 0.4675 0.6885 0.015 0.013
6 0.3685 0.6765 0.015 0.013
6 0.2915 0.6655 0.015 0.013
6 0.577 0.665 0.014 0.012
6 0.5305 0.657 0.015 0.012
6 0.479 0.651 0.014 0.012
6 0.1105 0.65 0.015 0.012
6 0.701 0.6445 0.014 0.013
6 0.4625 0.6445 0.015 0.013
6 0.5085 0.644 0.015 0.012
6 0.7915 0.6315 0.015 0.013
6 0.849 0.626 0.014 0.012
6 0.879 0.622 0.014 0.012
6 0.495 0.6185 0.014 0.013
6 0.4595 0.61 0.015 0.012
6 0.553 0.6045 0.014 0.013
6 0.2335 0.6 0.015 0.012
6 0.446 0.582 0.014 0.012
6 0.8885 0.5775 0.015 0.013
6 0.1375 0.5765 0.015 0.013
6 0.279 0.5635 0.014 0.013
6 0.8875 0.558 0.015 0.012
6 0.677 0.558 0.014 0.012
6 0.164 0.557 0.026 0.018
6 0.622 0.5515 0.014 0.013
6 0.575 0.551 0.014 0.012
6 0.7185 0.546 0.015 0.012
6 0.422 0.543 0.014 0.012
6 0.6855 0.5405 0.015 0.013
6 0.35 0.539 0.014 0.012
6 0.6645 0.536 0.015 0.012
6 0.624 0.5315 0.014 0.013
6 0.5095 0.5305 0.015 0.013
6 0.221 0.529 0.014 0.012
6 0.2885 0.525 0.015 0.012
6 0.6365 0.5205 0.015 0.013
6 0.8435 0.515 0.015 0.012
6 0.2345 0.506 0.015 0.012
6 0.5925 0.503 0.015 0.012
6 0.2865 0.4975 0.015 0.013
6 0.8905 0.4945 0.015 0.013
6 0.305 0.493 0.014 0.012
6 0.1575 0.493 0.015 0.012
6 0.374 0.492 0.014 0.012
6 0.799 0.4915 0.014 0.013
6 0.3405 0.4845 0.015 0.013
6 0.505 0.476 0.014 0.012
6 0.321 0.475 0.014 0.012
6 0.8395 0.474 0.015 0.012
6 0.545 0.4735 0.014 0.013
6 0.6655 0.464 0.015 0.012
6 0.3125 0.4595 0.015 0.013
6 0.198 0.4515 0.014 0.013
6 0.545 0.4475 0.014 0.013
6 0.7845 0.439 0.015 0.012
6 0.305 0.439 0.014 0.012
6 0.5865 0.436 0.015 0.012
6 0.2115 0.435 0.015 0.012
6 0.3805 0.4305 0.015 0.013
6 0.425 0.4225 0.014 0.013
6 0.6805 0.415 0.015 0.012
6 0.751 0.4135 0.014 0.013
6 0.412 0.403 0.026 0.02
6 0.6175 0.3705 0.015 0.013
6 0.6385 0.3625 0.015 0.013
6 0.3605 0.358 0.015 0.012
6 0.4645 0.342 0.015 0.012
