2 0.48046875 0.3378297145830175 0.040625 0.03773634933607006
2 0.36484375 0.20256490115490924 0.040625 0.03461134933607006
2 0.40234375 0.5250029825369984 0.040625 0.040861349336070066
2 0.45234375 0.20908709104645068 0.0453125 0.03932612041330889
2 0.19765625 0.45978756957642836 0.040625 0.040861349336070066
2 0.25078125 0.36494724736772133 0.0296875 0.028297716822512697
2 0.21484375 0.22062507562655256 0.028125 0.028288626463433088
2 0.40390625 0.08827514217791882 0.034375 0.0314499878997516
2 0.50703125 0.26892517847866404 0.03125 0.026744307181592396
2 0.5203125 0.24072291042648733 0.03125 0.028306807181592397
2 0.6203125 0.22295362744539177 0.028125 0.03453862646343318
2 0.40546875 0.4273285518188392 0.03125 0.032994307181592394
2 0.40625 0.45076150663929937 0.028125 0.025163626463433175
2 0.5546875 0.6123979225267357 0.034375 0.03926248789975162
2 0.55078125 0.5358581484244348 0.034375 0.03301248789975162
2 0.5140625 0.5110717718628057 0.0328125 0.03456589754067192
2 0.49296875 0.43150699171038054 0.034375 0.03301248789975162
2 0.6921875 0.34987922092772933 0.03125 0.0376818071815924
2 0.746875 0.28393605835994273 0.03125 0.0361193071815924
2 0.76875 0.31349629333282814 0.034375 0.03457498789975162
2 0.74375 0.360516739078102 0.0375 0.053343168617910844
2 0.7765625 0.34704459153742995 0.0328125 0.03456589754067192
2 0.58203125 0.5497388412428423 0.0328125 0.03144089754067192
2 0.81484375 0.3452593777399794 0.034375 0.03457498789975162
2 0.83125 0.5834451789696434 0.034375 0.03457498789975162
2 0.60390625 0.4605490762157277 0.053125 0.045621572208706954
2 0.3640625 0.5814756963344492 0.03125 0.03455680718159222
2 0.28828125 0.5748853287498106 0.03125 0.03768180718159222
2 0.32265625 0.5012478408500589 0.034375 0.03457498789975162
2 0.3875 0.6274330909482548 0.034375 0.03457498789975162
2 0.45546875 0.5254751603282914 0.0390625 0.037727258976990544
2 0.47578125 0.5644194856602563 0.0328125 0.0376908975406721
2 0.19921875 0.30196597921734875 0.0296875 0.0298602168225127