2 0.5203125 0.6203125 0.0375 0.04375
2 0.48671875 0.59453125 0.0375 0.0390625
2 0.59765625 0.5453125 0.0390625 0.059375
2 0.66015625 0.56796875 0.03125 0.0375
2 0.41484375 0.5265625 0.0359375 0.0375
2 0.38984375 0.50234375 0.034375 0.03125
2 0.33203125 0.525 0.04375 0.04375
2 0.37265625 0.54609375 0.03125 0.034375
2 0.28828125 0.58203125 0.0375 0.040625
2 0.32109375 0.6953125 0.034375 0.0359375
2 0.38515625 0.7171875 0.0421875 0.040625
2 0.30546875 0.721875 0.0359375 0.0328125
2 0.11484375 0.4796875 0.0390625 0.0375
2 0.178125 0.33984375 0.0421875 0.0390625
2 0.11796875 0.346875 0.034375 0.028125
2 0.14765625 0.33828125 0.03125 0.034375
2 0.24296875 0.24765625 0.046875 0.040625
2 0.30859375 0.40390625 0.0390625 0.0453125
2 0.30078125 0.48046875 0.0453125 0.04375
2 0.38046875 0.396875 0.0359375 0.034375
2 0.4796875 0.4109375 0.0390625 0.0421875
2 0.45546875 0.3953125 0.034375 0.028125
2 0.5796875 0.37578125 0.034375 0.0328125
2 0.775 0.48359375 0.0375 0.034375
2 0.73046875 0.54296875 0.0375 0.0375
2 0.78359375 0.5171875 0.0375 0.0359375
2 0.84296875 0.56015625 0.028125 0.028125
2 0.790625 0.62265625 0.0453125 0.0421875
2 0.8421875 0.6140625 0.0375 0.0359375
2 0.80234375 0.65625 0.034375 0.0328125
2 0.86015625 0.68828125 0.0421875 0.04375
2 0.88515625 0.6390625 0.0328125 0.034375
2 0.584375 0.8140625 0.034375 0.0375
2 0.4515625 0.84453125 0.0375 0.034375
2 0.6734375 0.85546875 0.0515625 0.04375
2 0.42421875 0.61875 0.0375 0.034375
2 0.528125 0.26328125 0.0328125 0.034375
2 0.64140625 0.25703125 0.0328125 0.028125
2 0.65 0.209375 0.0375 0.034375
2 0.671875 0.1625 0.0296875 0.03125
2 0.7703125 0.234375 0.0390625 0.0375
2 0.3359375 0.16953125 0.046875 0.040625
2 0.3703125 0.21875 0.040625 0.0375