2 0.2870566559284872 0.45928305464750957 0.037718168617910844 0.037718168617910844
2 0.2804981046006273 0.5405739612633679 0.0314318071815924 0.0314318071815924
2 0.30302708957351265 0.5185671510567135 0.0298693071815924 0.0314227168225127
2 0.3304253817279904 0.5277830697728201 0.029887487899751618 0.034547716822512696
2 0.291681044295777 0.5826978287498106 0.047129530054229284 0.04402271077238851
2 0.28409125809322766 0.6210245305452087 0.0314318071815924 0.0314318071815924
2 0.29687760440423566 0.6701705576725716 0.028288626463433175 0.028288626463433175
2 0.32669236943135027 0.691872840850059 0.03302157825883114 0.03612839754067192
2 0.3566156978865732 0.5979455788480064 0.03457498789975162 0.03457498789975162
2 0.3732128454272452 0.6306626300776704 0.0314318071815924 0.03143180718159222
2 0.42995320393669745 0.5803308319712643 0.0376908975406721 0.03303066861791084
2 0.44527367690753017 0.5278961783804682 0.03457498789975162 0.03457498789975162
2 0.43013903541698245 0.4779825367917246 0.032985216822512695 0.0298783975406721
2 0.4540896198241337 0.4317478862259905 0.050281801131468205 0.04872839149054773
2 0.3572237101832133 0.4338739884889268 0.059665891490547726 0.050345433645025396
2 0.33877823721238054 0.4863268227978822 0.026707945745273954 0.025154536104353475
2 0.31837937880112416 0.47160124746591714 0.028288626463433088 0.028288626463433175
2 0.30884529751723083 0.4443120396203949 0.028288626463433175 0.028288626463433175
2 0.24431918920417034 0.36499724434265923 0.0314318071815924 0.0314318071815924
2 0.20865946603694585 0.5472421177810303 0.04403180113146821 0.048692030054229465
2 0.46195315856076585 0.709055274789672 0.034556807181592396 0.03144998789975162
2 0.47768672198887413 0.5933348260193361 0.03455680718159222 0.03144998789975162
2 0.5442702339909268 0.6234172357584523 0.04708407825883114 0.03621021077238851
2 0.5232532311622563 0.5024416604264873 0.025236349336070062 0.040770445745273776
2 0.5825600534691592 0.4903774767814618 0.0314227168225127 0.0298693071815924
2 0.5537174359827166 0.5014831484244346 0.0361102168225127 0.02989657825883114
2 0.5142231439264346 0.42749165740142525 0.06913179508134384 0.06602497579950324
2 0.6695237222834617 0.3976809166730032 0.03143180718159222 0.03143180718159231
2 0.5844038337197802 0.4044263412428424 0.040861349336070066 0.040861349336070066
2 0.576809502337691 0.4419717930382405 0.023582945745273774 0.025136355386194253
2 0.6033401860809124 0.43634850693388694 0.034656801131468205 0.04863748789975162
2 0.7130788004440971 0.4982121817983137 0.03144998789975162 0.034556807181592396