2 0.7324696707592102 0.6125 0.047111349336070064 0.040625
2 0.6307202975172308 0.44609375 0.05023634933607006 0.040625
2 0.6912134116840238 0.63828125 0.040843168617910666 0.0375
2 0.7008793031745716 0.68828125 0.039289758976990365 0.0390625
2 0.6359582851223948 0.675 0.04095225292686635 0.05625
2 0.558396366504484 0.6375 0.05803066861791084 0.0375
2 0.46746683947531686 0.58515625 0.04400453005422929 0.04375
2 0.5426628030763757 0.753125 0.05657725292686635 0.05625
2 0.6314440228257547 0.8390625 0.03457498789975162 0.034375
2 0.670429254773578 0.82578125 0.03460225897699054 0.0390625
2 0.6824298059050461 0.87421875 0.03772725897699036 0.0390625
2 0.7210877849260031 0.8046875 0.03617384933607006 0.040625
2 0.7169906373853312 0.771875 0.03459316861791066 0.0375
2 0.761476435589933 0.7640625 0.03769998789975162 0.034375
2 0.8093185170702182 0.66171875 0.03611930718159222 0.03125
2 0.8773009026088374 0.6640625 0.029905668617910663 0.0375
2 0.8806804326630668 0.7078125 0.034556807181592576 0.03125
2 0.6059854805730811 0.89453125 0.04237839754067192 0.0328125
2 0.5555349869177929 0.6828125 0.06593407220870695 0.053125
2 0.5155821526088376 0.6640625 0.03460225897699054 0.0390625
2 0.4725134086589618 0.646875 0.056568162567786476 0.0546875
2 0.4517832730221464 0.709375 0.04720225292686635 0.05625
2 0.582514601673761 0.4859375 0.02668976502711473 0.021875
2 0.43501288777811464 0.5125 0.04242384933607006 0.040625
2 0.39858048408912256 0.56171875 0.056513620413308895 0.0453125
2 0.4024145320973328 0.68359375 0.0314227168225127 0.0296875
2 0.33337818578632483 0.634375 0.06428066861791085 0.0375
2 0.3061889718906783 0.6609375 0.037718168617910844 0.0375
2 0.3102401467551051 0.5515625 0.04556703005422928 0.04375
2 0.3505288034691592 0.49375 0.04085225897699045 0.0390625
2 0.36048506556940757 0.459375 0.04240566861791084 0.0375
2 0.395165634360269 0.78046875 0.040861349336070066 0.040625
2 0.3513383663080923 0.7671875 0.03769998789975162 0.034375
2 0.3313031222600206 0.81484375 0.037718168617910844 0.0375
2 0.2969372126191002 0.81640625 0.03458407825883114 0.0359375
2 0.37972698672140115 0.8125 0.04084316861791084 0.0375
2 0.43182827956324993 0.36796875 0.04398634933607006 0.040625
2 0.4611658007386847 0.3078125 0.059665891490547726 0.05
2 0.5048067164297293 0.2890625 0.04084316861791084 0.0375
2 0.5210402496072166 0.259375 0.037718168617910844 0.0375
2 0.47241185206654457 0.2265625 0.04716589149054773 0.05
2 0.38735105083688054 0.24296875 0.05338862041330898 0.0453125
2 0.3053021409995685 0.37421875 0.04714771077238851 0.046875
2 0.342293601771957 0.42109375 0.0314318071815924 0.03125
2 0.3010418878763105 0.44765625 0.047302246876741984 0.0734375
2 0.22060040895354932 0.45234375 0.047129530054229284 0.04375
2 0.20689243295765442 0.51328125 0.04554884933607006 0.040625
2 0.19720888162979452 0.59453125 0.03457498789975157 0.034375
2 0.21208951394696013 0.73515625 0.037718168617910844 0.0375
2 0.23743040241244578 0.79375 0.03770907825883123 0.0359375
2 0.39953094749378976 0.859375 0.04238748789975162 0.034375
2 0.3651286764165509 0.8546875 0.03301248789975162 0.034375
2 0.6559258723582164 0.75 0.0896806444174139 0.10625
2 0.8051718934354554 0.7546875 0.05033634328594587 0.0578125
2 0.913842390606785 0.63359375 0.031504530054229464 0.04375
2 0.8924077521412993 0.575 0.03768180718159222 0.03125
2 0.8858668606507514 0.525 0.04244203005422946 0.04375
2 0.8509560503459012 0.5671875 0.04395907825883114 0.0359375
2 0.9374111799325924 0.521875 0.03772725897699018 0.0390625
2 0.7923890505422929 0.4375 0.05338862041330881 0.0453125
2 0.8225805445903646 0.38984375 0.04718407220870695 0.053125
2 0.774038505460949 0.371875 0.04093407220870695 0.053125
2 0.7255782795632499 0.36796875 0.047129530054229284 0.04375
2 0.7095942103796051 0.30625 0.03775453005422928 0.04375
2 0.754102734481906 0.30234375 0.034556807181592396 0.03125
2 0.7021402586824028 0.23359375 0.06274543969514959 0.0421875
2 0.6344851260706497 0.2875 0.04398634933607006 0.040625
2 0.8199140868430381 0.334375 0.03301248789975162 0.034375
2 0.7947550055591449 0.30703125 0.026726126463433177 0.028125
2 0.8029351442210222 0.2359375 0.04093407220870695 0.053125
2 0.872166933252242 0.31875 0.0768352107723885 0.046875
2 0.9329504180287357 0.4265625 0.05339771077238851 0.046875
2 0.9395413064942213 0.48515625 0.03143180718159222 0.03125
2 0.8289027465821543 0.26796875 0.0597204336450254 0.059375
2 0.8034209575509348 0.18515625 0.0376908975406721 0.0328125
2 0.7626232407284219 0.15546875 0.03453862646343318 0.028125