2 0.715625 0.4651008844584649 0.0375 0.037718168617910844
2 0.72265625 0.5463917910743232 0.03125 0.03143180718159222
2 0.7 0.5243849808676687 0.0296875 0.0314227168225127
2 0.67265625 0.5336008995837754 0.0296875 0.034547716822512696
2 0.71171875 0.5885156585607658 0.046875 0.04402271077238851
2 0.71953125 0.626842360356164 0.03125 0.03143180718159222
2 0.70703125 0.6759883874835271 0.028125 0.028288626463433175
2 0.67734375 0.6976906706610142 0.0328125 0.0361283975406721
2 0.646875 0.6037634086589618 0.034375 0.03457498789975162
2 0.63046875 0.6364804598886258 0.03125 0.0314318071815924
2 0.5734375 0.5861486617822197 0.0375 0.03303066861791084
2 0.5578125 0.5337140081914236 0.034375 0.03457498789975162
2 0.57265625 0.4838003666026799 0.0328125 0.0298783975406721
2 0.5484375 0.43756571603694583 0.05 0.048728391490547904
2 0.6453125 0.4396918182998821 0.059375 0.050345433645025396
2 0.6640625 0.4921446526088375 0.0265625 0.025154536104353475
2 0.684375 0.4774190772768726 0.028125 0.028288626463433175
2 0.69375 0.4501298694313503 0.028125 0.028288626463433175
2 0.7578125 0.3708150741536146 0.03125 0.0314318071815924
2 0.79453125 0.5530599475919856 0.04375 0.048692030054229285
2 0.5421875 0.7148731046006274 0.034375 0.03144998789975162
2 0.52578125 0.5991526558302913 0.034375 0.03144998789975162
2 0.459375 0.6292350655694076 0.046875 0.03621021077238851
2 0.4796875 0.5082594902374427 0.025 0.040770445745273776
2 0.4203125 0.49619530659241723 0.03125 0.029869307181592218
2 0.44921875 0.5073009782353901 0.0359375 0.02989657825883114
2 0.48828125 0.4333094872123805 0.06875 0.06602497579950324
2 0.3328125 0.40349874648395856 0.03125 0.0314318071815924
2 0.41796875 0.41024417105379773 0.040625 0.040861349336070066
2 0.42578125 0.4477896228491958 0.0234375 0.025136355386194253
2 0.39921875 0.44216633674484235 0.034375 0.04863748789975162
2 0.28984375 0.5040300116092691 0.03125 0.03455680718159222