2 0.3875 0.27109375 0.03984375 0.04609375
2 0.55390625 0.371875 0.04140625 0.05078125
2 0.36171875 0.3125 0.03671875 0.03984375
2 0.31171875 0.303125 0.0390625 0.0390625
2 0.325 0.36796875 0.05703125 0.03984375
2 0.3625 0.4453125 0.03828125 0.0578125
2 0.41484375 0.5359375 0.04375 0.04296875
2 0.246875 0.46171875 0.05546875 0.05703125
2 0.1609375 0.3734375 0.03515625 0.03359375
2 0.17421875 0.334375 0.03828125 0.034375
2 0.12578125 0.32265625 0.03828125 0.03671875
2 0.1953125 0.28359375 0.03984375 0.0359375
2 0.228125 0.2875 0.03828125 0.034375
2 0.2359375 0.24296875 0.03359375 0.0375
2 0.33828125 0.19453125 0.03203125 0.0359375
2 0.3359375 0.1265625 0.03671875 0.0296875
2 0.2921875 0.1234375 0.03046875 0.03359375
2 0.10546875 0.39921875 0.0328125 0.0421875
2 0.3171875 0.4484375 0.05234375 0.06640625
2 0.3359375 0.48828125 0.0390625 0.03359375
2 0.353125 0.53125 0.0546875 0.05703125
2 0.290625 0.55234375 0.05546875 0.046875
2 0.5140625 0.4203125 0.021875 0.0265625
2 0.4875 0.56796875 0.04140625 0.0421875
2 0.43828125 0.6046875 0.0453125 0.05625
2 0.31640625 0.6015625 0.0296875 0.03125
2 0.365625 0.6703125 0.03828125 0.0640625
2 0.3390625 0.69765625 0.03671875 0.03671875
2 0.4484375 0.69296875 0.04375 0.0453125
2 0.50625 0.65234375 0.0390625 0.040625
2 0.540625 0.6421875 0.0375 0.0421875
2 0.21953125 0.609375 0.03984375 0.040625
2 0.2328125 0.653125 0.034375 0.03828125
2 0.18515625 0.6734375 0.0375 0.03671875
2 0.18359375 0.7078125 0.03671875 0.03359375
2 0.1875 0.625 0.03828125 0.04140625
2 0.63203125 0.5703125 0.040625 0.04453125
2 0.6921875 0.540625 0.05 0.06015625
2 0.7109375 0.496875 0.03671875 0.04140625
2 0.740625 0.48046875 0.03671875 0.03671875
2 0.7734375 0.52890625 0.04921875 0.04765625
2 0.75703125 0.6140625 0.0453125 0.053125
2 0.62578125 0.696875 0.04765625 0.046875
2 0.57890625 0.66015625 0.03203125 0.03203125
2 0.55234375 0.7015625 0.0734375 0.046875
2 0.54765625 0.78203125 0.04375 0.046875
2 0.48671875 0.79609375 0.03984375 0.0453125
2 0.40546875 0.80625 0.03359375 0.03515625
2 0.26484375 0.7921875 0.0375 0.0375
2 0.20625 0.7671875 0.0359375 0.03828125
2 0.140625 0.60546875 0.03515625 0.0421875
2 0.1453125 0.63984375 0.03359375 0.0328125
2 0.25 0.3484375 0.10546875 0.0890625
2 0.2453125 0.19921875 0.0578125 0.04921875
2 0.36640625 0.08984375 0.04375 0.03125
2 0.425 0.1109375 0.03203125 0.03671875
2 0.475 0.1171875 0.04296875 0.0421875
2 0.4328125 0.15234375 0.0359375 0.04375
2 0.478125 0.065625 0.0390625 0.0375
2 0.5625 0.21015625 0.0453125 0.053125
2 0.61015625 0.1796875 0.05390625 0.046875
2 0.628125 0.228125 0.05390625 0.03984375
2 0.63203125 0.2765625 0.04453125 0.04765625
2 0.69375 0.2921875 0.04296875 0.03828125
2 0.69765625 0.24765625 0.03125 0.034375
2 0.76640625 0.29921875 0.0421875 0.06328125
2 0.7125 0.3671875 0.03984375 0.04296875
2 0.665625 0.18203125 0.03359375 0.0328125
2 0.69296875 0.20703125 0.028125 0.0265625
2 0.7640625 0.1984375 0.053125 0.040625
2 0.68125 0.1296875 0.04609375 0.0765625
2 0.5734375 0.06953125 0.046875 0.053125
2 0.51484375 0.06328125 0.03125 0.03046875
2 0.73203125 0.17265625 0.05859375 0.06015625
2 0.81484375 0.19765625 0.0328125 0.0375
2 0.84453125 0.23828125 0.02890625 0.03515625