2 0.6623975443939729 0.5156951184684013 0.03773634933607006 0.04084316861791084
2 0.7990077309658646 0.6305292572284745 0.03461134933607006 0.04082498789975162
2 0.4761333123479538 0.5949064163784157 0.040861349336070066 0.040861349336070066
2 0.791467420857406 0.5430701638443329 0.03932612041330881 0.045539758976990544
2 0.5437303993873838 0.7992075761175318 0.040861349336070066 0.040861349336070066
2 0.6379525771786767 0.7455326093932151 0.028297716822512697 0.029851126463433176
2 0.7826929054375078 0.7806292511783504 0.028288626463433175 0.028288626463433175
2 0.9128429719888741 0.5908031610156625 0.03144998789975162 0.034556807181592396
2 0.7309930082896194 0.4887326426688981 0.02674430718159222 0.031404536104353654
2 0.7590407402374426 0.4752877662054651 0.02830680718159222 0.031413626463433174
2 0.7756464572563472 0.3751877722555892 0.03453862646343318 0.02832498789975162
2 0.5737713816297946 0.5912132689359396 0.03299430718159222 0.0314408975406721
2 0.5503293364502547 0.5905683743221338 0.025163626463433175 0.028270445745273775
2 0.38696575233769104 0.4430762716664141 0.03926248789975153 0.03460225897699054
2 0.46355097823539015 0.4465370940715127 0.03301248789975162 0.034565897540672096
2 0.48876460167376107 0.4831103983262389 0.034565897540672096 0.03301248789975162
2 0.568574821521336 0.5037405400131784 0.03301248789975162 0.034565897540672096
2 0.6478845507386847 0.30405363652057804 0.0376818071815924 0.03146816861791084
2 0.713191388170898 0.24898434143923415 0.03611930718159222 0.03145907825883123
2 0.6833766231437834 0.22728205826174683 0.03457498789975162 0.03457498789975162
2 0.6366470688890573 0.25255476903413543 0.05334316861791066 0.037809072208706954
2 0.6497374213483853 0.21966500098195865 0.03456589754067192 0.03301248789975162
2 0.44930667105379773 0.4153689073032293 0.03144089754067192 0.032994307181592394
2 0.6510772075509348 0.18137466062287905 0.03457498789975162 0.03457498789975162
2 0.4127005087805987 0.16635469038252074 0.03457498789975162 0.03457498789975157
2 0.538241906026683 0.39297575683569114 0.045621572208706954 0.05338862041330898
2 0.42010602614540443 0.6335149193052818 0.034556807181592396 0.03144998789975162
2 0.42757815856076586 0.7092552626894235 0.0376818071815924 0.031468168617910665
2 0.5008156706610143 0.6744530158126816 0.03457498789975162 0.03457498789975162
2 0.37387592075921017 0.6103455848981306 0.03457498789975162 0.03457498789975162
2 0.4750429901392468 0.5417859615579554 0.03772725897699036 0.03928066861791084
2 0.43586231547121174 0.5217007205349459 0.03769089754067192 0.03303066861791084
2 0.7015338090283041 0.7967269498504905 0.0298602168225127 0.0298602168225127