2 0.7302799359827166 0.508919062151562 0.03769998789975162 0.03459316861791084
2 0.7687884449597069 0.5482042759490128 0.039280668617910665 0.037727258976990544
2 0.8020413064942213 0.48980596866922443 0.03769998789975162 0.03459316861791084
2 0.8406907160369459 0.553309932466675 0.09267837939029917 0.08491133118569749
2 0.7890469236860763 0.6733179054375078 0.028288626463433175 0.028288626463433175
2 0.587307682564871 0.7760469539366974 0.0392443071815924 0.03147725897699054
2 0.542333466626121 0.16252480942108755 0.03457498789975162 0.03457498789975162
2 0.49239762002052545 0.307541872751 0.032994307181592394 0.03144089754067192
2 0.5205180748409857 0.30692424921443306 0.03453862646343318 0.02832498789975162
2 0.6406624031980128 0.27871795686356365 0.0314227168225127 0.0298693071815924
2 0.5705635266363837 0.3150276407049809 0.051762487899751616 0.03467498184962743
2 0.5914845598138709 0.28546286055255565 0.034556807181592396 0.03144998789975162
2 0.6096260266363837 0.31525489968197135 0.03143180718159222 0.0314318071815924
2 0.5404578701187213 0.24297992388246809 0.06121930113146821 0.048792024004105095
2 0.6943277586824028 0.23762532425181043 0.03615566861791084 0.037709078258831144
2 0.6831407946885605 0.3289633965587133 0.03144089754067192 0.032994307181592394
2 0.8521054598886257 0.6354048149802324 0.025145445745273776 0.025145445745273776
2 0.8038270411725191 0.6624667638487642 0.025136355386194253 0.023582945745273955
2 0.8249298815315986 0.6641519836963391 0.020457945745273775 0.02511817466803503
2 0.20635610177195698 0.4222800418598901 0.028306807181592307 0.031413626463433174
2 0.22824071301188376 0.558340261707465 0.0439318071815924 0.031504530054229284
2 0.2837094630118837 0.5586629694547913 0.03144998789975162 0.034556807181592396
2 0.25773731547121176 0.5257004785299777 0.0314318071815924 0.03143180718159222
2 0.3365344811622563 0.5074095416634984 0.03773634933607006 0.04084316861791084
2 0.42429862245641237 0.6876015565924172 0.029878397540671918 0.032985216822512695
2 0.6142993702169172 0.17856796593874996 0.04085225897699054 0.039298849336070064
2 0.6520675358097658 0.22487988455666078 0.032976126463433175 0.02831589754067192
2 0.6581720900644921 0.19991624599297925 0.03453862646343318 0.02832498789975162
2 0.3951110922057913 0.7733663397699044 0.04400453005422929 0.04400453005422929
2 0.26136683040013053 0.6124374092481369 0.040879530054229285 0.04398634933607006
2 0.27711857454639804 0.500032858018473 0.03457498789975162 0.03457498789975162
2 0.26062142095560187 0.48431240924813695 0.048710210772388504 0.04715680113146803
2 0.17962543012898405 0.3932192557555366 0.040879530054229285 0.04398634933607006