2 0.4609375 0.284375 0.03671875 0.03671875
2 0.5421875 0.27734375 0.03203125 0.03046875
2 0.5203125 0.3 0.03046875 0.0296875
2 0.5296875 0.32734375 0.034375 0.0296875
2 0.584375 0.28828125 0.04375 0.04765625
2 0.62265625 0.28046875 0.03125 0.03125
2 0.671875 0.29296875 0.028125 0.028125
2 0.69375 0.32265625 0.0359375 0.0328125
2 0.6 0.353125 0.034375 0.034375
2 0.6328125 0.36953125 0.03203125 0.03125
2 0.5828125 0.4265625 0.0328125 0.03671875
2 0.53046875 0.4421875 0.034375 0.03515625
2 0.48046875 0.42734375 0.0296875 0.0328125
2 0.434375 0.4515625 0.0484375 0.05078125
2 0.4359375 0.3546875 0.05 0.06015625
2 0.48828125 0.3359375 0.02578125 0.0265625
2 0.4734375 0.315625 0.02890625 0.028125
2 0.44609375 0.30625 0.028125 0.028125
2 0.36640625 0.2421875 0.03046875 0.03125
2 0.5484375 0.20546875 0.0484375 0.04375
2 0.71171875 0.4578125 0.03125 0.03359375
2 0.59609375 0.47421875 0.03125 0.034375
2 0.6265625 0.540625 0.0359375 0.04765625
2 0.50546875 0.5203125 0.03984375 0.02421875
2 0.49375 0.5796875 0.0296875 0.03203125
2 0.5046875 0.55078125 0.0296875 0.0359375
2 0.43046875 0.51171875 0.06640625 0.06875
2 0.4015625 0.6671875 0.03125 0.03125
2 0.4078125 0.58203125 0.03984375 0.03984375
2 0.4453125 0.57421875 0.02421875 0.0234375
2 0.43984375 0.60078125 0.0484375 0.03359375
2 0.50234375 0.71015625 0.03515625 0.03203125