2 0.659375 0.48046875 0.0375 0.040625
2 0.7953125 0.36484375 0.03359375 0.03984375
2 0.47265625 0.40234375 0.040625 0.040625
2 0.78828125 0.45234375 0.0390625 0.0453125
2 0.5390625 0.19765625 0.03984375 0.03984375
2 0.63359375 0.25078125 0.02890625 0.0296875
2 0.778125 0.21484375 0.028125 0.02734375
2 0.909375 0.40390625 0.03125 0.03515625
2 0.728125 0.50703125 0.0265625 0.03046875
2 0.75625 0.5203125 0.02890625 0.03046875
2 0.7734375 0.6203125 0.034375 0.02734375
2 0.5703125 0.40546875 0.0328125 0.03203125
2 0.546875 0.40625 0.02421875 0.02734375
2 0.384375 0.5546875 0.0390625 0.03359375
2 0.4609375 0.55078125 0.0328125 0.03515625
2 0.4859375 0.5140625 0.034375 0.0328125
2 0.565625 0.49296875 0.0328125 0.03359375
2 0.64609375 0.6921875 0.03671875 0.03125
2 0.71171875 0.746875 0.0359375 0.03203125
2 0.68203125 0.76875 0.03359375 0.034375
2 0.63515625 0.74375 0.05234375 0.03828125
2 0.6484375 0.7765625 0.03359375 0.0328125
2 0.446875 0.58203125 0.03125 0.0328125
2 0.65 0.81484375 0.034375 0.034375
2 0.41171875 0.83125 0.034375 0.03359375
2 0.5359375 0.60390625 0.0453125 0.05234375
2 0.41640625 0.3640625 0.03359375 0.03203125
2 0.4234375 0.28828125 0.03828125 0.03203125
2 0.496875 0.32265625 0.03515625 0.034375
2 0.3703125 0.3875 0.03515625 0.034375
2 0.471875 0.45546875 0.0375 0.0390625
2 0.4328125 0.47578125 0.03828125 0.0328125
2 0.696875 0.19921875 0.0296875 0.0296875