2 0.4796875 0.6203125 0.03828125 0.04375
2 0.51328125 0.59453125 0.03671875 0.0390625
2 0.40234375 0.5453125 0.0390625 0.06015625
2 0.33984375 0.56796875 0.03203125 0.03671875
2 0.58515625 0.5265625 0.0359375 0.03671875
2 0.61015625 0.50234375 0.03359375 0.03203125
2 0.66796875 0.525 0.04375 0.04375
2 0.62734375 0.54609375 0.03203125 0.03515625
2 0.71171875 0.58203125 0.03671875 0.040625
2 0.67890625 0.6953125 0.034375 0.0359375
2 0.61484375 0.7171875 0.0421875 0.03984375
2 0.69453125 0.721875 0.0359375 0.0328125
2 0.88515625 0.4796875 0.0390625 0.03828125
2 0.821875 0.33984375 0.0421875 0.0390625
2 0.88203125 0.346875 0.03359375 0.02734375
2 0.85234375 0.33828125 0.03125 0.034375
2 0.75703125 0.24765625 0.04609375 0.040625
2 0.69140625 0.40390625 0.0390625 0.0453125
2 0.69921875 0.48046875 0.0453125 0.04375
2 0.61953125 0.396875 0.0359375 0.03515625
2 0.5203125 0.4109375 0.0390625 0.0421875
2 0.54453125 0.3953125 0.03359375 0.02890625
2 0.4203125 0.37578125 0.03515625 0.0328125
2 0.225 0.48359375 0.03671875 0.034375
2 0.26953125 0.54296875 0.03828125 0.0375
2 0.21640625 0.5171875 0.03671875 0.0359375
2 0.15703125 0.56015625 0.02890625 0.02890625
2 0.209375 0.62265625 0.0453125 0.0421875
2 0.1578125 0.6140625 0.0375 0.0359375
2 0.19765625 0.65625 0.034375 0.0328125
2 0.13984375 0.68828125 0.0421875 0.04296875
2 0.11484375 0.6390625 0.0328125 0.03359375
2 0.415625 0.8140625 0.034375 0.03828125
2 0.5484375 0.84453125 0.03671875 0.03515625
2 0.3265625 0.85546875 0.0515625 0.04296875
2 0.57578125 0.61875 0.03828125 0.03359375
2 0.471875 0.26328125 0.0328125 0.03359375
2 0.35859375 0.25703125 0.0328125 0.02890625
2 0.35 0.209375 0.03671875 0.03515625
2 0.328125 0.1625 0.0296875 0.03125
2 0.2296875 0.234375 0.0390625 0.03828125
2 0.6640625 0.16953125 0.046875 0.03984375
2 0.6296875 0.21875 0.040625 0.0375