2 0.5046875 0.72734375 0.034375 0.03671875
2 0.54375 0.765625 0.0375 0.0390625
2 0.48515625 0.79921875 0.034375 0.0375
2 0.5484375 0.8375 0.08359375 0.0921875
2 0.66875 0.78515625 0.02734375 0.028125
2 0.77265625 0.5828125 0.03203125 0.0390625
2 0.159375 0.54140625 0.03515625 0.034375
2 0.3046875 0.490625 0.03046875 0.0328125
2 0.30390625 0.51875 0.02890625 0.034375
2 0.275 0.6390625 0.0296875 0.03203125
2 0.31171875 0.56875 0.034375 0.0515625
2 0.28203125 0.58984375 0.03046875 0.03359375
2 0.31171875 0.6078125 0.03125 0.03125
2 0.23984375 0.5390625 0.0484375 0.0609375
2 0.23359375 0.69296875 0.03671875 0.0359375
2 0.325 0.68125 0.0328125 0.03125
2 0.63046875 0.8484375 0.025 0.02421875
2 0.6578125 0.8 0.0234375 0.02421875
2 0.659375 0.82109375 0.02421875 0.0203125
2 0.42109375 0.20390625 0.03046875 0.028125
2 0.55703125 0.225 0.03046875 0.04453125
2 0.55703125 0.28046875 0.03515625 0.03125
2 0.52421875 0.2546875 0.03203125 0.03203125
2 0.50546875 0.33359375 0.040625 0.0375
2 0.68515625 0.4203125 0.0328125 0.0296875
2 0.175 0.61328125 0.0390625 0.040625
2 0.22109375 0.65078125 0.02890625 0.0328125
2 0.19609375 0.65703125 0.02890625 0.03359375
2 0.77109375 0.390625 0.04296875 0.04296875
2 0.6109375 0.2578125 0.04375 0.040625
2 0.4984375 0.27421875 0.034375 0.03515625
2 0.4828125 0.2578125 0.04609375 0.0484375
2 0.3921875 0.17734375 0.04296875 0.03984375