2 0.5203125 0.3827145895735127 0.0375 0.04396816861791084
2 0.48671875 0.4083003968533009 0.0375 0.03928066861791084
2 0.59765625 0.45816456234795383 0.0390625 0.05960225897699054
2 0.66015625 0.43587192671113845 0.03125 0.03768180718159222
2 0.41484375 0.47585099033563855 0.0359375 0.037709078258831144
2 0.38984375 0.4999242945903646 0.034375 0.03144998789975162
2 0.33203125 0.4769317013044188 0.04375 0.04400453005422929
2 0.37265625 0.45607430064048876 0.03125 0.03455680718159222
2 0.28828125 0.4196459212501894 0.0375 0.04084316861791084
2 0.32109375 0.30655556879086143 0.034375 0.036137487899751616
2 0.38515625 0.28505327351312576 0.0421875 0.040870439695149766
2 0.30546875 0.2799021652000652 0.0359375 0.03302157825883114
2 0.11484375 0.520980641392352 0.0390625 0.037727258976990544
2 0.178125 0.6611925509350763 0.0421875 0.039307939695149584
2 0.11796875 0.6538113221105111 0.034375 0.02832498789975162
2 0.14765625 0.6625777889330239 0.03125 0.03455680718159222
2 0.24296875 0.7537573008368805 0.046875 0.040897710772388504
2 0.30859375 0.5978890959182245 0.0390625 0.045539758976990544
2 0.30078125 0.5212811441228264 0.0453125 0.04401362041330899
2 0.38046875 0.6053385024358869 0.0359375 0.03458407825883114
2 0.4796875 0.5918532402374426 0.0390625 0.04241475897699054
2 0.45546875 0.6073373396717086 0.034375 0.02832498789975162
2 0.5796875 0.6275912732185381 0.034375 0.03301248789975162
2 0.775 0.5209150681034904 0.0375 0.03459316861791084
2 0.73046875 0.4612809928697213 0.0375 0.037718168617910844
2 0.78359375 0.48737131507842835 0.0375 0.03615566861791084
2 0.84296875 0.4447479987234537 0.028125 0.028288626463433175
2 0.790625 0.38194347169428655 0.0453125 0.042451120413308896
2 0.8421875 0.39083720354391394 0.0375 0.03615566861791084
2 0.80234375 0.3484178993873837 0.034375 0.03301248789975162
2 0.86015625 0.3167229926733296 0.0421875 0.04399543969514967
2 0.88515625 0.36608718841860344 0.0328125 0.034565897540672005
2 0.584375 0.189337294295777 0.034375 0.037699987899751576
2 0.4515625 0.15809586377400953 0.0375 0.03459316861791084
2 0.6734375 0.14844919476331525 0.0515625 0.044049981849627384
2 0.42421875 0.3837180324901162 0.0375 0.03459316861791084
2 0.528125 0.7397912913689109 0.0328125 0.034565897540672096
2 0.64140625 0.7467003424021831 0.0328125 0.028315897540672097
2 0.65 0.794406589377121 0.0375 0.03459316861791066
2 0.671875 0.8414088544042355 0.0296875 0.0314227168225127
2 0.7703125 0.7701065470262515 0.0390625 0.037727258976990544
2 0.3359375 0.8324231772021179 0.046875 0.040897710772388504
2 0.3703125 0.7834044151018693 0.040625 0.03773634933607006