2 0.27109375 0.3890771773003137 0.046875 0.040897710772388504
2 0.371875 0.5560697554609491 0.05 0.04091589149054773
2 0.3125 0.3635368218159235 0.040625 0.03773634933607006
2 0.303125 0.3134822796614459 0.0390625 0.039289758976990365
2 0.36796875 0.32714077956325 0.040625 0.056486349336070066
2 0.4453125 0.36509075233769106 0.0578125 0.03783634328594587
2 0.5359375 0.4179617431643089 0.04375 0.04400453005422929
2 0.46171875 0.24956120110802704 0.05625 0.05657725292686626
2 0.3734375 0.1631100958200286 0.034375 0.03457498789975162
2 0.334375 0.1761640868430382 0.034375 0.037699987899751576
2 0.32265625 0.12765840914994103 0.0375 0.037718168617910844
2 0.28359375 0.1969624001729506 0.0359375 0.04083407825883119
2 0.2875 0.22979762607064966 0.034375 0.03769998789975162
2 0.24296875 0.23735105083688052 0.0375 0.03459316861791084
2 0.19453125 0.3394129997054124 0.0359375 0.03145907825883123
2 0.1265625 0.336673819085449 0.0296875 0.0376727168225127
2 0.1234375 0.2929056383672898 0.034375 0.03144998789975162
2 0.39921875 0.10779133674484234 0.0421875 0.033057939695149675
2 0.4484375 0.3197964330558503 0.065625 0.05350679508134402
2 0.48828125 0.33877823721238054 0.034375 0.03926248789975162
2 0.53125 0.35621572208707003 0.05625 0.055014752926866174
2 0.55234375 0.2938384419346448 0.046875 0.056522710772388504
2 0.4203125 0.5165078065924172 0.0265625 0.022029536104353653
2 0.56796875 0.4908043455254411 0.0421875 0.040870439695149585
2 0.6046875 0.441799218963812 0.05625 0.04563975292686635
2 0.6015625 0.3199060382456528 0.03125 0.0298693071815924
2 0.6703125 0.369524764045156 0.0640625 0.03787270472226432
2 0.69765625 0.3431213453290493 0.0375 0.037718168617910844
2 0.69296875 0.45246907425181054 0.0453125 0.04401362041330899
2 0.65234375 0.5100452249157403 0.040625 0.039298849336070064
2 0.6421875 0.5443611375817229 0.0421875 0.03774543969514958
2 0.609375 0.2230764900410509 0.040625 0.040861349336070066
2 0.653125 0.23661227009528024 0.0375 0.03459316861791084
2 0.6734375 0.18907419476331522 0.0375 0.037718168617910844
2 0.7078125 0.18771168266306681 0.034375 0.037699987899751576
2 0.625 0.1911361436318471 0.040625 0.03773634933607006
2 0.5703125 0.6353492310640605 0.04375 0.040879530054229285
2 0.540625 0.6953327642415477 0.059375 0.050345433645025396
2 0.496875 0.7138282341873184 0.040625 0.03773634933607006
2 0.48046875 0.7434202854169825 0.0375 0.037718168617910844
2 0.52890625 0.7765145865484506 0.046875 0.050272710772388506
2 0.6140625 0.7606037611182898 0.053125 0.045621572208706954
2 0.696875 0.6298355501495095 0.046875 0.04714771077238851
2 0.66015625 0.5827469267111385 0.03125 0.03143180718159222
2 0.7015625 0.5564253212267484 0.046875 0.07371021077238851
2 0.78203125 0.5522059747193486 0.046875 0.04402271077238851
2 0.79609375 0.4913502879510652 0.0453125 0.040888620413308985
2 0.80625 0.41015937528508273 0.034375 0.03457498789975162
2 0.7921875 0.2694525620533662 0.0375 0.037718168617910844
2 0.7671875 0.2107133663080923 0.0375 0.03615566861791084
2 0.60546875 0.14414751414335186 0.0421875 0.03462043969514968
2 0.63984375 0.14903500204310344 0.0328125 0.034565897540672005
2 0.3484375 0.25202715007475474 0.0890625 0.10676815046753818
2 0.19921875 0.24647152078265125 0.05 0.05810339149054773
2 0.08984375 0.366928945647078 0.03125 0.0439318071815924
2 0.1109375 0.42564541549465285 0.0375 0.03146816861791084
2 0.1171875 0.47568177693097125 0.0421875 0.04399543969514959
2 0.15234375 0.4336988100102627 0.04375 0.03619203005422929
2 0.065625 0.4785067950813439 0.0375 0.03928066861791084
2 0.21015625 0.5637226532962085 0.053125 0.045621572208706954
2 0.1796875 0.6112016412941561 0.046875 0.05339771077238851
2 0.228125 0.6294521924256242 0.040625 0.05336134933607006
2 0.2765625 0.6336402435570923 0.046875 0.04402271077238851
2 0.2921875 0.6954498971478885 0.0375 0.04396816861791084
2 0.24765625 0.6990970719141194 0.034375 0.03144998789975162
2 0.29921875 0.7681470537637468 0.0625 0.042551114363184796
2 0.3671875 0.7146362343837102 0.04375 0.040879530054229285
2 0.18203125 0.6666840268327755 0.0328125 0.034565897540672096
2 0.20703125 0.6941732225780493 0.0265625 0.02827953610435365
2 0.1984375 0.7652169756031115 0.040625 0.05336134933607006
2 0.1296875 0.6820044998036083 0.0765625 0.0473204275949012
2 0.06953125 0.573842020979043 0.053125 0.04718407220870695
2 0.06328125 0.5152119095427246 0.03125 0.03143180718159222
2 0.17265625 0.7330357346782976 0.059375 0.0597204336450254
2 0.19765625 0.8159936804235717 0.0375 0.03303066861791102
2 0.23828125 0.8459175297596417 0.034375 0.02832498789975162