2 0.2755378938282388 0.4937262323406067 0.03769998789975162 0.03459316861791084
2 0.23702938485124836 0.4548864461380573 0.03928066861791084 0.037727258976990544
2 0.20377652331673404 0.5136756388582692 0.03769998789975162 0.03459316861791084
2 0.16512711377400952 0.45061710265571975 0.09267837939029935 0.08491133118569749
2 0.21677090612487895 0.33000007562655254 0.028288626463433175 0.028288626463433088
2 0.4185101472460843 0.2249166241257421 0.03924430718159222 0.031477258976990365
2 0.4634843631848343 0.8379569796101322 0.03457498789975162 0.03457498789975162
2 0.5134202097904299 0.6923490429400447 0.032994307181592394 0.0314408975406721
2 0.48529975496996974 0.6932939194034777 0.03453862646343318 0.02832498789975162
2 0.3651554266129426 0.7229001270526083 0.0314227168225127 0.029869307181592218
2 0.4352543031745716 0.6857723108940255 0.051762487899751616 0.03467498184962743
2 0.4143332699970843 0.7155825307416004 0.034556807181592396 0.03144998789975162
2 0.3961918031745716 0.685999569871016 0.0314318071815924 0.0314318071815924
2 0.4653599596922341 0.7574745940715129 0.06121930113146803 0.048792024004105095
2 0.31149007112855254 0.764619994440855 0.03615566861791084 0.037709078258831144
2 0.3226770351223949 0.6731455667477579 0.03144089754067192 0.03299430718159222
2 0.1537123699223296 0.3686494851692771 0.025145445745273866 0.025145445745273866
2 0.20199078863843628 0.3410239340378089 0.025136355386194253 0.023582945745273955
2 0.18088794827935667 0.33958415388538377 0.020457945745273865 0.02511817466803503
2 0.7994617280389984 0.5742747120489348 0.028306807181592397 0.031413626463433174
2 0.7775771167990716 0.43845993189650956 0.0439318071815924 0.031504530054229284
2 0.7221083667990716 0.438782639643836 0.03144998789975162 0.03455680718159222
2 0.7480805143397437 0.4714451487190224 0.03143180718159222 0.0314318071815924
2 0.6692833486486991 0.49065421185254304 0.03773634933607006 0.04084316861791084
2 0.581519207354543 0.31147122678146183 0.029878397540671918 0.032985216822512695
2 0.39151845959403814 0.8227501361277947 0.04085225897699054 0.039298849336070064
2 0.3537502940011894 0.7768745547457054 0.032976126463433175 0.028315897540672097
2 0.34764573974646334 0.8019109161820239 0.03453862646343318 0.02832498789975162
2 0.610706737605164 0.2253610099589491 0.04400453005422929 0.04400453005422929
2 0.7444509994108248 0.3847445794371816 0.040879530054229285 0.04398634933607006
2 0.7286992552645574 0.49734002820751755 0.03457498789975162 0.03457498789975162
2 0.7451964088553534 0.5128695794371816 0.048710210772388504 0.04715680113146821
2 0.8261923996819714 0.6030264259445813 0.040879530054229465 0.04398634933607006