0 0.41015625 0.5398862192583996 0.0484375 0.04715680113146803
0 0.4453125 0.4486845023376911 0.0375 0.03146816861791084
0 0.4578125 0.5378197252103281 0.0453125 0.03932612041330898
0 0.4828125 0.5559339209556018 0.04375 0.04400453005422946
0 0.475 0.3246384691602038 0.0515625 0.044049981849627426
0 0.428125 0.6774907583878151 0.059375 0.056595433645025395
0 0.47265625 0.7175935836215844 0.0640625 0.059747704722264317
0 0.5546875 0.7133833274732643 0.046875 0.042460210772388506
0 0.5484375 0.6617844660369459 0.05 0.040915891490547904
0 0.5609375 0.8079509389095827 0.040625 0.03461134933607006
0 0.66328125 0.8476088574292977 0.05 0.05029089149054755