0 0.4132833335233885 0.5351137807416004 0.048710210772388504 0.04715680113146803
0 0.44790779751723087 0.44350299766230894 0.0376818071815924 0.03146816861791084
0 0.46092594798476905 0.5324927747896719 0.045539758976990544 0.03932612041330898
0 0.4860304871141847 0.5503160790443982 0.04400453005422929 0.04400453005422946
0 0.47687261397040126 0.3191115308397962 0.05181703005422929 0.044049981849627426
0 0.43205203512239476 0.6725092416121848 0.05970225292686635 0.056595433645025395
0 0.4768150892789251 0.7120939163784156 0.0644079336450254 0.059747704722264317
0 0.5588190682016864 0.7069291725267357 0.047120439695149584 0.042460210772388506
0 0.552269086352059 0.6554030339630541 0.05023634933607006 0.040915891490547904
0 0.5656190349260031 0.8014240610904173 0.04082498789975162 0.03461134933607006
0 0.6681900439029935 0.8398911425707023 0.05029089149054773 0.05029089149054755