2 0.315625 0.66484375 0.0734375 0.06796875
2 0.34375 0.6125 0.03671875 0.0359375
2 0.37421875 0.628125 0.0328125 0.03359375
2 0.51015625 0.63515625 0.0375 0.0375
2 0.3328125 0.5515625 0.034375 0.0328125
2 0.3484375 0.5765625 0.034375 0.03125
2 0.25625 0.7078125 0.040625 0.0390625
2 0.78828125 0.6140625 0.03515625 0.05703125
2 0.88046875 0.584375 0.03515625 0.0578125
2 0.84453125 0.48359375 0.05234375 0.04296875
2 0.79609375 0.49765625 0.02265625 0.02734375
2 0.81640625 0.51171875 0.028125 0.02734375
2 0.8140625 0.453125 0.02734375 0.03046875
2 0.7125 0.4734375 0.03203125 0.04765625
2 0.7515625 0.4875 0.0265625 0.04296875
2 0.76015625 0.54765625 0.03671875 0.04765625
2 0.8234375 0.57265625 0.04609375 0.03203125
2 0.61953125 0.58125 0.03828125 0.0375
2 0.5828125 0.61953125 0.0359375 0.03203125
2 0.72109375 0.5890625 0.04375 0.03046875
2 0.715625 0.6140625 0.028125 0.028125
2 0.6921875 0.62734375 0.03125 0.03046875
2 0.5546875 0.21640625 0.06015625 0.04296875
2 0.52890625 0.25234375 0.08125 0.0484375
2 0.58671875 0.25546875 0.034375 0.0453125
2 0.68515625 0.296875 0.03203125 0.03203125
2 0.73046875 0.39921875 0.05 0.03203125
2 0.75234375 0.37890625 0.02890625 0.0296875
2 0.66015625 0.396875 0.03984375 0.04453125
2 0.6953125 0.4234375 0.0375 0.03671875
2 0.64921875 0.42890625 0.03203125 0.04609375
2 0.72578125 0.52421875 0.04609375 0.03671875
2 0.628125 0.484375 0.04140625 0.028125
2 0.68125 0.49765625 0.028125 0.046875
2 0.64921875 0.559375 0.025 0.046875
2 0.6609375 0.65234375 0.0375 0.0375
2 0.428125 0.746875 0.0296875 0.04140625
2 0.40625 0.70234375 0.0671875 0.04765625
2 0.22890625 0.38046875 0.0484375 0.04609375