2 0.3464003605525557 0.58984375 0.03778180113146821 0.0484375
2 0.326365116504484 0.6375 0.037718168617910844 0.0375
2 0.33771168266306684 0.7078125 0.039317030054229284 0.04375
2 0.4300900802037388 0.740625 0.06585225897699036 0.0390625
2 0.4297310110200939 0.67890625 0.040879530054229465 0.04375
2 0.5126435049699698 0.69609375 0.04085225897699054 0.0390625
2 0.5224725020431034 0.63984375 0.03457498789975162 0.034375
2 0.4842821556338997 0.65546875 0.04722043364502539 0.059375
2 0.398661776439992 0.44140625 0.03457498789975162 0.034375
2 0.34730835469882326 0.47734375 0.03457498789975162 0.034375
2 0.6100118460164203 0.24375 0.032994307181592394 0.03125
2 0.5752782977136226 0.31640625 0.028279536104353475 0.0265625
2 0.526331737605164 0.22890625 0.034565897540672096 0.0328125
2 0.4954721021647404 0.16171875 0.037718168617910844 0.0375
2 0.47303856596219107 0.2 0.03779998184962743 0.0515625
2 0.49955717680933437 0.5953125 0.04400453005422929 0.04375
2 0.4457281948615111 0.60859375 0.056504530054229285 0.04375
2 0.5291487071581512 0.44453125 0.05646816861791084 0.0375
2 0.6121475595192833 0.4765625 0.056486349336070066 0.040625
2 0.6638918667008757 0.5078125 0.03146816861791084 0.0375
2 0.6664265142415478 0.540625 0.05802157825883114 0.0359375
2 0.72105947208707 0.53125 0.0615556444174139 0.10625
2 0.30800846360105893 0.16796875 0.07394656010845857 0.0875
2 0.21648105639602547 0.55 0.08787270472226431 0.0640625
2 0.34432373438371017 0.3671875 0.06893180718159239 0.03125
2 0.36716633674484234 0.39921875 0.04862839754067192 0.0328125
2 0.4083135115110732 0.3546875 0.04713862041330898 0.0453125
2 0.4100896349494443 0.39140625 0.031413626463433174 0.028125
2 0.3751464875069681 0.29375 0.04714771077238851 0.046875
2 0.47028172550491554 0.26328125 0.029923849336070063 0.040625
2 0.45403001160926915 0.28984375 0.04391362646343318 0.028125
2 0.5109158158639951 0.26484375 0.056413626463433175 0.028125
2 0.5592078701187214 0.23984375 0.03159543364502539 0.059375
2 0.5966391715447771 0.09375 0.03773634933607006 0.040625
2 0.5703721082148647 0.14453125 0.07687157220870695 0.053125
2 0.6073317527304745 0.1859375 0.04391362646343318 0.028125
2 0.6114061743734475 0.21484375 0.06269998789975162 0.034375
2 0.803680553665551 0.3640625 0.058194295081344195 0.065625
2 0.7928607074527388 0.25 0.04238748789975162 0.034375
2 0.7907305808911099 0.28671875 0.05336134933607006 0.040625
2 0.6360839875069682 0.29375 0.02519998789975162 0.034375
2 0.6164391080184729 0.27421875 0.05644998789975162 0.034375
2 0.34772196603694583 0.5484375 0.06904998184962743 0.0515625
2 0.3798895714231401 0.571875 0.02836134933607006 0.040625
2 0.39903045686356364 0.6390625 0.05968407220870695 0.053125
2 0.42932596916020377 0.475 0.0439318071815924 0.03125
2 0.40599300828961943 0.49296875 0.040797716822512695 0.0296875
2 0.3928799299325923 0.521875 0.029942030054229286 0.04375
2 0.3662174359827165 0.5046875 0.029851126463433086 0.028125
2 0.31860209259857475 0.51171875 0.034556807181592396 0.03125
2 0.40887308947531686 0.58515625 0.032994307181592394 0.03125
2 0.30549706283893313 0.2734375 0.04411361436318471 0.0625
2 0.3373737767345796 0.246875 0.04556703005422928 0.04375
2 0.422684041958086 0.1390625 0.040879530054229285 0.04375
2 0.5029043697259379 0.49921875 0.04405907220870695 0.053125
2 0.5923981409013725 0.4390625 0.03768180718159222 0.03125