2 0.56015625 0.85234375 0.0890625 0.0734375
2 0.4625 0.74609375 0.08359375 0.103125
2 0.49765625 0.65078125 0.05625 0.059375
2 0.42421875 0.62421875 0.0578125 0.0625
2 0.4515625 0.58203125 0.04921875 0.04921875
2 0.4015625 0.5484375 0.084375 0.05078125
2 0.3484375 0.68671875 0.05703125 0.06953125
2 0.34140625 0.75546875 0.0578125 0.0703125
2 0.390625 0.77734375 0.059375 0.065625
2 0.5796875 0.78125 0.071875 0.06484375
2 0.61484375 0.73359375 0.065625 0.05234375
2 0.69140625 0.7734375 0.078125 0.08984375
2 0.26015625 0.6046875 0.0640625 0.0671875
2 0.3046875 0.6453125 0.05625 0.06484375
2 0.3234375 0.49609375 0.05859375 0.0546875
2 0.4328125 0.496875 0.0625 0.04921875
2 0.45390625 0.44765625 0.03984375 0.0421875
2 0.19765625 0.4578125 0.05390625 0.05703125
2 0.17578125 0.39296875 0.06171875 0.05546875
2 0.2109375 0.33359375 0.05078125 0.04609375
2 0.3 0.37734375 0.05546875 0.07421875
2 0.28359375 0.31953125 0.07109375 0.06171875
2 0.34609375 0.26796875 0.03984375 0.040625
2 0.32421875 0.21640625 0.04140625 0.078125
2 0.1609375 0.48828125 0.0390625 0.0421875
2 0.16328125 0.55234375 0.07109375 0.0875
2 0.14453125 0.6171875 0.065625 0.06171875
2 0.13671875 0.6765625 0.0625 0.05859375
2 0.68515625 0.8546875 0.05625 0.05234375