2 0.58984375 0.65703125 0.0484375 0.0375
2 0.6375 0.67734375 0.03828125 0.03828125
2 0.7078125 0.66640625 0.04453125 0.0390625
2 0.740625 0.57421875 0.0390625 0.06640625
2 0.67890625 0.57421875 0.04453125 0.040625
2 0.69609375 0.49140625 0.0390625 0.03984375
2 0.63984375 0.48125 0.03515625 0.03359375
2 0.65546875 0.51953125 0.059375 0.04765625
2 0.44140625 0.60390625 0.034375 0.034375
2 0.47734375 0.65546875 0.03515625 0.03515625
2 0.24375 0.39140625 0.03125 0.0328125
2 0.31640625 0.4265625 0.0265625 0.028125
2 0.22890625 0.475 0.0328125 0.03359375
2 0.16171875 0.50546875 0.03828125 0.03671875
2 0.2 0.528125 0.0515625 0.03828125
2 0.5953125 0.50390625 0.04453125 0.04375
2 0.60859375 0.5578125 0.04375 0.05703125
2 0.44453125 0.4734375 0.0375 0.05703125
2 0.4765625 0.390625 0.04140625 0.05625
2 0.5078125 0.3390625 0.03671875 0.03125
2 0.540625 0.33671875 0.0359375 0.0578125
2 0.53125 0.28203125 0.10625 0.0609375
2 0.16796875 0.69296875 0.08671875 0.0734375
2 0.55 0.78671875 0.0640625 0.08828125
2 0.3671875 0.6578125 0.03125 0.06796875
2 0.39921875 0.63515625 0.0328125 0.0484375
2 0.3546875 0.59375 0.0453125 0.046875
2 0.39140625 0.5921875 0.02734375 0.03125
2 0.29375 0.6265625 0.04765625 0.04765625
2 0.26328125 0.53125 0.040625 0.0296875
2 0.28984375 0.54765625 0.028125 0.04453125
2 0.26484375 0.490625 0.028125 0.05703125
2 0.23984375 0.4421875 0.05859375 0.03125
2 0.09375 0.40390625 0.04140625 0.0375
2 0.14453125 0.43046875 0.053125 0.0765625
2 0.1859375 0.39375 0.02734375 0.04375
2 0.21484375 0.38984375 0.03515625 0.06171875
2 0.3640625 0.1984375 0.06640625 0.0578125
2 0.25 0.20859375 0.034375 0.0421875
2 0.28671875 0.2109375 0.040625 0.05390625
2 0.29375 0.365625 0.034375 0.02578125
2 0.27421875 0.38515625 0.034375 0.05625
2 0.5484375 0.65546875 0.0515625 0.06875
2 0.571875 0.6234375 0.040625 0.02890625
2 0.6390625 0.6046875 0.05390625 0.059375
2 0.475 0.5734375 0.03125 0.04375
2 0.49296875 0.596875 0.0296875 0.04140625
2 0.521875 0.61015625 0.04296875 0.0296875
2 0.5046875 0.63671875 0.02734375 0.0296875
2 0.51171875 0.684375 0.03203125 0.03359375
2 0.58515625 0.59453125 0.03046875 0.0328125
2 0.2734375 0.69609375 0.06171875 0.04453125
2 0.246875 0.6640625 0.04453125 0.0453125
2 0.1390625 0.578125 0.04296875 0.03984375
2 0.49921875 0.5 0.05390625 0.04453125
2 0.4390625 0.41015625 0.03125 0.03828125