2 0.621875 0.73046875 0.06015625 0.053125
2 0.69375 0.765625 0.06875 0.07578125
2 0.50234375 0.6453125 0.04296875 0.04375
2 0.45546875 0.5765625 0.04609375 0.04296875
2 0.59609375 0.5734375 0.04296875 0.05859375
2 0.55078125 0.6015625 0.06171875 0.05625
2 0.428125 0.62109375 0.04609375 0.0578125
2 0.40390625 0.54453125 0.07421875 0.04453125
2 0.2640625 0.6 0.05078125 0.05546875
2 0.328125 0.4984375 0.053125 0.05703125
2 0.378125 0.47734375 0.028125 0.02890625
2 0.37421875 0.50625 0.028125 0.028125
2 0.43515625 0.49375 0.0609375 0.0390625
2 0.4578125 0.43984375 0.0359375 0.03125
2 0.41640625 0.43046875 0.05390625 0.0609375
2 0.40703125 0.3890625 0.0421875 0.0375
2 0.2984375 0.37578125 0.05 0.0578125
2 0.3578125 0.30859375 0.03984375 0.0421875
2 0.3484375 0.26484375 0.03515625 0.03359375
2 0.2109375 0.32734375 0.04296875 0.03984375
2 0.28828125 0.315625 0.0625 0.05546875
2 0.1765625 0.38984375 0.046875 0.046875
2 0.60859375 0.49296875 0.04140625 0.0375
2 0.45625 0.725 0.04921875 0.04609375
2 0.47578125 0.75625 0.0421875 0.0421875
2 0.5890625 0.778125 0.0578125 0.05390625
2 0.3578125 0.353125 0.053125 0.046875
2 0.28984375 0.25703125 0.06640625 0.05234375
2 0.30546875 0.63671875 0.05 0.0515625
2 0.3453125 0.6703125 0.046875 0.040625
2 0.3421875 0.74453125 0.0453125 0.0578125
2 0.13828125 0.6078125 0.05546875 0.05234375
2 0.56328125 0.84453125 0.07109375 0.05546875
2 0.1703125 0.56640625 0.04453125 0.040625
2 0.196875 0.4546875 0.04765625 0.0453125
2 0.1578125 0.5296875 0.05078125 0.0453125
2 0.13515625 0.67109375 0.053125 0.053125
2 0.29453125 0.7984375 0.08359375 0.07421875
2 0.39140625 0.7734375 0.05859375 0.059375
2 0.45 0.3328125 0.0375 0.03515625
2 0.51796875 0.3703125 0.03515625 0.0328125