2 0.6666800025340829 0.31949294778837733 0.06917724687674216 0.07383747579950324
2 0.6144998789975159 0.3473134207592102 0.03615566861791084 0.037709078258831144
2 0.6303021409995685 0.37787307435000633 0.034565897540672096 0.03301248789975162
2 0.6381242522394952 0.5138514809658645 0.037718168617910844 0.037718168617910844
2 0.5534987464839586 0.33602139675510506 0.03301248789975162 0.03456589754067192
2 0.5785896500747547 0.3517918425003789 0.03144998789975162 0.034556807181592396
2 0.7093033188890573 0.26036793266306685 0.039298849336070064 0.04085225897699045
2 0.6186485861556672 0.7918537611182896 0.05644998789975162 0.03470225292686635
2 0.5894974173413645 0.883868544295777 0.05801248789975162 0.03471134328594587
2 0.48850708908253343 0.8473447161351416 0.04405907220870695 0.05337953005422946
2 0.5022877879510652 0.7989890293668582 0.028252265027114733 0.022038626463433176
2 0.5164684626191003 0.8193833425985748 0.028288626463433175 0.028288626463433175
2 0.4578610770804808 0.8166987041330891 0.031413626463433174 0.02830680718159222
2 0.47758270374030565 0.7152543788011242 0.04705680718159222 0.03152271077238851
2 0.4918724627172962 0.7543986920328407 0.04390453610435365 0.026817030054229286
2 0.552078709692234 0.763342420857406 0.047093168617910665 0.03777271077238851
2 0.5774468692349586 0.82676911660268 0.03152271077238851 0.04705680718159257
2 0.5848543273750685 0.6229128635776178 0.037718168617910844 0.037718168617910844
2 0.6229219539366975 0.5864168273750684 0.03145907825883114 0.03611930718159222
2 0.5932577007152435 0.7245208153730159 0.031504530054229464 0.04393180718159222
2 0.6182258844584648 0.7191975111182898 0.028288626463433175 0.028288626463433175
2 0.6313707790722706 0.6958372791704666 0.03143180718159222 0.0314318071815924
2 0.2196333274732643 0.5559465147325271 0.04409543364502548 0.05962953005422929
2 0.2554208365484506 0.5303743429913583 0.04891019867214012 0.08153180113146803
2 0.25888217983439643 0.5882050237095175 0.04551248789975162 0.034638620413308986
2 0.3008611224564124 0.6868834182251273 0.0314318071815924 0.03143180718159222
2 0.4034684928697213 0.7327913367448423 0.03154089149054773 0.050181807181592396
2 0.3832832578968359 0.7545481620768073 0.029851126463433176 0.028297716822512697
2 0.4007156767111385 0.6624652012062229 0.04398634933607006 0.040879530054229285
2 0.4274827097904299 0.6977759873105764 0.037718168617910844 0.03771816861791066
2 0.43268329419758117 0.651714053567355 0.0470568071815924 0.03152271077238851
2 0.5284412217924824 0.7288310654712118 0.03777271077238851 0.04709316861791084
2 0.48802932435000634 0.6309430113146816 0.02836134933607006 0.040788626463433175
2 0.5016196465587133 0.6841452793668583 0.047038626463433174 0.028397710772388507
2 0.5631520441975811 0.6524730985505032 0.047020445745273955 0.025272710772388508
2 0.6561889718906783 0.6647327249157404 0.037718168617910844 0.037718168617910844
2 0.7493657583878153 0.43247019164005723 0.040797716822512695 0.029923849336070063
2 0.7047072433607007 0.4103361164062882 0.04726588544042354 0.06746021077238851
2 0.381800487605164 0.23111975243588692 0.04715680113146812 0.048710210772388504