2 0.28098027176460993 0.44921875 0.022020445745273953 0.025
2 0.3223637958669109 0.453125 0.025163626463433085 0.028125
2 0.3441206211988758 0.4734375 0.025163626463433085 0.028125
2 0.31343824776050483 0.51015625 0.023573855386194255 0.0234375
2 0.2932621031466991 0.48671875 0.022020445745273953 0.025
2 0.29731379889197296 0.46171875 0.026726126463433086 0.028125
2 0.39589674463724683 0.43671875 0.028297716822512697 0.0296875
2 0.4280734403825207 0.41171875 0.022038626463433176 0.028125
2 0.45752913622599056 0.4515625 0.02200226502711473 0.021875
2 0.43003539530117685 0.47734375 0.02200226502711473 0.021875
2 0.41446039227611475 0.46875 0.02512726502711473 0.021875
2 0.40262346760807965 0.4890625 0.031413626463433174 0.028125
2 0.3876070007855669 0.51875 0.022074987899751618 0.034375
2 0.3619211995559029 0.50234375 0.025145445745273866 0.025
2 0.3508018923743106 0.53359375 0.0532977168225127 0.0296875
2 0.3280138321676561 0.55625 0.02510908430895542 0.01875
2 0.34274849785870065 0.575 0.025145445745273866 0.025
2 0.3387104376520462 0.59765625 0.022002265027114644 0.021875
2 0.31581783831597615 0.63828125 0.028270445745273865 0.025
2 0.3771325882177803 0.5734375 0.025163626463433175 0.028125
2 0.405975205704223 0.584375 0.023582945745273774 0.025
2 0.38778828708631213 0.621875 0.025127265027114643 0.021875
2 0.4048712479568966 0.63984375 0.02200226502711473 0.021875
2 0.3829189799047198 0.653125 0.02200226502711473 0.021875
2 0.41947410344128666 0.68125 0.0298693071815924 0.03125
2 0.3247655914392341 0.71171875 0.026717036104353477 0.0265625
2 0.476079669207086 0.3515625 0.023582945745273955 0.025
2 0.44713705777076757 0.3578125 0.02512726502711473 0.021875
2 0.4470143379231927 0.37890625 0.023582945745273955 0.025
2 0.41521943725926275 0.33828125 0.02199317466803503 0.0203125
2 0.4055717264868742 0.38515625 0.029832945745273776 0.025
2 0.39720069028432486 0.346875 0.01886817466803503 0.0203125
2 0.4150876270526084 0.3609375 0.023564765027114732 0.021875
2 0.38875693120913857 0.32109375 0.025136355386194253 0.0234375
2 0.3596097866935287 0.3625 0.022011355386194253 0.0234375
2 0.35397286505055575 0.39140625 0.025136355386194253 0.0234375
2 0.3188757023845733 0.38125 0.023573855386194255 0.0234375
2 0.2862177384889268 0.3546875 0.028306807181592397 0.03125
2 0.31052739207972296 0.3390625 0.023582945745273864 0.025
2 0.3198023981298471 0.35625 0.023573855386194255 0.0234375
2 0.3416683077707675 0.3578125 0.022020445745273863 0.025
2 0.3449432986955812 0.33203125 0.031395445745273955 0.025
2 0.34512056069763375 0.3015625 0.028279536104353475 0.0265625
2 0.37642055767257165 0.29296875 0.028288626463433175 0.028125
2 0.36323930162244744 0.27578125 0.023592036104353474 0.0265625
2 0.4194347594679698 0.28515625 0.028288626463433175 0.028125
2 0.45928305464750957 0.284375 0.02200226502711473 0.021875
2 0.4687762293155446 0.2640625 0.018886355386194254 0.0234375
2 0.46735008470173883 0.240625 0.022020445745273776 0.025
2 0.44527964198152714 0.27421875 0.02200226502711473 0.021875
2 0.42118361182910197 0.253125 0.022020445745273776 0.025
2 0.49818192818407636 0.3125 0.02512726502711473 0.021875
2 0.49990805464750954 0.284375 0.03144089754067192 0.0328125
2 0.5094694070086417 0.25234375 0.05172612646343318 0.028125
2 0.5320120275201464 0.271875 0.020439765027114733 0.021875
2 0.5452160094679698 0.28515625 0.023564765027114732 0.021875
2 0.5252898497288536 0.21875 0.01885908430895533 0.01875
2 0.5505665847999348 0.30546875 0.02200226502711473 0.021875
2 0.5739904492613153 0.3078125 0.023582945745273955 0.025
2 0.5870626210024842 0.34375 0.02512726502711473 0.021875
2 0.5869262656162899 0.3671875 0.02668976502711473 0.021875
2 0.5519290969001831 0.33984375 0.048664758976990366 0.0390625
2 0.5861000847017388 0.240625 0.018840903590796286 0.015625
2 0.5540642895221991 0.24140625 0.02200226502711473 0.021875
2 0.5596739400879331 0.2171875 0.025163626463433175 0.028125
2 0.6075983556807818 0.17109375 0.03451135538619425 0.0234375
2 0.6113364340378089 0.2 0.05019998789975162 0.034375
2 0.6096012172152963 0.2296875 0.03293067466803503 0.0203125
2 0.6156694100337038 0.2609375 0.05019998789975162 0.034375
2 0.4952438014260558 0.14609375 0.028270445745273775 0.025
2 0.4723648376286052 0.184375 0.031495439695149584 0.0421875
2 0.44094666598563226 0.21328125 0.02200226502711473 0.021875
2 0.4411148376286051 0.184375 0.026735216822512696 0.0296875
2 0.6089643711988758 0.4734375 0.043949987899751616 0.034375
2 0.6595774495559029 0.50234375 0.02521816861791084 0.0375
2 0.6460507598607532 0.54453125 0.02200226502711473 0.021875
2 0.5888058864223822 0.58125 0.01885908430895533 0.01875
2 0.5846632870863122 0.621875 0.02200226502711473 0.021875
2 0.6263377026791609 0.57578125 0.020457945745273775 0.025
2 0.5883064375538504 0.5328125 0.01886817466803503 0.0203125
2 0.585045082167656 0.55625 0.025145445745273953 0.025
2 0.5658774465308408 0.49375 0.032957945745273956 0.025
2 0.45587066657480746 0.60234375 0.01887726502711473 0.021875
2 0.4355718021134267 0.6 0.025145445745273776 0.025
2 0.4991166725267357 0.5546875 0.02200226502711473 0.021875
2 0.4847905521134268 0.6 0.026726126463433177 0.028125
2 0.4423899495559029 0.50234375 0.01887726502711473 0.021875