2 0.34296875 0.5918390838179761 0.0375 0.04865566861791084
2 0.32265625 0.6393771591499411 0.0375 0.037718168617910844
2 0.33359375 0.7097532916634984 0.0390625 0.04397725897699054
2 0.42578125 0.7431021228491959 0.065625 0.03944429508134384
2 0.42578125 0.6813833728491958 0.040625 0.04398634933607006
2 0.50859375 0.6990526618804156 0.040625 0.039298849336070064
2 0.51875 0.6428617492144331 0.034375 0.03457498789975162
2 0.48046875 0.6582640354169824 0.046875 0.05964771077238851
2 0.39609375 0.44371065602668314 0.034375 0.03457498789975162
2 0.34453125 0.47934817417705566 0.034375 0.03457498789975162
2 0.60859375 0.2472906948615111 0.0328125 0.03144089754067192
2 0.5734375 0.31974241178221974 0.028125 0.026726126463433177
2 0.525 0.23196061065075155 0.034375 0.03301248789975162
2 0.49453125 0.164595848648699 0.0375 0.037718168617910844
2 0.471875 0.20274528844204456 0.0375 0.05178066861791084
2 0.49609375 0.5981986890077786 0.04375 0.04400453005422929
2 0.4421875 0.6111663216195318 0.05625 0.04407725292686635
2 0.5265625 0.4475947010098311 0.05625 0.03782725292686635
2 0.609375 0.48010774004105095 0.05625 0.04095225292686635
2 0.6609375 0.5116577218906783 0.03125 0.0376818071815924
2 0.66328125 0.5444838574292977 0.0578125 0.03627384328594587
2 0.71796875 0.5354270199970843 0.0609375 0.1066045240041051
2 0.30703125 0.16975500555914488 0.0734375 0.08792724687674199
2 0.21328125 0.5512408340143679 0.0875 0.06457156010845858
2 0.3421875 0.3691782886384363 0.06875 0.03164997579950324
2 0.36484375 0.4013413488450907 0.0484375 0.033094301131468204
2 0.40625 0.3570509933607006 0.046875 0.04558521077238851
2 0.4078125 0.39377883371978023 0.03125 0.028306807181592397
2 0.3734375 0.2959225958200286 0.046875 0.04714771077238851
2 0.46875 0.2660083577238853 0.0296875 0.040797716822512695
2 0.45234375 0.29247540895354934 0.04375 0.028379530054229284
2 0.509375 0.2678072070599554 0.05625 0.02845225292686617
2 0.5578125 0.2430890081914235 0.03125 0.0595568071815924
2 0.59609375 0.09721797198887416 0.0375 0.04084316861791084
2 0.56953125 0.14784468588452065 0.0765625 0.05357042759490129
2 0.60625 0.1894645593228917 0.04375 0.028379530054229284
2 0.61015625 0.2183935352205907 0.0625 0.034738614363184706
2 0.8015625 0.3687258542078439 0.0578125 0.06596134328594587
2 0.79140625 0.25460426687382637 0.0421875 0.03462043969514968
2 0.7890625 0.2913093813352069 0.053125 0.04093407220870695
2 0.634375 0.2974406857863248 0.025 0.03452044574527395
2 0.61484375 0.2777958062978296 0.05625 0.03470225292686626
2 0.34453125 0.5504419241770557 0.06875 0.051962475799503235
2 0.3765625 0.5740657765381879 0.028125 0.040788626463433175
2 0.3953125 0.6413623608471433 0.059375 0.05347043364502539
2 0.4265625 0.47748166802873565 0.04375 0.031504530054229284
2 0.403125 0.4953140626425414 0.040625 0.029923849336070063
2 0.38984375 0.5241430445903645 0.0296875 0.0439227168225127
2 0.36328125 0.5068010084860111 0.0296875 0.028297716822512697
2 0.315625 0.5135550025340828 0.034375 0.03144998789975162
2 0.40546875 0.5875151981811608 0.0328125 0.0314408975406721
2 0.30390625 0.2752055748409856 0.04375 0.06275453005422929
2 0.3359375 0.2488294272021178 0.0453125 0.04401362041330899
2 0.421875 0.14151689695149677 0.040625 0.04398634933607006
2 0.5 0.5021276649054777 0.04375 0.05337953005422928
2 0.58984375 0.44249411055255566 0.0375 0.03146816861791084