2 0.80234375 0.6023241493873837 0.084375 0.09111587939029953
2 0.696875 0.6704605501495096 0.059375 0.06909543364502539
2 0.51796875 0.8319197040348932 0.1453125 0.08834540339440444
2 0.81640625 0.36099971261910024 0.084375 0.07549087939029935
2 0.25703125 0.6210266140685972 0.078125 0.09420451795398091
2 0.2984375 0.697048758584207 0.0625 0.058176114363184796
2 0.334375 0.6081953368430382 0.0859375 0.07237496974937904
2 0.14453125 0.4594346082148647 0.0640625 0.06599770472226432
2 0.22265625 0.4911391261688455 0.08125 0.07703519867214012
2 0.615625 0.5520191014773694 0.1109375 0.12564541549465283
2 0.6359375 0.7302622761454044 0.0625 0.06598861436318479
2 0.53359375 0.5726356076256895 0.053125 0.09249657220870695
2 0.571875 0.2611395714231401 0.05 0.051853391490547726
2 0.4796875 0.4566969902374426 0.046875 0.05496021077238851
2 0.4265625 0.6032629180287357 0.1375 0.1851749515990065
2 0.29296875 0.27123569232742833 0.128125 0.06637040944452863
2 0.2328125 0.30057321350286303 0.134375 0.08515677088084708
2 0.30390625 0.19317432484098568 0.065625 0.06131929508134393
2 0.51875 0.7061429992144331 0.0625 0.0753636143631848
2 0.66953125 0.8093639688656161 0.071875 0.08635565651766228
2 0.634375 0.8779094357863247 0.06875 0.06758747579950324
2 0.8484375 0.2697798149802324 0.078125 0.1051420179539809
2 0.29453125 0.35015103268650793 0.0515625 0.051862481849627426
2 0.30234375 0.471290234481906 0.0765625 0.1723204275949012
2 0.76328125 0.4474093904103933 0.14375 0.14458631303532493