2 0.59765625 0.80234375 0.09140625 0.08515625
2 0.66640625 0.696875 0.06796875 0.05859375
2 0.82890625 0.51796875 0.0875 0.1453125
2 0.35625 0.81640625 0.07421875 0.08515625
2 0.61953125 0.25703125 0.09375 0.07890625
2 0.6953125 0.2984375 0.0578125 0.06171875
2 0.60625 0.334375 0.07265625 0.0859375
2 0.45859375 0.14453125 0.06640625 0.0640625
2 0.48984375 0.22265625 0.0765625 0.08125
2 0.5484375 0.615625 0.12421875 0.1109375
2 0.7265625 0.6359375 0.06640625 0.06328125
2 0.56953125 0.53359375 0.0921875 0.05390625
2 0.2578125 0.571875 0.0515625 0.05
2 0.45390625 0.4796875 0.0546875 0.04765625
2 0.60078125 0.4265625 0.18359375 0.13828125
2 0.26953125 0.29296875 0.06640625 0.12734375
2 0.29921875 0.2328125 0.084375 0.13359375
2 0.19140625 0.30390625 0.0609375 0.06484375
2 0.703125 0.51875 0.075 0.06328125
2 0.80546875 0.66953125 0.0859375 0.07109375
2 0.87421875 0.634375 0.06640625 0.06875
2 0.26484375 0.8484375 0.1046875 0.078125
2 0.3484375 0.29453125 0.0515625 0.0515625
2 0.46953125 0.30234375 0.17265625 0.0765625
2 0.44296875 0.76328125 0.14375 0.14453125