2 0.684375 0.6608621727231274 0.0734375 0.06917724687674216
2 0.65625 0.6086820491865605 0.0375 0.03615566861791084
2 0.62578125 0.6244843111886131 0.0328125 0.03456589754067192
2 0.48984375 0.6323064224285398 0.0375 0.037718168617910844
2 0.6671875 0.5476809166730032 0.034375 0.03301248789975162
2 0.6515625 0.5727718202637994 0.034375 0.03144998789975162
2 0.74375 0.7034854890781019 0.040625 0.039298849336070064
2 0.21171875 0.6128307563447117 0.034375 0.05644998789975162
2 0.11953125 0.5836795875304093 0.0359375 0.05802157825883114
2 0.15546875 0.482689259271578 0.053125 0.04405907220870695
2 0.20390625 0.4964699581401099 0.021875 0.028252265027114733
2 0.18359375 0.5106506328081449 0.028125 0.028288626463433175
2 0.1859375 0.4520432472695255 0.028125 0.031413626463433174
2 0.2875 0.47176487392935035 0.03125 0.0470568071815924
2 0.2484375 0.48605463290634077 0.0265625 0.04390453610435348
2 0.23984375 0.5462608798812787 0.0375 0.04709316861791084
2 0.1765625 0.5716290394240031 0.046875 0.03152271077238851
2 0.38046875 0.5790364975641131 0.0375 0.037718168617910844
2 0.4171875 0.617104124125742 0.0359375 0.03145907825883114
2 0.27890625 0.5874398709042883 0.04375 0.031504530054229284
2 0.284375 0.6124080546475096 0.028125 0.028288626463433175
2 0.3078125 0.6255529492613153 0.03125 0.0314318071815924
2 0.4453125 0.21381549766230895 0.059375 0.04409543364502548
2 0.47109375 0.24960300673749525 0.08125 0.04891019867214012
2 0.41328125 0.2530643500234411 0.034375 0.04551248789975162
2 0.31484375 0.29504329264545703 0.03125 0.0314318071815924
2 0.26953125 0.39765066305876595 0.05 0.03154089149054782
2 0.24765625 0.37746542808588057 0.028125 0.029851126463433086
2 0.33984375 0.39489784690018315 0.040625 0.04398634933607006
2 0.3046875 0.42166487997947455 0.0375 0.037718168617910844
2 0.35078125 0.42686546438662576 0.03125 0.04705680718159222
2 0.27421875 0.5226233919815271 0.046875 0.03777271077238851
2 0.371875 0.482211494539051 0.040625 0.02836134933607006
2 0.31875 0.4958018167477579 0.028125 0.047038626463433174
2 0.35078125 0.5573342143866258 0.025 0.047020445745273774
2 0.3390625 0.6503711420797229 0.0375 0.03771816861791066
2 0.571875 0.7435479285768599 0.0296875 0.040797716822512695
2 0.59375 0.6988894135497452 0.0671875 0.04726588544042354
2 0.77109375 0.37598265779420864 0.0484375 0.04715680113146812