2 0.76015625 0.43879745969223405 0.046875 0.04402271077238851
2 0.78046875 0.4990718843602691 0.0375 0.040843168617910666
2 0.75625 0.530180983794535 0.04375 0.04400453005422929
2 0.7640625 0.5716326855899331 0.040625 0.040861349336070066
2 0.8390625 0.5705065228257548 0.0421875 0.04555793969514958
2 0.80234375 0.5421678993873836 0.04375 0.04400453005422946
2 0.91015625 0.39435763416387737 0.040625 0.04398634933607006
2 0.7109375 0.35179236338122605 0.040625 0.04398634933607006
2 0.7625 0.2974048452308534 0.0421875 0.04399543969514967
2 0.73828125 0.23867019466511938 0.04375 0.047129530054229284
2 0.69140625 0.21183498389273084 0.0375 0.04084316861791084
2 0.59609375 0.29174922198887415 0.034375 0.043949987899751616
2 0.5859375 0.23622138465485665 0.08125 0.05359769867214013
2 0.63125 0.4317975050681655 0.059375 0.06909543364502539
2 0.6734375 0.4593866947633153 0.034375 0.03769998789975162
2 0.5140625 0.49049072813719424 0.0375 0.03615566861791084
2 0.5703125 0.5415992310640605 0.040625 0.039298849336070064
2 0.50546875 0.5685657311622563 0.040625 0.03773634933607006
2 0.57734375 0.5814838876799188 0.0515625 0.04092498184962743
2 0.63359375 0.596654890606785 0.040625 0.07211134933607007
2 0.67734375 0.6101906706610143 0.046875 0.06589771077238851
2 0.734375 0.5902099687674204 0.01875 0.02198408430895533
2 0.65859375 0.5296128363520589 0.0640625 0.09256020472226431
2 0.61640625 0.5348361466569092 0.03125 0.03299430718159222
2 0.60234375 0.49725433342519254 0.0484375 0.05340680113146803
2 0.44140625 0.643193026439992 0.046875 0.048710210772388504
2 0.53125 0.67340322208707 0.040625 0.03773634933607006
2 0.54296875 0.7344088997801672 0.040625 0.03773634933607006
2 0.55078125 0.7735168515755653 0.03125 0.03299430718159222
2 0.59296875 0.7729810412707149 0.0375 0.04084316861791084
2 0.315625 0.7049612525340828 0.0359375 0.037709078258831144
2 0.33984375 0.6730709030998169 0.0359375 0.037709078258831144
2 0.3234375 0.5886004543294809 0.040625 0.05961134933607006
2 0.36796875 0.58339077956325 0.034375 0.043949987899751616
2 0.58671875 0.6385696798343965 0.0515625 0.06279998184962743
2 0.63046875 0.6489804598886257 0.0296875 0.0314227168225127
2 0.48828125 0.3294032372123805 0.0453125 0.04713862041330898
2 0.51875 0.35692424921443305 0.053125 0.04405907220870695
2 0.565625 0.3212594599868216 0.0484375 0.04871930113146812
2 0.65703125 0.35538499599297924 0.0703125 0.06603406615858276
2 0.39921875 0.33747883674484236 0.05 0.04716589149054773
2 0.47109375 0.25117824326250476 0.078125 0.0535795179539809
2 0.3890625 0.23741974941082483 0.046875 0.03621021077238851
2 0.4578125 0.197975975210328 0.0671875 0.07226588544042359
2 0.334375 0.32147658684303815 0.08125 0.06609769867214013
2 0.21796875 0.3606431050916067 0.034375 0.036137487899751616
2 0.3125 0.4111930718159235 0.0375 0.05021816861791084
2 0.31328125 0.4783851169954634 0.040625 0.047111349336070064
2 0.275 0.5328499031980127 0.04375 0.039317030054229284
2 0.33984375 0.5254146530998168 0.0375 0.03928066861791084
2 0.265625 0.495295361043535 0.0640625 0.034747704722264315
2 0.23125 0.4872828731437835 0.028125 0.026726126463433177
2 0.23984375 0.4584266201187213 0.046875 0.026835210772388506
2 0.278125 0.437555583916172 0.034375 0.03144998789975162
2 0.2546875 0.4108567285299777 0.03125 0.0314318071815924
2 0.21953125 0.41065219545068626 0.034375 0.03769998789975162
2 0.22734375 0.5810101472460844 0.034375 0.04551248789975162
2 0.2140625 0.5364016291939075 0.0609375 0.0441045240041051
2 0.28515625 0.5860339905320302 0.046875 0.04402271077238851
2 0.29609375 0.6282851230455876 0.0390625 0.03616475897699054
2 0.50234375 0.6966725504440971 0.04375 0.050254530054229286
2 0.3984375 0.6866930415653025 0.046875 0.04714771077238851
2 0.44296875 0.6924208667990717 0.0625 0.0441136143631848
2 0.3453125 0.7902902193565955 0.0375 0.03771816861791066