2 0.4329796298812787 0.23984375 0.04402271077238851 0.046875
2 0.4932540545493137 0.21953125 0.04084316861791084 0.0375
2 0.5243631539835796 0.24375 0.04400453005422929 0.04375
2 0.5658148557789777 0.2359375 0.040861349336070066 0.040625
2 0.5646886930147994 0.1609375 0.04555793969514958 0.0421875
2 0.5363500695764284 0.19765625 0.04400453005422929 0.04375
2 0.38853980435292196 0.08984375 0.04398634933607006 0.040625
2 0.34597453357027075 0.2890625 0.04398634933607006 0.040625
2 0.2915870154198981 0.2375 0.04399543969514967 0.0421875
2 0.23285236485416405 0.26171875 0.047129530054229284 0.04375
2 0.2060171540817755 0.30859375 0.04084316861791084 0.0375
2 0.28593139217791885 0.40390625 0.043949987899751616 0.034375
2 0.23040355484390132 0.4140625 0.05359769867214013 0.08125
2 0.4259796752572102 0.36875 0.06909543364502557 0.059375
2 0.4535688649523599 0.3265625 0.03769998789975162 0.034375
2 0.48467289832623883 0.4859375 0.03615566861791084 0.0375
2 0.5357814012531051 0.4296875 0.039298849336070064 0.040625
2 0.5627479013513009 0.49453125 0.03773634933607006 0.040625
2 0.5756660578689634 0.42265625 0.04092498184962743 0.0515625
2 0.5908370607958296 0.36640625 0.07211134933607007 0.040625
2 0.6043728408500589 0.32265625 0.06589771077238851 0.046875
2 0.584392138956465 0.265625 0.02198408430895533 0.01875
2 0.5237950065411036 0.34140625 0.09256020472226431 0.0640625
2 0.5290183168459539 0.38359375 0.032994307181592394 0.03125
2 0.4914365036142373 0.39765625 0.05340680113146821 0.0484375
2 0.6373751966290366 0.55859375 0.048710210772388504 0.046875
2 0.6675853922761147 0.46875 0.03773634933607006 0.040625
2 0.7285910699692117 0.45703125 0.03773634933607006 0.040625
2 0.7676990217646098 0.44921875 0.03299430718159222 0.03125
2 0.7671632114597596 0.40703125 0.04084316861791084 0.0375
2 0.6991434227231274 0.684375 0.037709078258831144 0.0359375
2 0.6672530732888615 0.66015625 0.037709078258831144 0.0359375
2 0.5827826245185255 0.6765625 0.05961134933607006 0.040625
2 0.5775729497522947 0.63203125 0.043949987899751616 0.034375
2 0.6327518500234411 0.41328125 0.06279998184962743 0.0515625
2 0.6431626300776705 0.36953125 0.0314227168225127 0.0296875
2 0.32358540740142516 0.51171875 0.04713862041330889 0.0453125
2 0.35110641940347775 0.48125 0.04405907220870695 0.053125
2 0.3154416301758663 0.434375 0.048719301131468204 0.0484375
2 0.34956716618202394 0.34296875 0.06603406615858276 0.0703125
2 0.33166100693388695 0.60078125 0.04716589149054773 0.05
2 0.2453604134515494 0.52890625 0.0535795179539809 0.078125
2 0.23160191959986945 0.6109375 0.03621021077238851 0.046875
2 0.19215814539937265 0.5421875 0.07226588544042359 0.0671875
2 0.31565875703208285 0.665625 0.06609769867214013 0.08125
2 0.35482527528065133 0.78203125 0.036137487899751616 0.034375
2 0.40537524200496816 0.6875 0.05021816861791084 0.0375
2 0.472567287184508 0.68671875 0.047111349336070064 0.040625
2 0.5270320733870574 0.725 0.039317030054229284 0.04375
2 0.5195968232888615 0.66015625 0.03928066861791084 0.0375
2 0.48947753123257964 0.734375 0.034747704722264315 0.0640625
2 0.481465043332828 0.76875 0.026726126463433177 0.028125
2 0.4526087903077659 0.76015625 0.026835210772388506 0.046875
2 0.43173775410521664 0.721875 0.03144998789975162 0.034375
2 0.4050388987190224 0.7453125 0.0314318071815924 0.03125
2 0.4048343656397309 0.78046875 0.03769998789975162 0.034375
2 0.575192317435129 0.77265625 0.04551248789975162 0.034375
2 0.5305837993829523 0.7859375 0.0441045240041051 0.0609375
2 0.580216160721075 0.71484375 0.04402271077238851 0.046875
2 0.6224672932346322 0.70390625 0.03616475897699054 0.0390625
2 0.6908547206331417 0.49765625 0.050254530054229286 0.04375
2 0.6808752117543472 0.6015625 0.04714771077238851 0.046875
2 0.6866030369881162 0.55703125 0.0441136143631848 0.0625
2 0.7844723895456401 0.6546875 0.037718168617910844 0.0375