2 0.19417918765204623 0.59765625 0.08490224082661779 0.090625
2 0.29924796185254304 0.66640625 0.059774975799503235 0.06875
2 0.4772088145082628 0.82890625 0.14582156010845856 0.0875
2 0.18152114812984715 0.35625 0.08481133723582168 0.075
2 0.7393644226249316 0.61953125 0.07867042154477702 0.09375
2 0.6975172902095701 0.6953125 0.06283634328594587 0.0578125
2 0.6620979406771083 0.60625 0.08635565651766228 0.071875
2 0.8528007296101322 0.45859375 0.06444429508134383 0.065625
2 0.7744939224285399 0.48984375 0.08169542759490138 0.0765625
2 0.38118428396305415 0.5484375 0.11166472872636941 0.125
2 0.3598354830279778 0.7265625 0.06288179508134402 0.065625
2 0.46309281411547937 0.56953125 0.05366133118569749 0.0921875
2 0.42662509075186306 0.2578125 0.05029998184962743 0.0515625
2 0.5176717506873711 0.45390625 0.047193162567786474 0.0546875
2 0.569942256933887 0.60078125 0.13857266237139498 0.184375
2 0.7054631630587659 0.26953125 0.12850679508134383 0.065625
2 0.7654466962362532 0.29921875 0.13486587939029954 0.084375
2 0.6949801810127468 0.19140625 0.06597952400410509 0.0609375
2 0.477159338414172 0.703125 0.06293633723582168 0.075
2 0.32578266989445703 0.80546875 0.07237496974937904 0.0859375
2 0.3605389440949539 0.87421875 0.06914088544042354 0.0671875
2 0.15002168413600478 0.26484375 0.07873405405833438 0.1046875
2 0.7034415999252452 0.3484375 0.051862481849627426 0.0515625
2 0.6949245970965748 0.46953125 0.0775624394987581 0.171875
2 0.23414163320092837 0.44296875 0.14458631303532482 0.14375