2 0.6765625 0.546875 0.02890625 0.0296875
2 0.7640625 0.5671875 0.028125 0.03125
2 0.6484375 0.59375 0.021875 0.02421875
2 0.63984375 0.57421875 0.02109375 0.0234375
2 0.6234375 0.5609375 0.03046875 0.028125
2 0.30546875 0.525 0.0296875 0.0375
2 0.33203125 0.4796875 0.02578125 0.02734375
2 0.43046875 0.71953125 0.03046875 0.046875
2 0.453125 0.70390625 0.02109375 0.02265625
2 0.56484375 0.6859375 0.0375 0.046875
2 0.6796875 0.6421875 0.02421875 0.02734375
2 0.59609375 0.71640625 0.028125 0.0296875
2 0.58046875 0.77265625 0.02421875 0.046875
2 0.615625 0.7703125 0.02265625 0.025
2 0.47109375 0.7515625 0.0625 0.05625
2 0.48515625 0.71875 0.028125 0.02734375
2 0.55546875 0.76015625 0.0203125 0.025
2 0.5546875 0.7875 0.0234375 0.02421875
2 0.59609375 0.81875 0.03359375 0.03828125
2 0.7421875 0.76953125 0.02734375 0.0265625
2 0.7671875 0.71328125 0.02890625 0.03203125
2 0.65859375 0.72578125 0.0265625 0.02578125
2 0.684375 0.728125 0.025 0.02734375
2 0.665625 0.75234375 0.025 0.0234375
2 0.67734375 0.77265625 0.021875 0.02578125
2 0.66015625 0.76875 0.02109375 0.01953125
2 0.678125 0.41015625 0.03984375 0.0296875
2 0.67265625 0.3796875 0.0265625 0.0265625
2 0.66875 0.4546875 0.03984375 0.03515625
2 0.65078125 0.50078125 0.0265625 0.03828125
2 0.65078125 0.47265625 0.0296875 0.0203125
2 0.6171875 0.47421875 0.02421875 0.0234375
2 0.56953125 0.46484375 0.025 0.0265625
2 0.57421875 0.42421875 0.03984375 0.028125
2 0.634375 0.41171875 0.03671875 0.06484375
2 0.59609375 0.3625 0.0265625 0.03671875
2 0.4375 0.36015625 0.03828125 0.0375
2 0.3625 0.42109375 0.02890625 0.02890625
2 0.3859375 0.7703125 0.03515625 0.03203125
2 0.39375 0.73359375 0.03984375 0.03359375
2 0.38671875 0.659375 0.02265625 0.021875
2 0.3828125 0.67734375 0.02421875 0.01875
2 0.40234375 0.68046875 0.025 0.02890625
2 0.434375 0.68671875 0.021875 0.021875
2 0.33359375 0.66640625 0.02109375 0.02265625
2 0.3546875 0.67890625 0.0203125 0.02109375
2 0.33515625 0.69765625 0.0359375 0.034375
2 0.34375 0.73125 0.0390625 0.0328125
2 0.3828125 0.7015625 0.0609375 0.03046875
2 0.6171875 0.646875 0.03203125 0.028125
2 0.615625 0.6109375 0.02265625 0.02109375
2 0.58828125 0.59375 0.03515625 0.03046875
2 0.53984375 0.628125 0.0234375 0.02265625
2 0.71640625 0.65703125 0.02734375 0.0265625
2 0.76171875 0.47734375 0.02890625 0.028125
2 0.7671875 0.4359375 0.02421875 0.02734375
2 0.809375 0.465625 0.02890625 0.0265625
2 0.8453125 0.4390625 0.02734375 0.02734375
2 0.78515625 0.5078125 0.02890625 0.02734375
2 0.525 0.7140625 0.02421875 0.02265625
2 0.50859375 0.70078125 0.0234375 0.02265625
2 0.4875 0.67890625 0.03984375 0.0421875
2 0.5234375 0.68671875 0.03359375 0.03046875
2 0.57578125 0.6203125 0.05546875 0.025
2 0.665625 0.66796875 0.0296875 0.02890625
2 0.62890625 0.690625 0.0234375 0.025
2 0.65 0.64375 0.03125 0.03828125
2 0.303125 0.58671875 0.02890625 0.02734375
2 0.26875 0.56875 0.02421875 0.02421875
2 0.24453125 0.59375 0.0234375 0.02421875
2 0.27578125 0.50625 0.0234375 0.025
2 0.27578125 0.48125 0.01953125 0.02265625
2 0.2578125 0.46796875 0.01953125 0.02109375