2 0.85234375 0.4448025408779315 0.0734375 0.08948974687674198
2 0.74609375 0.5418406464605174 0.103125 0.08497496369925486
2 0.65078125 0.5061298845566607 0.059375 0.056595433645025395
2 0.62421875 0.5794128484523073 0.0625 0.058176114363184796
2 0.58203125 0.5518236587571577 0.05 0.05029089149054773
2 0.5484375 0.6016282160369458 0.05 0.0846658914905479
2 0.68671875 0.655557712815492 0.06875 0.05664997579950324
2 0.75546875 0.6629889386149952 0.0703125 0.05822156615858276
2 0.77734375 0.6138974536421099 0.065625 0.059756795081343836
2 0.78125 0.42485767953980885 0.065625 0.07225679508134401
2 0.73359375 0.3894241735878805 0.053125 0.06593407220870695
2 0.7734375 0.3130934777444108 0.090625 0.07865224082661779
2 0.6046875 0.743361718963812 0.0671875 0.06445338544042371
2 0.6453125 0.699066818299882 0.065625 0.05663179508134384
2 0.49609375 0.6794486890077787 0.0546875 0.05969316256778647
2 0.496875 0.5700782341873184 0.05 0.06279089149054773
2 0.44765625 0.5486981378763105 0.0421875 0.040870439695149585
2 0.4578125 0.8050072252103281 0.05625 0.05345225292686635
2 0.39296875 0.8265049753085238 0.05625 0.06282725292686635
2 0.33359375 0.7910032916634984 0.046875 0.05183521077238851
2 0.37734375 0.7021953217177277 0.075 0.056686337235821685
2 0.31953125 0.7182652284317819 0.0625 0.0722386143631848
2 0.26796875 0.6554652465821544 0.040625 0.040861349336070066
2 0.21640625 0.6770402647325271 0.078125 0.041079517953980904
2 0.48828125 0.8419032372123805 0.0421875 0.039307939695149584
2 0.55234375 0.8399321919346449 0.0875 0.07238406010845858
2 0.6171875 0.8590594418364489 0.0625 0.06598861436318444
2 0.6765625 0.8672173754814745 0.059375 0.0628454336450254
2 0.8546875 0.3198161764165509 0.053125 0.05655907220870695