2 0.43984375 0.85234375 0.0890625 0.0734375
2 0.5375 0.74609375 0.084375 0.103125
2 0.50234375 0.65078125 0.05625 0.059375
2 0.57578125 0.62421875 0.0578125 0.0625
2 0.5484375 0.58203125 0.05 0.05
2 0.5984375 0.5484375 0.084375 0.05
2 0.6515625 0.68671875 0.05625 0.06875
2 0.65859375 0.75546875 0.0578125 0.0703125
2 0.609375 0.77734375 0.059375 0.065625
2 0.4203125 0.78125 0.071875 0.065625
2 0.38515625 0.73359375 0.065625 0.053125
2 0.30859375 0.7734375 0.078125 0.090625
2 0.73984375 0.6046875 0.0640625 0.0671875
2 0.6953125 0.6453125 0.05625 0.065625
2 0.6765625 0.49609375 0.059375 0.0546875
2 0.5671875 0.496875 0.0625 0.05
2 0.54609375 0.44765625 0.040625 0.0421875
2 0.80234375 0.4578125 0.053125 0.05625
2 0.82421875 0.39296875 0.0625 0.05625
2 0.7890625 0.33359375 0.05 0.046875
2 0.7 0.37734375 0.05625 0.075
2 0.71640625 0.31953125 0.071875 0.0625
2 0.65390625 0.26796875 0.040625 0.040625
2 0.67578125 0.21640625 0.040625 0.078125
2 0.8390625 0.48828125 0.0390625 0.0421875
2 0.83671875 0.55234375 0.071875 0.0875
2 0.85546875 0.6171875 0.065625 0.0625
2 0.86328125 0.6765625 0.0625 0.059375
2 0.31484375 0.8546875 0.05625 0.053125