2 0.3234375 0.4550067043294808 0.028125 0.029851126463433176
2 0.2359375 0.4341851442210222 0.028125 0.031413626463433174
2 0.3515625 0.40829533079291397 0.021875 0.02512726502711473
2 0.36015625 0.4278765777678519 0.021875 0.023564765027114732
2 0.3765625 0.4412532765381879 0.03125 0.02830680718159222
2 0.69453125 0.47904066461089007 0.0296875 0.0376727168225127
2 0.66796875 0.5241986285065365 0.025 0.028270445745273952
2 0.56953125 0.28378218588452064 0.03125 0.0470568071815924
2 0.546875 0.2992753756778662 0.021875 0.022002265027114644
2 0.43515625 0.31659416500367354 0.0375 0.04709316861791084
2 0.3203125 0.3596760236113216 0.025 0.028270445745273865
2 0.40390625 0.28594360782208117 0.028125 0.029851126463433176
2 0.41953125 0.22978451141287737 0.025 0.047020445745273864
2 0.384375 0.23192372833358593 0.021875 0.025127265027114643
2 0.52890625 0.2515145865484506 0.0625 0.056613614363184704
2 0.51484375 0.28424527331673405 0.028125 0.028288626463433088
2 0.44453125 0.24242995715815124 0.0203125 0.02511817466803503
2 0.4453125 0.21509075233769104 0.0234375 0.025136355386194253
2 0.40390625 0.18359985782208116 0.034375 0.03769998789975162
2 0.2578125 0.23196865924813692 0.028125 0.026726126463433086
2 0.2328125 0.288073213502863 0.028125 0.031413626463433174
2 0.34140625 0.2762049934588965 0.0265625 0.025154536104353475
2 0.315625 0.27371125253408274 0.025 0.028270445745273952
2 0.334375 0.24960158684303818 0.025 0.023582945745273955
2 0.32265625 0.22922090914994103 0.021875 0.025127265027114643
2 0.33984375 0.23322715309981684 0.021875 0.01887726502711464
2 0.321875 0.5917163639704013 0.040625 0.029923849336070063
2 0.32734375 0.6222169302271799 0.0265625 0.026717036104353654
2 0.33125 0.5472396561248789 0.040625 0.03461134933607006
2 0.34921875 0.5012504452542945 0.0265625 0.03765453610435365
2 0.34921875 0.5293754452542945 0.0296875 0.020485216822512697
2 0.3828125 0.5280083879745063 0.025 0.023582945745273774
2 0.43046875 0.5376606439264346 0.025 0.026707945745273777
2 0.42578125 0.5782583728491958 0.040625 0.02836134933607006
2 0.365625 0.5904083940246305 0.0375 0.06584316861791084
2 0.40390625 0.6398498578220811 0.0265625 0.03765453610435347
2 0.5625 0.6431162792686623 0.0375 0.037718168617910844
2 0.6375 0.582615116504484 0.028125 0.028288626463433175
2 0.6140625 0.23326001111828978 0.034375 0.03144998789975162
2 0.60625 0.26993330932289167 0.040625 0.03461134933607006
2 0.61328125 0.34419296593875 0.021875 0.022002265027114644
2 0.6171875 0.326246941836449 0.025 0.018895445745273864
2 0.59765625 0.3230083123479538 0.025 0.028270445745273865
2 0.565625 0.31657195998682164 0.021875 0.022002265027114644
2 0.66640625 0.33747078814745696 0.021875 0.022002265027114644
2 0.6453125 0.3248480682998821 0.0203125 0.02199317466803503
2 0.66484375 0.30621169778837737 0.0359375 0.03458407825883114
2 0.65625 0.27256795081343943 0.0390625 0.03303975897699045
2 0.6171875 0.302028191836449 0.0609375 0.03160452400410509
2 0.3828125 0.3553521379745064 0.03125 0.028306807181592397
2 0.384375 0.3912987283335859 0.021875 0.022002265027114644
2 0.41171875 0.40864530961747925 0.034375 0.03144998789975162
2 0.46015625 0.37455211074894745 0.0234375 0.022011355386194253
2 0.28359375 0.34461865017295057 0.028125 0.026726126463433177
2 0.23828125 0.5240425297596417 0.028125 0.028288626463433175
2 0.2328125 0.565416963502863 0.025 0.028270445745273775
2 0.190625 0.5354840238077134 0.028125 0.026726126463433177
2 0.1546875 0.5618374455488822 0.028125 0.028288626463433175
2 0.21484375 0.49343742437344745 0.028125 0.028288626463433175
2 0.475 0.28870096916020377 0.025 0.022020445745273863
2 0.49140625 0.3020776679305398 0.0234375 0.022011355386194253
2 0.5125 0.3240753877781146 0.040625 0.04242384933607006
2 0.4765625 0.3160538095192834 0.034375 0.03144998789975162
2 0.42421875 0.3821555324901162 0.05625 0.025327252926866172
2 0.334375 0.33397658684303816 0.0296875 0.028297716822512697
2 0.37109375 0.31153396028140923 0.0234375 0.025136355386194253
2 0.35 0.3582862404338344 0.03125 0.0376818071815924
2 0.696875 0.4173355501495095 0.028125 0.028288626463433175
2 0.73125 0.4355042880492611 0.025 0.025145445745273776
2 0.75546875 0.41064518861499516 0.0234375 0.025136355386194253
2 0.72421875 0.49796338143340285 0.0234375 0.025136355386194253
2 0.72421875 0.5229633814334027 0.01875 0.02198408430895533
2 0.7421875 0.5363491705628185 0.01875 0.02198408430895533