2 0.76015625 0.565625 0.04765625 0.04375
2 0.78046875 0.50546875 0.03671875 0.040625
2 0.75625 0.47421875 0.04296875 0.04296875
2 0.7640625 0.4328125 0.04140625 0.03984375
2 0.8390625 0.434375 0.0421875 0.0453125
2 0.80234375 0.4625 0.04296875 0.04375
2 0.91015625 0.6109375 0.04140625 0.04453125
2 0.7109375 0.65234375 0.040625 0.04375
2 0.7625 0.70703125 0.0421875 0.04453125
2 0.73828125 0.765625 0.04375 0.04609375
2 0.69140625 0.7921875 0.03828125 0.040625
2 0.59609375 0.71171875 0.03515625 0.04296875
2 0.5859375 0.7671875 0.08125 0.05390625
2 0.63125 0.571875 0.059375 0.06796875
2 0.6734375 0.54453125 0.03515625 0.0375
2 0.5140625 0.5125 0.03828125 0.0359375
2 0.5703125 0.46171875 0.03984375 0.0390625
2 0.50546875 0.434375 0.040625 0.0375
2 0.57734375 0.421875 0.0515625 0.040625
2 0.63359375 0.40703125 0.040625 0.071875
2 0.67734375 0.39375 0.04609375 0.065625
2 0.734375 0.4140625 0.01953125 0.02265625
2 0.65859375 0.47421875 0.0640625 0.0921875
2 0.61640625 0.46875 0.03125 0.0328125
2 0.60234375 0.50625 0.0484375 0.053125
2 0.44140625 0.359375 0.04765625 0.0484375
2 0.53125 0.3296875 0.03984375 0.03671875
2 0.54296875 0.26875 0.03984375 0.0375
2 0.55078125 0.2296875 0.03203125 0.0328125
2 0.59296875 0.23046875 0.03671875 0.03984375
2 0.315625 0.296875 0.0359375 0.03828125
2 0.33984375 0.32890625 0.0359375 0.03828125
2 0.3234375 0.41328125 0.040625 0.05859375
2 0.36796875 0.41875 0.03515625 0.04375
2 0.58671875 0.36484375 0.0515625 0.0625
2 0.63046875 0.3546875 0.0296875 0.03125
2 0.48828125 0.6734375 0.0453125 0.046875
2 0.51875 0.64609375 0.053125 0.04375
2 0.565625 0.68203125 0.0484375 0.0484375
2 0.65703125 0.6484375 0.0703125 0.06640625
2 0.39921875 0.66484375 0.05078125 0.04765625
2 0.47109375 0.7515625 0.07890625 0.05390625
2 0.3890625 0.76484375 0.046875 0.0359375
2 0.4578125 0.8046875 0.0671875 0.07265625
2 0.334375 0.68046875 0.08125 0.06484375
2 0.21796875 0.640625 0.03515625 0.0359375
2 0.3125 0.590625 0.03828125 0.05
2 0.31328125 0.5234375 0.040625 0.04609375
2 0.275 0.46875 0.04453125 0.0390625
2 0.33984375 0.4765625 0.03828125 0.0390625
2 0.265625 0.50625 0.0640625 0.03359375
2 0.23125 0.5140625 0.028125 0.0265625
2 0.23984375 0.54296875 0.04765625 0.0265625
2 0.278125 0.5640625 0.03359375 0.03046875
2 0.2546875 0.590625 0.03203125 0.03046875
2 0.21953125 0.590625 0.034375 0.0375
2 0.22734375 0.4203125 0.03359375 0.0453125
2 0.2140625 0.46484375 0.0609375 0.04375
2 0.28515625 0.415625 0.04609375 0.04453125
2 0.29609375 0.3734375 0.0390625 0.0359375
2 0.50234375 0.30625 0.04453125 0.05
2 0.3984375 0.315625 0.046875 0.04609375
2 0.44296875 0.31015625 0.06328125 0.04296875
2 0.3453125 0.21171875 0.0375 0.03828125