2 0.2731492129136878 0.6234430869412341 0.05347043364502539 0.05968407220870695
2 0.2384111194313503 0.6951135538619427 0.07539997579950324 0.06918633723582168
2 0.3576100504440971 0.5044072615110732 0.04400453005422929 0.04400453005422929
2 0.4260873396717086 0.4579322373105764 0.04402271077238851 0.047129530054229284
2 0.4300304719888741 0.5985754180287357 0.05962953005422946 0.0440954336450254
2 0.4016418515755653 0.5530992915653025 0.056613614363184794 0.06282725292686635
2 0.38139700838781526 0.4303294120768073 0.058085210772388506 0.047211343285945874
2 0.45781860782208117 0.4065560896717086 0.04418633723582168 0.07525453005422929
2 0.4015362706844554 0.26638963192438214 0.05654089149054773 0.05032725292686626
2 0.5034714754067198 0.3310430052645573 0.05655907220870695 0.05345225292686626
2 0.5248561168972674 0.38116572511213215 0.028288626463433175 0.028288626463433175
2 0.49592714099956847 0.3770913034691592 0.028288626463433175 0.028288626463433088
2 0.5087816650036736 0.4381015263417961 0.03941702400410509 0.061164758976990544
2 0.5628197252103281 0.46107139373004297 0.03145907825883114 0.03611930718159222
2 0.5719538306947181 0.41971968588452063 0.061246572208706954 0.05347952400410509
2 0.6133055385402404 0.41058558040013055 0.03774543969514958 0.04240566861791084
2 0.625955008584207 0.3020690984523073 0.058103391490547905 0.05033634328594587
2 0.6934879422292324 0.36183498389273083 0.04242384933607006 0.040870439695149675
2 0.7371834000747548 0.35271451394696013 0.03457498789975162 0.03457498789975162
2 0.6738834484757483 0.2148508995837754 0.040879530054229285 0.04398634933607006
2 0.6860521712501895 0.2922628272768725 0.056613614363184794 0.06282725292686617
2 0.6111834605759968 0.18011228522059072 0.04714771077238851 0.04714771077238855
2 0.5105719448615111 0.611543571521336 0.03773634933607006 0.04084316861791084
2 0.2776543848512484 0.4578499031980128 0.04716589149054773 0.050272710772388506
2 0.24651801433974357 0.4771993460164204 0.04243293969514968 0.04243293969514959
2 0.22530206537301586 0.5903533309893056 0.05346134328594587 0.05812157220870695
2 0.6489566922292325 0.3615759086589617 0.04718407220870695 0.05339771077238851
2 0.7446550116092692 0.29416621574235824 0.05350679508134384 0.06593407220870695
2 0.3650584152000652 0.3075822584860111 0.051853391490547726 0.05029998184962743
2 0.3316964693565955 0.34723056576579936 0.040897710772388504 0.047111349336070064
2 0.2574595386384363 0.3436737737095175 0.058076120413308896 0.04564884328594587
2 0.3929919967785462 0.14056293012898405 0.05345225292686626 0.056559072208707
2 0.1587458244482022 0.564185740728422 0.05666815651766242 0.07220225292686618
2 0.4345845991396783 0.1728350746445939 0.040879530054229285 0.04398634933607006
2 0.5464578852440318 0.20004753531878658 0.04558521077238851 0.04713862041330889
2 0.4712306262670413 0.16054869808296496 0.04560339149054791 0.050263620413308896
2 0.32969256606038694 0.13706977058625952 0.053434072208706954 0.053434072208706995
2 0.20327603268650796 0.2957039063212707 0.07549087939029935 0.08481133723582168
2 0.22883963494944423 0.39272435206654455 0.05972043364502548 0.0597204336450254
2 0.6698055234149299 0.4538815833269968 0.03459316861791084 0.03769998789975162
2 0.6327009540348933 0.521632164709086 0.03301248789975162 0.034565897540672096