2 0.44921875 0.71640625 0.02421875 0.02265625
2 0.453125 0.675 0.02734375 0.02421875
2 0.4734375 0.653125 0.02734375 0.02421875
2 0.51015625 0.68359375 0.0234375 0.0234375
2 0.48671875 0.70390625 0.025 0.02265625
2 0.46171875 0.7 0.02890625 0.0265625
2 0.43671875 0.6015625 0.0296875 0.028125
2 0.41171875 0.56953125 0.02890625 0.02265625
2 0.4515625 0.53984375 0.02109375 0.02265625
2 0.47734375 0.5671875 0.021875 0.02109375
2 0.46875 0.5828125 0.02265625 0.02421875
2 0.4890625 0.59453125 0.02890625 0.03203125
2 0.51875 0.609375 0.03515625 0.02109375
2 0.50234375 0.63515625 0.02578125 0.02421875
2 0.53359375 0.64609375 0.0296875 0.053125
2 0.55625 0.66875 0.01953125 0.02578125
2 0.575 0.65390625 0.025 0.025
2 0.59765625 0.6578125 0.021875 0.021875
2 0.63828125 0.68046875 0.025 0.028125
2 0.5734375 0.61953125 0.02890625 0.02421875
2 0.584375 0.590625 0.025 0.0234375
2 0.621875 0.60859375 0.02265625 0.025
2 0.63984375 0.59140625 0.02109375 0.02265625
2 0.653125 0.61328125 0.02109375 0.02109375
2 0.68125 0.5765625 0.03046875 0.0296875
2 0.71171875 0.67109375 0.0265625 0.0265625
2 0.3515625 0.521875 0.025 0.0234375
2 0.3578125 0.55078125 0.02265625 0.025
2 0.37890625 0.55078125 0.02421875 0.0234375
2 0.33828125 0.5828125 0.0203125 0.02265625
2 0.38515625 0.5921875 0.025 0.0296875
2 0.346875 0.60078125 0.0203125 0.01953125
2 0.3609375 0.5828125 0.021875 0.0234375
2 0.32109375 0.609375 0.0234375 0.02578125
2 0.3625 0.63828125 0.0234375 0.021875
2 0.39140625 0.64375 0.0234375 0.02421875
2 0.38125 0.67890625 0.0234375 0.0234375
2 0.3546875 0.71171875 0.03046875 0.02734375
2 0.3390625 0.6875 0.02421875 0.0234375
2 0.35625 0.678125 0.0234375 0.0234375
2 0.3578125 0.65625 0.02421875 0.021875
2 0.33203125 0.653125 0.02578125 0.03046875
2 0.3015625 0.653125 0.0265625 0.028125
2 0.29296875 0.621875 0.02890625 0.02734375
2 0.27578125 0.63515625 0.0265625 0.0234375
2 0.28515625 0.57890625 0.02890625 0.028125
2 0.284375 0.5390625 0.021875 0.021875
2 0.2640625 0.5296875 0.0234375 0.01875
2 0.240625 0.53125 0.02421875 0.021875
2 0.27421875 0.553125 0.02265625 0.02109375
2 0.253125 0.57734375 0.025 0.02265625
2 0.3125 0.5 0.02265625 0.02578125
2 0.284375 0.4984375 0.0328125 0.03046875
2 0.25234375 0.4890625 0.028125 0.0515625
2 0.271875 0.46640625 0.021875 0.0203125
2 0.28515625 0.453125 0.02109375 0.0234375
2 0.21875 0.4734375 0.01953125 0.01953125
2 0.30546875 0.44765625 0.02265625 0.02265625
2 0.3078125 0.42421875 0.025 0.0234375
2 0.34375 0.4109375 0.021875 0.02421875
2 0.3671875 0.4109375 0.021875 0.0265625
2 0.33984375 0.44609375 0.0390625 0.0484375
2 0.240625 0.4125 0.01640625 0.01875
2 0.24140625 0.44453125 0.02265625 0.02265625
2 0.2171875 0.4390625 0.028125 0.02578125
2 0.17109375 0.39140625 0.0234375 0.03359375
2 0.2 0.3875 0.034375 0.05078125
2 0.2296875 0.3890625 0.0203125 0.0328125
2 0.2609375 0.3828125 0.034375 0.05
2 0.14609375 0.50390625 0.025 0.02890625
2 0.184375 0.5265625 0.0421875 0.03203125
2 0.21328125 0.5578125 0.02265625 0.02109375
2 0.184375 0.5578125 0.0296875 0.0265625
2 0.4734375 0.38828125 0.03359375 0.04453125
2 0.50234375 0.3375 0.0375 0.025
2 0.54453125 0.35078125 0.02265625 0.021875
2 0.58125 0.4078125 0.01796875 0.01796875
2 0.621875 0.41171875 0.021875 0.02109375
2 0.57578125 0.3703125 0.02421875 0.0203125
2 0.5328125 0.40859375 0.0203125 0.01953125
2 0.55625 0.41171875 0.025 0.02578125
2 0.49375 0.43125 0.02578125 0.0328125
2 0.60234375 0.540625 0.02109375 0.01875
2 0.6 0.5609375 0.025 0.025
2 0.5546875 0.49765625 0.02265625 0.02109375
2 0.6 0.51171875 0.028125 0.0265625
2 0.50234375 0.5546875 0.02109375 0.01875