2 0.5346316135776178 0.58125 0.039298849336070064 0.040625
2 0.6833105289740747 0.75703125 0.04400453005422929 0.04375
2 0.7172981469514967 0.421875 0.04876475292686635 0.05625
2 0.7090043788011242 0.4734375 0.040806807181592394 0.03125
2 0.7472538125443455 0.46796875 0.03943520472226432 0.0640625
2 0.530288505460949 0.371875 0.05803066861791084 0.0375
2 0.49619530659241723 0.4203125 0.03786361436318479 0.0625
2 0.4808430173648057 0.4671875 0.05339771077238851 0.046875
2 0.33047433694123407 0.26953125 0.07844316256778665 0.0546875
2 0.4943732104778009 0.24140625 0.05654998184962743 0.0515625
2 0.5533396652000653 0.30546875 0.040970433645025395 0.059375
2 0.3629980289740748 0.75703125 0.040988614363184704 0.0625
2 0.5916345507386847 0.3078125 0.039298849336070064 0.040625
2 0.5381162036421098 0.77734375 0.0379545179539809 0.078125
2 0.46950255902830407 0.80078125 0.050354524004105096 0.0609375
2 0.8671310170702181 0.66171875 0.039317030054229464 0.04375
2 0.4555248547970191 0.4125 0.03932612041330898 0.0453125
2 0.5993066710537978 0.41796875 0.03773634933607006 0.040625
2 0.2775907523376911 0.4453125 0.048710210772388504 0.046875
2 0.2341589149054777 0.5 0.04242384933607006 0.040625
2 0.25005662567786624 0.546875 0.05341589149054773 0.05
2 0.3563520774732643 0.5546875 0.04556703005422928 0.04375
2 0.40639752926866235 0.5625 0.04714771077238851 0.046875
2 0.4800032009116353 0.59140625 0.040897710772388504 0.046875
2 0.3581918334251927 0.60234375 0.040852258976990366 0.0390625
2 0.4922855531745716 0.68828125 0.04556703005422928 0.04375
2 0.40825598681959707 0.74765625 0.04715680113146821 0.0484375
2 0.6161088725546082 0.6203125 0.037809072208706954 0.053125
2 0.5263645956236369 0.503125 0.037727258976990544 0.0390625
2 0.6795719297362005 0.6515625 0.05962043969514959 0.0421875
2 0.6828969176359522 0.6859375 0.03455680718159222 0.03125
2 0.716045240041051 0.609375 0.028297716822512697 0.0296875
2 0.5848714663315334 0.35390625 0.040879530054229285 0.04375
2 0.49703966822512735 0.296875 0.040843168617910666 0.0375
2 0.34888396935659555 0.3453125 0.04401362041330899 0.0453125
2 0.5506232104778009 0.24140625 0.05675906010845857 0.0875
2 0.6335266140685971 0.25703125 0.048701120413308985 0.0453125
2 0.4078923724564124 0.68515625 0.037718168617910844 0.0375
2 0.4022281797362006 0.6515625 0.04554884933607006 0.040625
2 0.36778954722264323 0.640625 0.037718168617910844 0.0375
2 0.3062980561996337 0.6796875 0.03928066861791084 0.0375
2 0.339837264045156 0.6703125 0.03460225897699045 0.0390625