2 0.58125 0.46875 0.040625 0.0390625
2 0.75703125 0.32109375 0.04375 0.04375
2 0.421875 0.28515625 0.05625 0.0484375
2 0.4734375 0.29375 0.03125 0.040625
2 0.46796875 0.25546875 0.0640625 0.0390625
2 0.371875 0.471875 0.0375 0.0578125
2 0.4203125 0.50625 0.0625 0.0375
2 0.4671875 0.521875 0.046875 0.053125
2 0.26953125 0.67109375 0.0546875 0.078125
2 0.24140625 0.50703125 0.0515625 0.05625
2 0.30546875 0.4484375 0.059375 0.040625
2 0.75703125 0.64140625 0.0625 0.040625
2 0.3078125 0.41015625 0.040625 0.0390625
2 0.77734375 0.46640625 0.078125 0.0375
2 0.80078125 0.53515625 0.0609375 0.05
2 0.66171875 0.13671875 0.04375 0.0390625
2 0.4125 0.546875 0.0453125 0.0390625
2 0.41796875 0.403125 0.040625 0.0375
2 0.4453125 0.725 0.046875 0.0484375
2 0.5 0.76875 0.040625 0.0421875
2 0.546875 0.753125 0.05 0.053125
2 0.5546875 0.646875 0.04375 0.0453125
2 0.5625 0.596875 0.046875 0.046875
2 0.59140625 0.5234375 0.046875 0.040625
2 0.60234375 0.6453125 0.0390625 0.040625
2 0.68828125 0.51171875 0.04375 0.0453125
2 0.74765625 0.59609375 0.0484375 0.046875
2 0.6203125 0.3875 0.053125 0.0375
2 0.503125 0.4765625 0.0390625 0.0375
2 0.6515625 0.32421875 0.0421875 0.059375
2 0.6859375 0.32109375 0.03125 0.034375
2 0.609375 0.2875 0.0296875 0.028125
2 0.35390625 0.4171875 0.04375 0.040625
2 0.296875 0.5046875 0.0375 0.040625
2 0.3453125 0.653125 0.0453125 0.04375
2 0.24140625 0.45078125 0.0875 0.05625
2 0.25703125 0.36796875 0.0453125 0.0484375
2 0.68515625 0.59609375 0.0375 0.0375
2 0.6515625 0.6015625 0.040625 0.0453125
2 0.640625 0.6359375 0.0375 0.0375
2 0.6796875 0.69765625 0.0375 0.0390625
2 0.6703125 0.6640625 0.0390625 0.034375