0 0.60703125 0.3125 0.07109375 0.06796875
0 0.55625 0.49765625 0.053125 0.05859375
0 0.46015625 0.68359375 0.0640625 0.08515625
0 0.7 0.25859375 0.00078125 0.00078125
0 0.3109375 0.63984375 0.03671875 0.04453125
0 0.28515625 0.6515625 0.0375 0.04140625
0 0.6609375 0.5390625 0.04375 0.0421875
0 0.64609375 0.5 0.04765625 0.04765625
0 0.44453125 0.8390625 0.04140625 0.04296875
0 0.365625 0.825 0.03671875 0.0390625
0 0.64296875 0.19921875 0.0296875 0.02890625
0 0.56015625 0.08046875 0.04765625 0.04609375
0 0.46171875 0.0734375 0.0453125 0.04140625
0 0.73046875 0.1828125 0.034375 0.03359375
0 0.75625 0.19921875 0.04453125 0.04140625
0 0.7296875 0.29375 0.04375 0.04765625
0 0.76875 0.26328125 0.04375 0.04453125
0 0.79609375 0.36875 0.0484375 0.046875
0 0.76953125 0.34921875 0.03828125 0.0328125
0 0.7890625 0.32578125 0.04765625 0.05
0 0.83203125 0.34921875 0.0546875 0.04765625