0 0.5609375 0.40091968890958274 0.053125 0.04718407220870695
0 0.4984375 0.478681074546398 0.05 0.04560339149054773
0 0.45703125 0.4401589300307881 0.0484375 0.05028180113146803
0 0.37265625 0.4974805506404888 0.05 0.050290891490547905
0 0.3359375 0.8207044272021179 0.04375 0.047129530054229464
0 0.903125 0.705254227548019 0.0625 0.0519261143631848
0 0.35234375 0.44423737597245383 0.04375 0.048692030054229285
0 0.30859375 0.39163909591822454 0.04375 0.04556703005422928
0 0.1609375 0.6071863069852006 0.0484375 0.04715680113146821
0 0.36796875 0.6560470295632499 0.0375 0.03459316861791084
0 0.36171875 0.7013231681269315 0.034375 0.03301248789975162
0 0.3515625 0.682514080792914 0.034375 0.02832498789975162
0 0.871875 0.7621036703664267 0.03125 0.03299430718159222
0 0.928125 0.5405559232932929 0.028125 0.03610112646343318
0 0.27578125 0.4039481983775525 0.03125 0.0361193071815924