0 0.6791764991162372 0.58359375 0.03775453005422928 0.04375
0 0.736021396755105 0.5515625 0.06277271077238851 0.046875
0 0.7105118157657994 0.3296875 0.040861349336070066 0.040625
0 0.7709135054609491 0.371875 0.028279536104353475 0.0265625
0 0.7758055385402404 0.40703125 0.04084316861791084 0.0375
0 0.9054521319243822 0.4 0.03775453005422946 0.04375
0 0.9266822373105764 0.4234375 0.03778180113146803 0.0484375
0 0.8276543848512483 0.45625 0.053434072208706954 0.053125
0 0.7952009540348933 0.51796875 0.05962953005422929 0.04375
0 0.8584094811622563 0.50546875 0.04080680718159222 0.03125
0 0.8862663155694076 0.459375 0.03933521077238851 0.046875
0 0.9076236859827166 0.5046875 0.03457498789975162 0.034375
0 0.9086458304983264 0.54609375 0.040879530054229465 0.04375