0 0.6875 0.60703125 0.06875 0.071875
0 0.50234375 0.55625 0.059375 0.053125
0 0.31640625 0.46015625 0.084375 0.0640625
0 0.36015625 0.3109375 0.04375 0.0375
0 0.3484375 0.28515625 0.040625 0.0375
0 0.4609375 0.6609375 0.0421875 0.04375
0 0.5 0.64609375 0.046875 0.046875
0 0.1609375 0.44453125 0.04375 0.040625
0 0.175 0.365625 0.0390625 0.0375
0 0.80078125 0.64296875 0.028125 0.0296875
0 0.91953125 0.56015625 0.046875 0.046875
0 0.9265625 0.46171875 0.040625 0.0453125
0 0.8171875 0.73046875 0.034375 0.034375
0 0.80078125 0.75625 0.040625 0.04375
0 0.70625 0.7296875 0.046875 0.04375
0 0.73671875 0.76875 0.04375 0.04375
0 0.63125 0.79609375 0.046875 0.0484375
0 0.65078125 0.76953125 0.0328125 0.0375
0 0.67421875 0.7890625 0.05 0.0484375
0 0.65078125 0.83203125 0.046875 0.0546875