0 0.39765625 0.4390625 0.04765625 0.053125
0 0.47578125 0.5015625 0.0453125 0.04921875
0 0.4375 0.54296875 0.04921875 0.0484375
0 0.4953125 0.62734375 0.05078125 0.05078125
0 0.81875 0.6640625 0.046875 0.04296875
0 0.7 0.096875 0.0515625 0.06171875
0 0.4421875 0.64765625 0.0484375 0.04453125
0 0.38984375 0.69140625 0.0453125 0.04375
0 0.60625 0.8390625 0.04609375 0.0484375
0 0.65390625 0.63203125 0.03515625 0.03828125
0 0.69921875 0.63828125 0.0328125 0.034375
0 0.68046875 0.6484375 0.02734375 0.03359375
0 0.75703125 0.128125 0.03203125 0.03046875
0 0.53515625 0.071875 0.0359375 0.02890625
0 0.40234375 0.72421875 0.0359375 0.03125