0 0.60703125 0.3089683954975685 0.071875 0.06916815651766246
0 0.55625 0.4944200821676561 0.053125 0.05968407220870695
0 0.46015625 0.6809166392510526 0.0640625 0.08474770472226431
0 0.3109375 0.6380347685431561 0.0375 0.04396816861791084
0 0.28515625 0.6499035094679698 0.0375 0.04084316861791084
0 0.6609375 0.5352172781093217 0.04375 0.042442030054229286
0 0.64609375 0.49624113652057805 0.046875 0.04714771077238851
0 0.44453125 0.8364762928418488 0.040625 0.04398634933607006
0 0.365625 0.8228728559753694 0.0375 0.039280668617910665
0 0.64296875 0.1954780672387373 0.0296875 0.028297716822512742
0 0.56015625 0.07720985626995705 0.046875 0.04714771077238855
0 0.46171875 0.07075129889197296 0.0453125 0.040888620413308895
0 0.73046875 0.17856275713027872 0.034375 0.03457498789975157
0 0.75625 0.19481901620546505 0.04375 0.040879530054229285
0 0.7296875 0.2895048023098185 0.04375 0.047129530054229284
0 0.76875 0.2588087933328281 0.04375 0.04400453005422929
0 0.79609375 0.3641184620489348 0.0484375 0.04715680113146821
0 0.76953125 0.3447417481532883 0.0375 0.03303066861791084
0 0.7890625 0.3211906186647931 0.046875 0.050272710772388506
0 0.83203125 0.34437813379010357 0.0546875 0.04719316256778665