0 0.5586240036142373 0.39765625 0.05339771077238851 0.046875
0 0.49566948566025637 0.47578125 0.050263620413308986 0.0453125
0 0.45448594945770704 0.4375 0.04872839149054773 0.05
0 0.36977460617176117 0.4953125 0.05029089149054773 0.05
0 0.3311741518422803 0.81875 0.04402271077238851 0.046875
0 0.8990525191323313 0.7 0.06279998184962743 0.0515625
0 0.3497711783804682 0.4421875 0.044031801131468117 0.0484375
0 0.3063257054096354 0.38984375 0.0440136204133089 0.0453125
0 0.15741044067710833 0.60625 0.048710210772388504 0.046875
0 0.36416443472518 0.65390625 0.03769998789975162 0.034375
0 0.35765081431187107 0.69921875 0.034565897540672005 0.0328125
0 0.34760364862082643 0.68046875 0.03453862646343318 0.028125
0 0.8674707210259254 0.75703125 0.0314408975406721 0.0328125
0 0.925011552015231 0.53515625 0.028334078258831143 0.0359375
0 0.27344048253699843 0.40234375 0.03145907825883123 0.0359375