0 0.32082350088376277 0.58359375 0.03775453005422928 0.04375
0 0.2639786032448949 0.5515625 0.06277271077238851 0.046875
0 0.28948818423420064 0.3296875 0.040861349336070066 0.040625
0 0.229086494539051 0.371875 0.028279536104353475 0.0265625
0 0.2241944614597596 0.40703125 0.04084316861791084 0.0375
0 0.09454786807561785 0.4 0.03775453005422928 0.04375
0 0.07331776268942361 0.4234375 0.03778180113146816 0.0484375
0 0.17234561514875163 0.45625 0.053434072208706995 0.053125
0 0.20479904596510673 0.51796875 0.05962953005422929 0.04375
0 0.14159051883774368 0.50546875 0.04080680718159235 0.03125
0 0.11373368443059237 0.459375 0.03933521077238851 0.046875
0 0.09237631401728348 0.5046875 0.03457498789975157 0.034375
0 0.0913541695016736 0.54609375 0.040879530054229285 0.04375