0 0.32421875 0.58359375 0.0375 0.04453125
0 0.2671875 0.5515625 0.06171875 0.04765625
0 0.29140625 0.3296875 0.040625 0.03984375
0 0.23125 0.371875 0.02734375 0.0265625
0 0.2265625 0.40703125 0.03984375 0.03828125
0 0.096875 0.4 0.03828125 0.04296875
0 0.07578125 0.4234375 0.0375 0.0484375
0 0.175 0.45625 0.053125 0.053125
0 0.2078125 0.51796875 0.05859375 0.04375
0 0.14453125 0.50546875 0.04140625 0.03046875
0 0.11640625 0.459375 0.0390625 0.04609375
0 0.0953125 0.5046875 0.034375 0.034375
0 0.09453125 0.54609375 0.040625 0.04296875