0 0.47734375 0.540625 0.046875 0.04921875
0 0.55703125 0.396875 0.04765625 0.06796875
0 0.4984375 0.37890625 0.03671875 0.0453125
0 0.4578125 0.44765625 0.03359375 0.040625
0 0.58984375 0.36953125 0.03515625 0.0390625
0 0.5328125 0.53359375 0.03515625 0.03984375
0 0.56328125 0.52265625 0.03828125 0.04140625
0 0.465625 0.48359375 0.03125 0.03515625
0 0.51171875 0.45625 0.03203125 0.040625
0 0.5640625 0.4875 0.0421875 0.03359375
0 0.5703125 0.44296875 0.03671875 0.03125
0 0.48671875 0.46953125 0.0328125 0.0328125
0 0.53515625 0.4609375 0.0265625 0.034375
0 0.52890625 0.28125 0.03203125 0.03671875
0 0.5734375 0.32890625 0.05 0.03984375
0 0.55 0.29453125 0.028125 0.0328125
0 0.58125 0.2890625 0.0328125 0.0390625