0 0.5484375 0.43203125 0.0625 0.05625
0 0.31328125 0.29453125 0.078125 0.05625
0 0.4375 0.209375 0.0484375 0.05
0 0.83984375 0.55859375 0.0578125 0.053125
0 0.45234375 0.57265625 0.053125 0.046875
0 0.3859375 0.63046875 0.053125 0.0453125
0 0.30390625 0.56015625 0.05625 0.05
0 0.51171875 0.73203125 0.0578125 0.0515625
0 0.4875 0.6125 0.0453125 0.0390625
0 0.4703125 0.64375 0.04375 0.040625
0 0.584375 0.68203125 0.034375 0.034375
0 0.47734375 0.81875 0.04375 0.0453125
0 0.48828125 0.903125 0.040625 0.040625
0 0.490625 0.77421875 0.04375 0.0390625
0 0.45078125 0.75546875 0.0421875 0.040625
0 0.36953125 0.70390625 0.04375 0.0453125
0 0.32890625 0.3828125 0.04375 0.04375
0 0.2890625 0.3734375 0.05 0.046875
0 0.25546875 0.4703125 0.040625 0.0375
0 0.2578125 0.503125 0.04375 0.040625
0 0.22421875 0.5078125 0.0421875 0.0421875
0 0.24296875 0.54375 0.040625 0.040625
0 0.16953125 0.52734375 0.034375 0.0328125
0 0.86953125 0.65390625 0.046875 0.0453125
0 0.82890625 0.69765625 0.04375 0.0453125