0 0.4565978953011768 0.4800163155694076 0.050272710772388506 0.04716589149054791
0 0.5998842869881162 0.5605401286047325 0.0690227107723885 0.04727497579950324
0 0.618193925453602 0.5020509177341481 0.045530668617910844 0.03776362041330898
0 0.5496802747896721 0.46102594193464486 0.04082498789975162 0.03461134933607006
0 0.6270371394474443 0.5935117098886258 0.03926248789975162 0.03460225897699054
0 0.46330643755385037 0.5355259721852659 0.04082498789975162 0.03461134933607006
0 0.4740666755517978 0.5660583546988233 0.04084316861791084 0.03773634933607006
0 0.513697322994274 0.4686293636758137 0.03455680718159222 0.03144998789975162
0 0.5407729074014253 0.5148821949597069 0.04080680718159222 0.031486349336070064
0 0.5092183803722581 0.5670441377781146 0.03462043969514959 0.04238748789975162
0 0.5537132689359395 0.5735532130118838 0.03146816861791084 0.03768180718159222
0 0.5276371031466991 0.4898049269075303 0.03300339754067192 0.033003397540672094
0 0.535949052015231 0.5382924238824681 0.03452953610435365 0.02676248789975162
0 0.7156729134515494 0.5330878151766242 0.0376818071815924 0.03146816861791084
0 0.6677575882177803 0.5773418092246958 0.04091589149054773 0.05023634933607006
0 0.7022689436039746 0.5541042971244474 0.032976126463433175 0.02831589754067192
0 0.7075558864223822 0.5853861133812261 0.0392533975406721 0.03303975897699054