0 0.5195109857584523 0.5375842748878679 0.04716589149054791 0.050272710772388506
0 0.44065979879377704 0.3942978832009284 0.04727497579950324 0.0690227107723885
0 0.4993580879231927 0.3759882447354427 0.03776362041330898 0.045530668617910844
0 0.5395831121236896 0.44450189539937257 0.03461134933607006 0.04082498789975162
0 0.4080063800776704 0.3671450307416003 0.03460225897699054 0.03926248789975162
0 0.4640831423743106 0.5308757326351943 0.03461134933607006 0.04082498789975162
0 0.4336780248878679 0.5201154946372468 0.03773634933607006 0.04084316861791084
0 0.5315615338648583 0.48048484719477075 0.03144998789975162 0.034556807181592396
0 0.48562686514875164 0.4534092627876195 0.031486349336070064 0.040806807181592394
0 0.43310130796715923 0.4849637898167867 0.04238748789975162 0.03462043969514959
0 0.42711038320092837 0.4404689012531051 0.0376818071815924 0.03146816861791084
0 0.5105495970965748 0.46654506704234555 0.033003397540672094 0.033003397540672094
0 0.4621620940715127 0.45823311817381374 0.02676248789975162 0.03452953610435348
0 0.4694574853656688 0.27850925673749527 0.03146816861791084 0.0376818071815924
0 0.4246489794137404 0.32642458197126434 0.05023634933607006 0.04091589149054773
0 0.44828646731349203 0.2919132265850701 0.02831589754067192 0.032976126463433175
0 0.41706828357027065 0.2866262837666625 0.03303975897699054 0.03925339754067192