0 0.43203125 0.4515625 0.05546875 0.06328125
0 0.29453125 0.68671875 0.05546875 0.07890625
0 0.209375 0.5625 0.04921875 0.0484375
0 0.55859375 0.16015625 0.053125 0.0578125
0 0.57265625 0.54765625 0.04765625 0.05390625
0 0.63046875 0.6140625 0.0453125 0.05390625
0 0.56015625 0.69609375 0.05078125 0.05703125
0 0.73203125 0.48828125 0.0515625 0.0578125
0 0.6125 0.5125 0.0390625 0.0453125
0 0.64375 0.5296875 0.03984375 0.04296875
0 0.68203125 0.415625 0.03359375 0.03515625
0 0.81875 0.52265625 0.0453125 0.04296875
0 0.903125 0.51171875 0.03984375 0.040625
0 0.77421875 0.509375 0.0390625 0.04453125
0 0.75546875 0.54921875 0.04140625 0.0421875
0 0.70390625 0.63046875 0.0453125 0.04453125
0 0.3828125 0.67109375 0.04375 0.04375
0 0.3734375 0.7109375 0.046875 0.05
0 0.4703125 0.74453125 0.03828125 0.040625
0 0.503125 0.7421875 0.040625 0.04375
0 0.5078125 0.77578125 0.0421875 0.0421875
0 0.54375 0.75703125 0.03984375 0.040625
0 0.52734375 0.83046875 0.0328125 0.03515625
0 0.65390625 0.13046875 0.04453125 0.04609375
0 0.69765625 0.17109375 0.0453125 0.04375