0 0.56796875 0.551741845525441 0.05625 0.06282725292686617
0 0.70546875 0.31738554712444744 0.05625 0.07845225292686617
0 0.790625 0.4420997216942865 0.05 0.048728391490547904
0 0.44140625 0.842411776439992 0.053125 0.05812157220870695
0 0.42734375 0.4548299632082754 0.046875 0.05339771077238851
0 0.36953125 0.3880873699223296 0.0453125 0.0533886204133089
0 0.43984375 0.3064651860809124 0.05 0.05654089149054773
0 0.26796875 0.5132777465821544 0.0515625 0.05811248184962743
0 0.3875 0.4897544090517451 0.0390625 0.045539758976990544
0 0.35625 0.4723851018701528 0.040625 0.04398634933607006
0 0.31796875 0.5862248880727022 0.034375 0.03457498789975162
0 0.18125 0.4783982316532356 0.0453125 0.04401362041330899
0 0.096875 0.48884485226293634 0.040625 0.040861349336070066
0 0.22578125 0.49193855688700483 0.0390625 0.04397725897699054
0 0.24453125 0.45220389119596016 0.040625 0.04242384933607006
0 0.29609375 0.37125387304558755 0.0453125 0.0440136204133089
0 0.6171875 0.332496941836449 0.04375 0.04400453005422929
0 0.6265625 0.2927077339909267 0.046875 0.050272710772388506
0 0.5296875 0.25855038172799044 0.0375 0.04084316861791084
0 0.496875 0.26070323418731844 0.040625 0.04398634933607006
0 0.4921875 0.2270822131100796 0.0421875 0.04243293969514968
0 0.45625 0.24562313485124837 0.040625 0.040861349336070066
0 0.47265625 0.17228108362158437 0.0328125 0.034565897540671964
0 0.34609375 0.8715447645361355 0.04375 0.047129530054229464
0 0.30234375 0.830665234481906 0.0453125 0.04401362041330899