1 0.5156440797317692 0.93671875 0.031404536104353474 0.0265625
1 0.5137275766085112 0.86328125 0.028297716822512697 0.0296875
1 0.5140457391762978 0.80859375 0.0314318071815924 0.03125
1 0.5642729981532882 0.76953125 0.031413626463433174 0.028125
1 0.7014866518422803 0.81875 0.034556807181592396 0.03125
1 0.6291081786750559 0.63671875 0.03455680718159222 0.03125
1 0.4336178957921561 0.8015625 0.029851126463433176 0.028125
1 0.40320368794663386 0.7921875 0.025154536104353475 0.0265625
1 0.40182299512822617 0.7609375 0.025145445745273953 0.025
1 0.48795593784843805 0.72734375 0.025145445745273776 0.025
1 0.5049889017440845 0.75390625 0.028297716822512697 0.0296875
1 0.5340905944642962 0.7203125 0.026707945745273954 0.025
1 0.5576689950300302 0.69609375 0.023582945745273774 0.025
1 0.5812246696980653 0.67578125 0.028297716822512697 0.0296875
1 0.43778724532461794 0.890625 0.026798849336070064 0.040625
1 0.44656734768575007 0.85859375 0.02521816861791084 0.0375
1 0.3280673325604396 0.815625 0.025127265027114643 0.021875
1 0.29780766081927074 0.7796875 0.02823408430895542 0.01875
1 0.3160173053348806 0.73828125 0.026698855386194254 0.0234375
1 0.3150552899149825 0.50078125 0.0314318071815924 0.03125
1 0.24980247375639975 0.57109375 0.03610112646343318 0.028125
1 0.16703035949141087 0.6984375 0.02832498789975162 0.034375
1 0.2287263835937118 0.70234375 0.025145445745273953 0.025
1 0.613624600121637 0.478125 0.0298693071815924 0.03125
1 0.6236308591968233 0.50390625 0.025172716822512698 0.0296875
1 0.6518513079671593 0.4875 0.022038626463433176 0.028125
1 0.6999751905789124 0.54140625 0.0298693071815924 0.03125
1 0.7792763503180288 0.6078125 0.02830680718159222 0.03125
1 0.7545945128858154 0.553125 0.022038626463433176 0.028125
1 0.7795490610904172 0.5609375 0.028379530054229284 0.04375
1 0.7729223320694603 0.49140625 0.02830680718159222 0.03125
1 0.7660456181738138 0.46484375 0.02512726502711473 0.021875
1 0.6984223018188392 0.40546875 0.025236349336070062 0.040625
1 0.6804495275201465 0.271875 0.02676248789975162 0.034375
1 0.5303768046475096 0.284375 0.03146816861791084 0.0375
1 0.48427396428842995 0.2859375 0.028297716822512697 0.0296875
1 0.5218052596643614 0.41484375 0.0376908975406721 0.0328125
1 0.504227395104785 0.34765625 0.02512726502711473 0.021875
1 0.4749348048439013 0.4140625 0.025172716822512698 0.0296875
1 0.42649275966436145 0.41484375 0.025154536104353475 0.0265625
1 0.5802348623200813 0.57734375 0.031495439695149584 0.0421875
1 0.6578785941697086 0.52578125 0.037709078258831144 0.0359375
1 0.6838734676080797 0.4890625 0.031486349336070064 0.040625
1 0.7207467537124332 0.4625 0.02827953610435365 0.0265625
1 0.7135336965308408 0.49375 0.025236349336070062 0.040625
1 0.7386064194034777 0.48125 0.023592036104353654 0.0265625
1 0.6989621364223823 0.58125 0.03147725897699054 0.0390625
1 0.7064484252572102 0.36875 0.028279536104353475 0.0265625
1 0.6468143500234411 0.41328125 0.022029536104353653 0.0265625
1 0.5210280339630542 0.5484375 0.033003397540672094 0.0328125
1 0.8345132961614985 0.64765625 0.020421584308955333 0.01875
1 0.8496837782075175 0.72578125 0.025145445745273776 0.025
1 0.8272775130822071 0.6828125 0.025290891490547907 0.05
1 0.8475491064663487 0.68984375 0.025181807181592575 0.03125
1 0.4036188619272978 0.31796875 0.026726126463433177 0.028125
1 0.3913461209042882 0.27890625 0.0314318071815924 0.03125
1 0.37766437422393795 0.48203125 0.022002265027114644 0.021875
1 0.4409365338648583 0.48359375 0.023573855386194255 0.0234375
1 0.38678484416970865 0.52578125 0.022020445745273863 0.025
1 0.456610489078102 0.74375 0.025154536104353475 0.0265625
1 0.4447599288714475 0.76640625 0.025145445745273776 0.025
1 0.47775371517219273 0.86953125 0.029887487899751618 0.034375
1 0.24149909436610034 0.65546875 0.026707945745273864 0.025
1 0.2206149435057787 0.48515625 0.028288626463433175 0.028125
1 0.24604219038252073 0.41171875 0.028270445745273865 0.025
1 0.5548530672387374 0.64296875 0.028288626463433175 0.028125
1 0.5383377329297818 0.66171875 0.025145445745273776 0.025
1 0.5241116064663488 0.68984375 0.022020445745273953 0.025
1 0.49684057933898573 0.67734375 0.022011355386194253 0.0234375
1 0.4546803504162245 0.67265625 0.02200226502711473 0.021875
1 0.48007123585664824 0.60546875 0.023564765027114732 0.021875
1 0.44398829011137425 0.63046875 0.02200226502711473 0.021875
1 0.36774343179831376 0.71015625 0.022002265027114644 0.021875
1 0.3514008143118711 0.69921875 0.022002265027114644 0.021875
1 0.3190155611886131 0.62578125 0.022002265027114644 0.021875
1 0.3378791906771083 0.60625 0.022011355386194253 0.0234375
1 0.6305787333225654 0.92109375 0.02200226502711473 0.021875
1 0.6463128176315208 0.90234375 0.023573855386194255 0.0234375
1 0.6775900887087596 0.89765625 0.03457498789975162 0.034375
1 0.8746565071302786 0.73046875 0.022020445745273776 0.025
1 0.8859394407753042 0.67109375 0.01731476502711473 0.021875
1 0.9007831907753042 0.67109375 0.01729658430895533 0.01875
1 0.8825690010801545 0.71328125 0.029823855386194253 0.0234375
1 0.8842451305686498 0.69375 0.01886817466803521 0.0203125