1 0.8992530279129299 0.5260003176315207 0.028288626463433175 0.028288626463433175
1 0.6080371545727548 0.6292536244203296 0.025145445745273776 0.025145445745273776
1 0.634522386520578 0.6423803383159761 0.026717036104353477 0.026717036104353654
1 0.6404360432346323 0.7001564768796577 0.031413626463433174 0.028306807181592397
1 0.6827780793389857 0.673348537184508 0.025154536104353652 0.026707945745273954
1 0.7085138775435876 0.6810110462596943 0.02200226502711473 0.02200226502711473
1 0.47884053396305415 0.545633124223938 0.028270445745273775 0.025163626463433175
1 0.47556554303824045 0.5714325549420971 0.02512726502711473 0.022020445745273776
1 0.5292768711988758 0.4703422327333902 0.025145445745273953 0.025145445745273776
1 0.8429035548439014 0.4091446157379268 0.025145445745273776 0.025145445745273953
1 0.8505751542781672 0.43331791394252867 0.02668976502711473 0.022029536104353653
1 0.8488172115579555 0.4669207543016084 0.025190897540672098 0.032957945745273776
1 0.8592820128858154 0.548107121788051 0.028252265027114733 0.022038626463433176
1 0.758937100121637 0.4736934499486864 0.0455033975406721 0.033076120413308985
1 0.7956376694034777 0.4766048265103153 0.03137726502711473 0.0220568071815924
1 0.772027452580965 0.5064286818965096 0.020421584308955333 0.01886817466803503
1 0.803182003810629 0.5226531247149172 0.018859084308955686 0.01885908430895533
1 0.8156047357584523 0.5358616518422803 0.01885908430895533 0.01885908430895533
1 0.7952149677062755 0.5492610765103153 0.02199317466803503 0.020439765027114733
1 0.7653092990883648 0.5869337933328281 0.023610216822512697 0.029823855386194253
1 0.7700962721573934 0.7040894770760494 0.029851126463433176 0.028297716822512697
1 0.763242284159446 0.6736616336919077 0.022011355386194253 0.023564765027114732
1 0.7727263684684014 0.6548570915374301 0.022011355386194253 0.023564765027114732
1 0.8014917179026673 0.6789076698944572 0.029887487899751618 0.034547716822512696
1 0.8281133052366847 0.6685968837901035 0.025136355386194253 0.023582945745273955
1 0.8337502268796577 0.6396588175333249 0.020421584308955333 0.01886817466803503
1 0.7853490883159762 0.633690618664793 0.02510908430895533 0.018895445745273777
1 0.8019189647794093 0.6054701698944571 0.015734084308955332 0.018840903590796286
1 0.7792536244203296 0.6071644801011116 0.032994307181592394 0.03144089754067192
1 0.8068246333973201 0.5679428988172182 0.03774543969514958 0.04240566861791084
1 0.7795263351927182 0.5602894801011116 0.020430674668035033 0.020430674668035033
1 0.8747974076960127 0.7011366730177151 0.031504530054229464 0.0439318071815924
1 0.8552252510801545 0.7082815525062103 0.012590903590795932 0.015697722872636887
1 0.8683701456939602 0.7316417844540336 0.01884999394987581 0.01729658430895533
1 0.4854621969236243 0.7502751724285398 0.031413626463433174 0.02830680718159222
1 0.5943599530719443 0.8316700972929667 0.0298693071815924 0.0314227168225127
1 0.5208633657379268 0.8422535941697087 0.029832945745273953 0.025172716822512698
1 0.6618837963578901 0.773466711852543 0.02512726502711473 0.022020445745273953
1 0.6578684620489348 0.7922394377502421 0.028252265027114733 0.022038626463433176
1 0.7094127813307756 0.7950644559006147 0.028270445745273775 0.025163626463433175
1 0.7561150645082628 0.8244792451282261 0.03766362646343317 0.028343168617910662
1 0.7540440252806514 0.7776178806668457 0.029842036104353653 0.026735216822512696
1 0.7136281035394825 0.7419167300029157 0.029842036104353476 0.026735216822512696
1 0.5533622483496801 0.8959689466290367 0.02668067466803503 0.020467036104353298
1 0.5939372513747421 0.9043263472929667 0.02198408430895533 0.01887726502711473
1 0.5751417995793441 0.912247931601922 0.02041249394987581 0.01730567466803521
1 0.6393997422995559 0.8782814768796576 0.01884999394987581 0.01729658430895533
1 0.6549611097859984 0.8891280732888613 0.02196590359079611 0.015752265027114732
1 0.6415889561952023 0.9048303413410383 0.037609084308955334 0.018968168617910664
1 0.7035667814289714 0.8599400221573934 0.01884090359079611 0.015734084308955332
1 0.44595426932872295 0.8270649314055302 0.026726126463433177 0.028279536104353298
1 0.4879599621471307 0.8580694917103806 0.02668976502711473 0.0220295361043533
1 0.44652189589035196 0.8637791362259903 0.02353749394987581 0.017323855386194253
1 0.33172814286528984 0.8558535276183423 0.020421584308955333 0.01886817466803521
1 0.34541845902387264 0.7854637595661657 0.02199317466803503 0.020439765027114733
1 0.3546071066627405 0.8174404674116879 0.01887726502711464 0.02198408430895533
1 0.3102349379466338 0.7903557926454571 0.025127265027114643 0.022020445745273776
1 0.33280482953537743 0.8050677324388026 0.02198408430895533 0.01887726502711473
1 0.41524969087350005 0.7334967385871226 0.03452953610435348 0.02676248789975162
1 0.43177411554153516 0.7130887898167867 0.031413626463433174 0.028306807181592397
1 0.42257183236404783 0.6834558319712644 0.04391362646343318 0.028379530054229284
1 0.374225235954844 0.6681126331027325 0.031395445745273864 0.02518180718159222
1 0.4008286425707023 0.6609268469983791 0.031395445745273955 0.02518180718159222
1 0.22504284739116248 0.662730762394836 0.031413626463433174 0.02830680718159222
1 0.36896101903413536 0.6329881993595112 0.025136355386194253 0.023582945745273774
1 0.4072695401113743 0.6280779855620605 0.04396816861791084 0.03775453005422928
1 0.432464982831586 0.5943387898167867 0.01731476502711473 0.021974993949875808
1 0.4035269165748073 0.5999757114597596 0.023555674668035032 0.020448855386194252
1 0.40912747678146183 0.5772876452029809 0.026744307181592396 0.031404536104353474
1 0.44050928698811626 0.5544495880213886 0.02200226502711473 0.02200226502711473
1 0.46511385636815294 0.6222728922761147 0.03606476502711473 0.02208407825883114
1 0.4636558954975685 0.6043132326351943 0.01884999394987581 0.01729658430895533
1 0.4512922508837628 0.5809484555078313 0.025181807181592398 0.031395445745273955
1 0.2178257659108774 0.5604324641902341 0.025127265027114643 0.022020445745273776
1 0.21943774200496818 0.6862000786516147 0.02668976502711464 0.022029536104353476
1 0.2969820007855669 0.5170046510567134 0.028261355386194252 0.023601126463433174
1 0.32903143150372616 0.5136932986955812 0.023582945745273864 0.025136355386194253
1 0.34788597063314175 0.4956154643866258 0.023573855386194255 0.023573855386194255
1 0.3460916664766115 0.5354683047457055 0.02668067466803503 0.02046703610435365
1 0.37721440144949686 0.557161497564113 0.02198408430895542 0.01887726502711473
1 0.3584416755517978 0.5611768318730685 0.025154536104353475 0.026707945745273954
1 0.38254225088376276 0.5813484313073344 0.029832945745273863 0.025172716822512698
1 0.3869939224285398 0.4875757054096354 0.02668976502711464 0.022029536104353653
1 0.39804505191703504 0.46798082289607806 0.02042158430895551 0.01886817466803503
1 0.42848653083979615 0.4724910608940255 0.020439765027114733 0.02199317466803503
1 0.4574382326351943 0.4645103892510526 0.03452044574527378 0.02519998789975162
1 0.4910183470965748 0.4666586965308408 0.023564765027114732 0.022011355386194253
1 0.47828199776050473 0.5073564194034776 0.025145445745273776 0.025145445745273776
1 0.43444109416970866 0.523235949457707 0.028252265027114733 0.022038626463433176
1 0.4423808591968233 0.501315497662309 0.03450226502711473 0.022074987899751618
1 0.4796132144848217 0.41282062422393795 0.028252265027114733 0.022038626463433176
1 0.4350228771508042 0.423235949457707 0.025136355386194253 0.023582945745273774
1 0.41233026571448567 0.42961775966436144 0.031395445745273774 0.02518180718159222
1 0.3514473078689634 0.42059728366846655 0.025145445745273866 0.025145445745273776
1 0.3684848169441497 0.44627853971859077 0.031386355386194255 0.02361930718159222
1 0.309078000687371 0.45209272336361633 0.031413626463433174 0.02830680718159222
1 0.2905688952029809 0.41079555767257164 0.037718168617910844 0.037718168617910844
1 0.23613592525721022 0.3673637202403583 0.029832945745273863 0.025172716822512698
1 0.3650512656162898 0.3650512656162898 0.028279536104353475 0.026726126463433177
1 0.38991491023009556 0.38834331987101595 0.034556807181592396 0.03144998789975162
1 0.43445525058917517 0.3865217446372468 0.031413626463433174 0.028306807181592397
1 0.41247116628021974 0.4053990096643615 0.02510908430895551 0.018895445745273954
1 0.528114346998379 0.4016013230924697 0.028279536104353475 0.026726126463433177
1 0.5275194493595112 0.36957461827200955 0.02832498789975162 0.03453862646343318
1 0.4844916120254936 0.3799808531466991 0.01885908430895533 0.018859084308955422
1 0.4768200125912278 0.35580755494209715 0.020439765027114733 0.02199317466803503
1 0.5009842204367501 0.3650416543763631 0.028261355386194252 0.023601126463433087
1 0.495633645104785 0.3447609706331417 0.026707945745273777 0.025154536104353475
1 0.4504620456705191 0.32080584104645066 0.022011355386194253 0.023564765027114642
1 0.41434728366846657 0.35148366930528185 0.03144998789975162 0.034556807181592396
1 0.4408779674116879 0.35679788320092837 0.02198408430895533 0.01887726502711464
1 0.3869989884889268 0.35242400058917517 0.02196590359079611 0.015752265027114642
1 0.38882965408177544 0.3063211602300956 0.026798849336070064 0.040779536104353475
1 0.2302899253554061 0.432239286497137 0.022002265027114644 0.02200226502711473
1 0.21165810002344113 0.41203587080609233 0.04240566861791084 0.03774543969514958
1 0.18091663925105256 0.459088132808145 0.03449317466803503 0.02051248789975162
1 0.3382938437769252 0.2644290969001831 0.022002265027114644 0.022002265027114644
1 0.3673137232654204 0.2447296752572102 0.025136355386194253 0.023582945745273864
1 0.5433676840378089 0.19683200986075322 0.029869307181592218 0.0314227168225127
1 0.4723284761922867 0.18787062119887582 0.028261355386194252 0.023601126463433132
1 0.6191307533196497 0.19951612744539177 0.025145445745273776 0.025145445745273866
1 0.6659375756265525 0.21096216667300322 0.02676248789975162 0.03452953610435348
1 0.7009529250608184 0.23497638359371184 0.023573855386194255 0.023573855386194255
1 0.5508938377268009 0.24600530806535517 0.03299430718159222 0.03144089754067192
1 0.5242540696746242 0.2594410941697086 0.025154536104353475 0.026707945745273864
1 0.5069620305452086 0.27750983811958446 0.026726126463433177 0.028279536104353475
1 0.4779694221339522 0.2925217597625574 0.026726126463433177 0.028279536104353475
1 0.45302396428842995 0.28329220550783124 0.020467036104353475 0.02668067466803503
1 0.5146018137226959 0.30715188632418633 0.01885908430895533 0.018859084308955422
1 0.6205063800776704 0.3659087419067723 0.025136355386194253 0.023582945745273955
1 0.5765654825369984 0.39897577196100165 0.02200226502711473 0.022002265027114644
1 0.7813393409482547 0.3829411849215717 0.025136355386194253 0.023582945745273864
1 0.8157188861277946 0.3819599470218201 0.0298602168225127 0.0298602168225127