1 0.90234375 0.53125 0.028125 0.028125
1 0.61171875 0.6328125 0.02578125 0.02578125
1 0.63828125 0.64609375 0.0265625 0.0265625
1 0.64453125 0.70390625 0.03125 0.02890625
1 0.68671875 0.67734375 0.02578125 0.0265625
1 0.7125 0.68515625 0.02109375 0.02265625
1 0.48203125 0.5484375 0.02734375 0.02421875
1 0.47890625 0.57421875 0.025 0.02109375
1 0.53203125 0.4734375 0.02421875 0.025
1 0.8453125 0.4140625 0.02421875 0.02421875
1 0.853125 0.43828125 0.0265625 0.021875
1 0.8515625 0.471875 0.02578125 0.03203125
1 0.8625 0.553125 0.02734375 0.021875
1 0.76171875 0.478125 0.0453125 0.0328125
1 0.7984375 0.48125 0.03203125 0.02109375
1 0.775 0.5109375 0.0203125 0.01875
1 0.80625 0.52734375 0.01796875 0.01953125
1 0.81875 0.540625 0.01796875 0.01796875
1 0.7984375 0.55390625 0.021875 0.0203125
1 0.76875 0.59140625 0.0234375 0.0296875
1 0.77421875 0.70859375 0.0296875 0.028125
1 0.7671875 0.678125 0.02265625 0.0234375
1 0.7765625 0.659375 0.021875 0.0234375
1 0.80546875 0.68359375 0.0296875 0.034375
1 0.83203125 0.6734375 0.02578125 0.0234375
1 0.8375 0.64453125 0.0203125 0.01796875
1 0.7890625 0.63828125 0.02578125 0.01875
1 0.80546875 0.61015625 0.015625 0.01796875
1 0.7828125 0.61171875 0.0328125 0.03046875
1 0.81015625 0.57265625 0.0375 0.0421875
1 0.7828125 0.56484375 0.0203125 0.0203125
1 0.87890625 0.70625 0.03125 0.04296875
1 0.859375 0.71328125 0.01328125 0.01484375
1 0.87265625 0.73671875 0.01953125 0.0171875
1 0.48984375 0.753125 0.03203125 0.02890625
1 0.59921875 0.83515625 0.0296875 0.03046875
1 0.52578125 0.8453125 0.0296875 0.025
1 0.66640625 0.77734375 0.02578125 0.021875
1 0.6625 0.79609375 0.028125 0.02265625
1 0.7140625 0.79921875 0.028125 0.02421875
1 0.7609375 0.82890625 0.03828125 0.02734375
1 0.75859375 0.78203125 0.0296875 0.0265625
1 0.71796875 0.74609375 0.0296875 0.0265625
1 0.55859375 0.89921875 0.0265625 0.0203125
1 0.59921875 0.9078125 0.021875 0.01875
1 0.58046875 0.915625 0.0203125 0.0171875
1 0.64453125 0.88203125 0.01953125 0.0171875
1 0.66015625 0.89296875 0.021875 0.01484375
1 0.646875 0.90859375 0.03671875 0.01875
1 0.70859375 0.8640625 0.01796875 0.01640625
1 0.45078125 0.8296875 0.0265625 0.02734375
1 0.49296875 0.8609375 0.02578125 0.02109375
1 0.4515625 0.86640625 0.02265625 0.0171875
1 0.33671875 0.8578125 0.0203125 0.01796875
1 0.35 0.7875 0.02109375 0.0203125
1 0.359375 0.81953125 0.01875 0.021875
1 0.31484375 0.7921875 0.025 0.021875
1 0.3375 0.80703125 0.02265625 0.01796875
1 0.41953125 0.7359375 0.03359375 0.0265625
1 0.4359375 0.715625 0.03125 0.02734375
1 0.4265625 0.6859375 0.04375 0.02734375
1 0.378125 0.6703125 0.03125 0.02421875
1 0.4046875 0.66328125 0.03125 0.02421875
1 0.22890625 0.6640625 0.03203125 0.02890625
1 0.37265625 0.63515625 0.025 0.0234375
1 0.4109375 0.63046875 0.04375 0.0375
1 0.4359375 0.596875 0.0171875 0.02109375
1 0.40703125 0.60234375 0.0234375 0.0203125
1 0.4125 0.5796875 0.0265625 0.03046875
1 0.44375 0.55703125 0.021875 0.02265625
1 0.46875 0.625 0.0359375 0.021875
1 0.4671875 0.60703125 0.01953125 0.0171875
1 0.4546875 0.58359375 0.02578125 0.03046875
1 0.22109375 0.56171875 0.02421875 0.02265625
1 0.2234375 0.6875 0.02578125 0.02109375
1 0.3 0.51875 0.02734375 0.0234375
1 0.33203125 0.515625 0.0234375 0.02578125
1 0.35078125 0.49765625 0.0234375 0.0234375
1 0.34921875 0.5375 0.0265625 0.0203125
1 0.38046875 0.559375 0.02109375 0.01953125
1 0.36171875 0.56328125 0.02578125 0.0265625
1 0.3859375 0.58359375 0.0296875 0.02578125
1 0.38984375 0.48984375 0.0265625 0.02265625
1 0.40078125 0.4703125 0.0203125 0.01953125
1 0.43125 0.475 0.0203125 0.02265625
1 0.46015625 0.4671875 0.034375 0.02578125
1 0.49375 0.46953125 0.0234375 0.02265625
1 0.48125 0.51015625 0.02578125 0.02578125
1 0.4375 0.52578125 0.028125 0.02265625
1 0.4453125 0.50390625 0.034375 0.021875
1 0.48203125 0.415625 0.02734375 0.02265625
1 0.4375 0.42578125 0.025 0.0234375
1 0.41484375 0.43203125 0.03203125 0.025
1 0.35390625 0.42265625 0.02421875 0.02421875
1 0.37109375 0.4484375 0.03125 0.0234375
1 0.31171875 0.45390625 0.03046875 0.02734375
1 0.29296875 0.4125 0.03828125 0.03828125
1 0.23828125 0.36875 0.0296875 0.02578125
1 0.3671875 0.3671875 0.02890625 0.0265625
1 0.3921875 0.390625 0.034375 0.03203125
1 0.43671875 0.3890625 0.03125 0.02734375
1 0.41484375 0.4078125 0.02421875 0.01875
1 0.53046875 0.4046875 0.02734375 0.0265625
1 0.5296875 0.37265625 0.02734375 0.03515625
1 0.48671875 0.3828125 0.01953125 0.01953125
1 0.47890625 0.35859375 0.0203125 0.02109375
1 0.503125 0.36796875 0.02734375 0.0234375
1 0.49765625 0.34765625 0.0265625 0.025
1 0.45234375 0.3234375 0.021875 0.0234375
1 0.41640625 0.35390625 0.03203125 0.03359375
1 0.44296875 0.359375 0.02109375 0.01953125
1 0.3890625 0.3546875 0.02109375 0.01640625
1 0.390625 0.30859375 0.0265625 0.040625
1 0.2328125 0.43359375 0.02265625 0.02265625
1 0.2140625 0.41328125 0.0421875 0.03828125
1 0.18359375 0.46015625 0.034375 0.0203125
1 0.33984375 0.26640625 0.021875 0.02109375
1 0.36875 0.246875 0.02421875 0.0234375
1 0.54453125 0.2 0.0296875 0.03046875
1 0.4734375 0.190625 0.028125 0.0234375
1 0.6203125 0.203125 0.02578125 0.02578125
1 0.6671875 0.21484375 0.0265625 0.03359375
1 0.70234375 0.2390625 0.0234375 0.0234375
1 0.55234375 0.24921875 0.0328125 0.03203125
1 0.52578125 0.2625 0.02578125 0.0265625
1 0.50859375 0.28046875 0.0265625 0.02734375
1 0.4796875 0.2953125 0.0265625 0.028125
1 0.4546875 0.2859375 0.0203125 0.0265625
1 0.51640625 0.31015625 0.01953125 0.01953125
1 0.62265625 0.36953125 0.02421875 0.0234375
1 0.57890625 0.40234375 0.02265625 0.02109375
1 0.78359375 0.3875 0.02578125 0.0234375
1 0.81796875 0.38671875 0.0296875 0.0296875