1 0.06328125 0.52109375 0.0265625 0.03203125
1 0.13671875 0.51875 0.0296875 0.028125
1 0.19140625 0.51875 0.03203125 0.03046875
1 0.23046875 0.56875 0.02890625 0.03203125
1 0.18125 0.70625 0.03046875 0.034375
1 0.36328125 0.6328125 0.03125 0.03359375
1 0.1984375 0.43828125 0.02890625 0.0296875
1 0.2078125 0.4078125 0.0265625 0.02578125
1 0.2390625 0.40625 0.025 0.025
1 0.27265625 0.4921875 0.025 0.025
1 0.24609375 0.509375 0.0296875 0.02734375
1 0.2796875 0.53828125 0.02578125 0.0265625
1 0.30390625 0.56171875 0.025 0.0234375
1 0.32421875 0.58515625 0.0296875 0.02734375
1 0.109375 0.44296875 0.040625 0.0265625
1 0.14140625 0.4515625 0.0375 0.02421875
1 0.184375 0.3328125 0.02265625 0.025
1 0.2203125 0.30234375 0.01953125 0.02734375
1 0.26171875 0.3203125 0.0234375 0.0265625
1 0.49921875 0.31796875 0.03125 0.03046875
1 0.42890625 0.253125 0.028125 0.0359375
1 0.3015625 0.17109375 0.034375 0.028125
1 0.29765625 0.2328125 0.025 0.02578125
1 0.521875 0.61640625 0.03046875 0.0296875
1 0.49609375 0.6265625 0.0296875 0.025
1 0.5125 0.6546875 0.02734375 0.02109375
1 0.45859375 0.703125 0.03203125 0.0296875
1 0.3921875 0.7828125 0.03125 0.02890625
1 0.446875 0.7578125 0.02890625 0.02265625
1 0.4390625 0.7828125 0.04296875 0.02734375
1 0.50859375 0.77578125 0.03203125 0.02890625
1 0.53515625 0.76875 0.021875 0.025
1 0.59453125 0.70078125 0.03984375 0.025
1 0.728125 0.68203125 0.034375 0.0265625
1 0.715625 0.53203125 0.03671875 0.03203125
1 0.7140625 0.4859375 0.0296875 0.02890625
1 0.58515625 0.52421875 0.0328125 0.03828125
1 0.65234375 0.50625 0.021875 0.02421875
1 0.5859375 0.47734375 0.0296875 0.02578125
1 0.58515625 0.42890625 0.0265625 0.02421875
1 0.42265625 0.58359375 0.0421875 0.03203125
1 0.47421875 0.6609375 0.0359375 0.03671875
1 0.5109375 0.68671875 0.04140625 0.03125
1 0.5375 0.7234375 0.0265625 0.02734375
1 0.50625 0.71640625 0.03984375 0.025
1 0.51875 0.74140625 0.0265625 0.0234375
1 0.41875 0.70234375 0.0390625 0.03046875
1 0.63125 0.70859375 0.0265625 0.02890625
1 0.58671875 0.64921875 0.0265625 0.021875
1 0.4515625 0.52421875 0.0328125 0.0328125
1 0.35234375 0.83828125 0.01875 0.0203125
1 0.27421875 0.85390625 0.02421875 0.02421875
1 0.3171875 0.83125 0.05 0.02578125
1 0.31015625 0.8515625 0.03046875 0.025
1 0.68203125 0.40546875 0.02734375 0.0265625
1 0.72109375 0.39296875 0.03203125 0.03125
1 0.51796875 0.38046875 0.02109375 0.02109375
1 0.51640625 0.44375 0.0234375 0.0234375
1 0.47421875 0.38984375 0.02578125 0.02265625
1 0.25625 0.4609375 0.0265625 0.02578125
1 0.23359375 0.44921875 0.025 0.025
1 0.13046875 0.4828125 0.034375 0.0296875
1 0.34453125 0.2453125 0.02421875 0.0265625
1 0.51484375 0.2234375 0.02734375 0.028125
1 0.58828125 0.2484375 0.025 0.02890625
1 0.35703125 0.55859375 0.02734375 0.02734375
1 0.33828125 0.5421875 0.02578125 0.02578125
1 0.31015625 0.528125 0.02421875 0.02265625
1 0.32265625 0.50078125 0.0234375 0.02265625
1 0.32734375 0.45859375 0.02109375 0.02265625
1 0.39453125 0.48359375 0.02265625 0.0234375
1 0.36953125 0.44765625 0.02109375 0.021875
1 0.28984375 0.371875 0.021875 0.02109375
1 0.30078125 0.35546875 0.02265625 0.021875
1 0.37421875 0.32265625 0.02265625 0.021875
1 0.39375 0.34140625 0.0234375 0.021875
1 0.07890625 0.6359375 0.021875 0.02265625
1 0.09765625 0.6515625 0.02421875 0.0234375
1 0.10234375 0.6828125 0.034375 0.03359375
1 0.26953125 0.87890625 0.025 0.021875
1 0.32890625 0.88984375 0.02265625 0.0171875
1 0.32890625 0.9046875 0.01953125 0.0171875
1 0.28671875 0.88671875 0.0234375 0.0296875
1 0.30625 0.88828125 0.0203125 0.01953125