1 0.1515625 0.40078125 0.03046875 0.0328125
1 0.2125 0.3796875 0.0265625 0.02578125
1 0.2875 0.33046875 0.02265625 0.021875
1 0.35078125 0.35625 0.028125 0.0265625
1 0.38359375 0.42421875 0.0296875 0.02265625
1 0.35 0.47265625 0.025 0.02109375
1 0.48828125 0.5359375 0.02265625 0.0296875
1 0.52109375 0.51484375 0.0265625 0.02578125
1 0.55546875 0.496875 0.025 0.02421875
1 0.578125 0.490625 0.02109375 0.0203125
1 0.6671875 0.45625 0.04296875 0.053125
1 0.71171875 0.38359375 0.03359375 0.03203125
1 0.72890625 0.3546875 0.02734375 0.0265625
1 0.759375 0.390625 0.0265625 0.028125
1 0.64609375 0.3078125 0.0265625 0.02734375
1 0.6765625 0.328125 0.0234375 0.025
1 0.58515625 0.33046875 0.02890625 0.03203125
1 0.84453125 0.4046875 0.0234375 0.03046875
1 0.81640625 0.39140625 0.034375 0.03046875
1 0.7828125 0.3765625 0.02890625 0.0265625
1 0.7984375 0.5296875 0.0328125 0.034375
1 0.82421875 0.546875 0.0421875 0.04140625
1 0.8421875 0.57734375 0.02734375 0.0265625
1 0.6875 0.54375 0.0375 0.03828125
1 0.71875 0.5890625 0.03046875 0.0296875
1 0.7203125 0.6265625 0.03125 0.02890625
1 0.75390625 0.646875 0.03046875 0.03203125
1 0.71875 0.66171875 0.03046875 0.0296875
1 0.7375 0.70546875 0.03125 0.02890625
1 0.7765625 0.7515625 0.0296875 0.0265625
1 0.61484375 0.77265625 0.0359375 0.0359375
1 0.584375 0.7234375 0.02734375 0.025
1 0.59765625 0.67265625 0.02109375 0.02421875
1 0.65703125 0.64765625 0.028125 0.03046875
1 0.65234375 0.59453125 0.0265625 0.0265625
1 0.61171875 0.61328125 0.03359375 0.02265625
1 0.58125 0.653125 0.02890625 0.0421875
1 0.51875 0.6984375 0.03359375 0.03046875
1 0.4953125 0.71640625 0.0421875 0.034375
1 0.45703125 0.7046875 0.02578125 0.025
1 0.478125 0.6859375 0.02734375 0.028125
1 0.4265625 0.68125 0.0234375 0.02265625
1 0.41328125 0.71328125 0.028125 0.028125
1 0.5734375 0.58125 0.03515625 0.0375
1 0.609375 0.55703125 0.02578125 0.02265625
1 0.58125 0.54609375 0.025 0.025
1 0.63671875 0.51796875 0.03125 0.02890625
1 0.640625 0.49296875 0.02890625 0.0234375
1 0.51171875 0.4875 0.02890625 0.02890625
1 0.54921875 0.43046875 0.03046875 0.05703125
1 0.51640625 0.42109375 0.03125 0.02734375
1 0.52578125 0.38125 0.02890625 0.021875
1 0.58046875 0.39921875 0.03515625 0.0296875
1 0.603125 0.36484375 0.0296875 0.0265625
1 0.61875 0.38671875 0.04921875 0.028125
1 0.665625 0.3609375 0.02578125 0.021875
1 0.66484375 0.3421875 0.0234375 0.0171875
1 0.64453125 0.33359375 0.0203125 0.01875
1 0.63671875 0.34765625 0.0234375 0.0203125
1 0.41875 0.29765625 0.021875 0.03828125
1 0.19609375 0.68203125 0.034375 0.0328125
1 0.20546875 0.71640625 0.03359375 0.03203125
1 0.32734375 0.725 0.03046875 0.03125
1 0.378125 0.696875 0.03125 0.0390625
1 0.31171875 0.6609375 0.02890625 0.025
1 0.34609375 0.58984375 0.025 0.02734375
1 0.31875 0.59765625 0.028125 0.04453125
1 0.2890625 0.59921875 0.0265625 0.025
1 0.3 0.61484375 0.021875 0.021875
1 0.3125 0.63359375 0.053125 0.03828125
1 0.38203125 0.61171875 0.02734375 0.0234375
1 0.428125 0.590625 0.02265625 0.02265625
1 0.44765625 0.62109375 0.028125 0.025
1 0.484375 0.64609375 0.0234375 0.034375
1 0.4703125 0.6609375 0.025 0.02578125
1 0.7390625 0.22109375 0.02734375 0.03046875
1 0.5875 0.153125 0.0296875 0.03125
1 0.546875 0.171875 0.02734375 0.03125
1 0.50390625 0.1796875 0.028125 0.0328125
1 0.4984375 0.25546875 0.0265625 0.02734375
1 0.4640625 0.2671875 0.02578125 0.03984375
1 0.3921875 0.25703125 0.0265625 0.02421875
1 0.40625 0.1984375 0.0234375 0.0265625
1 0.4234375 0.16640625 0.0234375 0.028125
1 0.37578125 0.20390625 0.0265625 0.028125
1 0.43359375 0.18828125 0.034375 0.02734375
1 0.43125 0.20859375 0.0328125 0.01953125
1 0.4671875 0.2171875 0.02421875 0.02890625
1 0.47421875 0.23984375 0.02734375 0.0203125
1 0.43828125 0.2578125 0.01953125 0.01875
1 0.42578125 0.228125 0.0359375 0.025
1 0.34375 0.24921875 0.0234375 0.01953125
1 0.35703125 0.2296875 0.02734375 0.028125
1 0.31796875 0.2265625 0.02734375 0.0265625
1 0.334375 0.1953125 0.025 0.0296875
1 0.32578125 0.2640625 0.02578125 0.028125
1 0.3546875 0.271875 0.02421875 0.02265625
1 0.35546875 0.30546875 0.0328125 0.03984375
1 0.42578125 0.809375 0.03359375 0.03359375
1 0.49765625 0.78046875 0.03203125 0.03359375
1 0.4578125 0.8515625 0.03046875 0.0296875
1 0.51640625 0.80234375 0.03046875 0.0296875
1 0.50078125 0.81640625 0.02421875 0.02578125
1 0.475 0.82734375 0.02734375 0.02578125
1 0.24765625 0.83515625 0.03046875 0.03203125
1 0.22734375 0.51640625 0.02890625 0.02734375
1 0.20078125 0.52578125 0.02890625 0.03203125
1 0.14140625 0.4421875 0.02734375 0.0296875
1 0.1125 0.45625 0.028125 0.02734375
1 0.5578125 0.628125 0.02265625 0.0234375
1 0.6265625 0.640625 0.0265625 0.02734375
1 0.52578125 0.56328125 0.021875 0.02421875
1 0.5078125 0.56953125 0.02109375 0.02265625
1 0.47421875 0.6171875 0.0203125 0.021875
1 0.6296875 0.421875 0.02578125 0.0234375
1 0.44296875 0.3125 0.02109375 0.021875
1 0.47578125 0.36015625 0.028125 0.02421875
1 0.675 0.83984375 0.0234375 0.025
1 0.71328125 0.8765625 0.03125 0.02890625
1 0.80625 0.790625 0.03046875 0.0296875
1 0.54921875 0.81171875 0.025 0.02734375
1 0.5671875 0.87578125 0.028125 0.02734375
1 0.52109375 0.86484375 0.03125 0.028125
1 0.14765625 0.5734375 0.034375 0.03046875
1 0.115625 0.51796875 0.02734375 0.0265625
1 0.14453125 0.54453125 0.04609375 0.034375
1 0.284375 0.57421875 0.02890625 0.02421875
1 0.315625 0.55078125 0.03359375 0.02421875
1 0.321875 0.50390625 0.025 0.021875
1 0.3203125 0.45390625 0.02578125 0.021875
1 0.2765625 0.4578125 0.03359375 0.025
1 0.28984375 0.43828125 0.0375 0.02734375
1 0.3265625 0.425 0.025 0.0234375
1 0.34140625 0.40859375 0.028125 0.0265625
1 0.284375 0.415625 0.01953125 0.02109375
1 0.26796875 0.41640625 0.01875 0.02109375
1 0.246875 0.4171875 0.02265625 0.02265625
1 0.225 0.39921875 0.021875 0.02421875
1 0.3125 0.47890625 0.03125 0.028125
1 0.3890625 0.56015625 0.02265625 0.01953125
1 0.37265625 0.58046875 0.02265625 0.02734375
1 0.5453125 0.5546875 0.02578125 0.0234375
1 0.54765625 0.53828125 0.021875 0.015625
1 0.41640625 0.546875 0.02265625 0.02109375
1 0.409375 0.5765625 0.0234375 0.02109375
1 0.40390625 0.59609375 0.01953125 0.0203125
1 0.3921875 0.5859375 0.021875 0.02109375
1 0.43359375 0.5546875 0.01953125 0.021875
1 0.446875 0.58125 0.03359375 0.03671875
1 0.39453125 0.45390625 0.02578125 0.0203125
1 0.48359375 0.30078125 0.0234375 0.0234375
1 0.56328125 0.3421875 0.02421875 0.02421875
1 0.23359375 0.3546875 0.03046875 0.02890625
1 0.08203125 0.44765625 0.02578125 0.03203125
1 0.134375 0.6140625 0.0578125 0.0453125
1 0.29375 0.88046875 0.04296875 0.03359375
1 0.346875 0.8984375 0.02734375 0.02734375
1 0.35078125 0.87890625 0.025 0.0234375
1 0.38203125 0.89375 0.0296875 0.028125
1 0.425 0.90625 0.034375 0.03046875
1 0.49765625 0.896875 0.021875 0.02578125
1 0.51875 0.8953125 0.02265625 0.021875
1 0.54453125 0.9078125 0.0265625 0.02421875
1 0.5640625 0.9171875 0.02421875 0.028125
1 0.6140625 0.90234375 0.0234375 0.025
1 0.61015625 0.8328125 0.02734375 0.02421875
1 0.578125 0.85 0.02734375 0.02734375
1 0.55 0.840625 0.028125 0.0265625
1 0.58359375 0.81953125 0.02421875 0.02265625
1 0.5796875 0.8 0.034375 0.02578125
1 0.60546875 0.87265625 0.0234375 0.01875
1 0.48203125 0.8609375 0.0296875 0.028125
1 0.6328125 0.65703125 0.02421875 0.02890625
1 0.4015625 0.65234375 0.059375 0.03359375
1 0.546875 0.25625 0.02578125 0.02421875
1 0.57578125 0.2546875 0.02734375 0.0265625
1 0.5625 0.26953125 0.02734375 0.02265625
1 0.56953125 0.29921875 0.02265625 0.025
1 0.55703125 0.29140625 0.01953125 0.01875
1 0.59296875 0.2921875 0.02109375 0.03046875
1 0.55703125 0.3609375 0.03046875 0.02109375
1 0.26796875 0.49296875 0.034375 0.03671875
1 0.284375 0.54921875 0.028125 0.025
1 0.29453125 0.5265625 0.02109375 0.02109375