1 0.8519236527070333 0.6041548149802324 0.0314408975406721 0.032994307181592394
1 0.7911088725546083 0.6248940409761273 0.026707945745273777 0.025154536104353475
1 0.7163952188656163 0.6736764537403056 0.02200226502711473 0.02200226502711473
1 0.6529639779408025 0.6475270441975811 0.028279536104353475 0.026726126463433177
1 0.6197560473208391 0.5793673966569092 0.02981476502711473 0.0220477168225127
1 0.6530679961893711 0.531125339377121 0.02512726502711473 0.022020445745273776
1 0.5144185866466465 0.46703959259857475 0.0220477168225127 0.02981476502711473
1 0.4817288064942213 0.48794244505790285 0.026707945745273954 0.025154536104353475
1 0.44745834562363684 0.5057112071581512 0.025145445745273776 0.025145445745273776
1 0.4248384570599554 0.5118293969514968 0.02199317466803503 0.020439765027114733
1 0.33597594495970695 0.5456862464839586 0.04405907220870695 0.05337953005422928
1 0.29186739665690914 0.6180834212501894 0.034556807181592396 0.03144998789975162
1 0.27484806829988206 0.6468896773003137 0.028279536104353475 0.026726126463433177
1 0.24417024004105095 0.6107749152982611 0.026726126463433177 0.028279536104353475
1 0.3579332790722707 0.6942464663315334 0.026726126463433177 0.028279536104353475
1 0.32734635440423565 0.6737567043294809 0.023582945745273955 0.025136355386194253
1 0.4187389688656162 0.6719447403356386 0.028306807181592397 0.031413626463433174
1 0.15893217680933436 0.5962169907284219 0.02361930718159235 0.031386355386194255
1 0.1871344448615111 0.609661867191855 0.034556807181592396 0.03144998789975162
1 0.22081455327276744 0.6247010599120669 0.028279536104353475 0.026726126463433177
1 0.20429869808296494 0.4714851563212707 0.03301248789975162 0.03456589754067192
1 0.17841745413308913 0.45414766539645707 0.04242384933607006 0.040870439695149585
1 0.16027144213103658 0.4235743762670413 0.028279536104353475 0.026726126463433177
1 0.31515438485124836 0.4580680718159235 0.037718168617910844 0.037718168617910844
1 0.28364076443793945 0.4125737646343312 0.0314227168225127 0.029869307181592218
1 0.28186009582002863 0.3750646742752516 0.031413626463433174 0.028306807181592397
1 0.24814817115199359 0.35455673155503975 0.0314318071815924 0.0314318071815924
1 0.28321806274073724 0.33991751463433123 0.0314227168225127 0.0298693071815924
1 0.26421353268650793 0.2960584303253758 0.031413626463433174 0.028306807181592397
1 0.2248828670936592 0.24973742134838534 0.029842036104353476 0.026735216822512696
1 0.38647889724608436 0.22958452351312575 0.03614657825883123 0.03614657825883114
1 0.4172339935570923 0.2789805355151783 0.028270445745273775 0.025163626463433175
1 0.40424818022717995 0.32968451746300154 0.022020445745273776 0.025127265027114643
1 0.3450186259724538 0.3543390838179761 0.028306807181592397 0.031413626463433174
1 0.3500151981811608 0.407491354895215 0.026717036104353477 0.026717036104353477
1 0.3905311138722054 0.38897770423128497 0.03450226502711464 0.022074987899751618
1 0.42076805971567505 0.3493112162333375 0.028370439695149584 0.04235112646343318
1 0.48300443930236625 0.30436233059652223 0.03455680718159222 0.03144998789975162
1 0.5063374001729506 0.28652993598271653 0.04238748789975162 0.03462043969514968
1 0.5446868278660478 0.2984713997801672 0.025145445745273776 0.025145445745273866
1 0.5237021621750031 0.3170986799325923 0.028288626463433175 0.028288626463433175
1 0.575291933252242 0.3220861617822197 0.023564765027114732 0.022011355386194253
1 0.5883868308911099 0.29013217983439643 0.028288626463433175 0.028288626463433088
1 0.4289987162333375 0.4212316680287357 0.03459316861791084 0.03769998789975162
1 0.39320211679907163 0.44524133976990443 0.02512726502711473 0.022020445745273953
1 0.4213907493126289 0.4563424662333375 0.025145445745273776 0.025145445745273776
1 0.3660856257760621 0.48414475848601113 0.031413626463433084 0.028306807181592397
1 0.36232482152133594 0.5091220325883121 0.028261355386194252 0.023601126463433174
1 0.4912628877781146 0.5153407372123805 0.028288626463433175 0.028288626463433175
1 0.4540946858845206 0.5721538185944697 0.03157725292686635 0.05643180718159222
1 0.4869617280389983 0.5817197161351417 0.031413626463433174 0.028306807181592397
1 0.4778185321955286 0.6215089239806639 0.028252265027114733 0.022038626463433176
1 0.42302649306611306 0.6032220114128773 0.034547716822512696 0.029887487899751618
1 0.40057023096586464 0.637465201206223 0.029842036104353653 0.026735216822512696
1 0.38481796593874995 0.6154992976154267 0.05016362646343318 0.028415891490547907
1 0.33809295686356367 0.6410078368430382 0.025127265027114643 0.022020445745273776
1 0.3389832911725191 0.659762382022578 0.02353749394987581 0.017323855386194253
1 0.359345788147457 0.668474306690613 0.02042158430895542 0.01886817466803503
1 0.36707647491574036 0.6544572584860111 0.023555674668035032 0.020448855386194252
1 0.5853361164062882 0.7057253635776177 0.02209316861791084 0.037627265027114734
1 0.8057561380727023 0.3226457397464634 0.034565897540672096 0.03301248789975162
1 0.7961811501729507 0.2882161975919856 0.03455680718159222 0.03144998789975162
1 0.6742561531980128 0.2789133995837754 0.03143180718159222 0.0314318071815924
1 0.6236385296614457 0.30674296291368786 0.03147725897699054 0.0392443071815924
1 0.690253857920277 0.3430668031745716 0.028270445745273775 0.025163626463433085
1 0.6562924692583996 0.41396056527482 0.025163626463433175 0.028270445745273952
1 0.6835907674630015 0.4063071465587133 0.028379530054229284 0.04391362646343318
1 0.7132691771039219 0.4049173633812261 0.026707945745273954 0.025154536104353475
1 0.7022407735131259 0.38922873086766874 0.02200226502711473 0.02200226502711473
1 0.6896316892041703 0.37040600799503176 0.053343168617910844 0.037809072208706954
1 0.6202277042312849 0.3918764870159888 0.028261355386194252 0.023601126463433087
1 0.5742566740788598 0.4127020714231401 0.02200226502711473 0.02200226502711473
1 0.5545481620768073 0.38211969193464485 0.028270445745273952 0.025163626463433175
1 0.5176839663315335 0.3569060684962738 0.02363748789975162 0.03451135538619425
1 0.5316601079202771 0.3421441317279904 0.025145445745273776 0.025145445745273953
1 0.2654690440011894 0.7804243399662962 0.028306807181592397 0.031413626463433174
1 0.4174269746211528 0.849274854797019 0.0298693071815924 0.0314227168225127
1 0.45794289031219737 0.8307612041330892 0.02830680718159222 0.031413626463433174
1 0.5008661885167993 0.8231986890077787 0.02831589754067192 0.032976126463433175
1 0.5058940561014378 0.7474492552645573 0.026726126463433177 0.02827953610435365
1 0.5402008784083407 0.7359304931643089 0.025236349336070062 0.040770445745273956
1 0.6121349657423583 0.7465048996819712 0.026707945745273777 0.025154536104353652
1 0.5984133542078439 0.8050168364502547 0.023592036104353474 0.026698855386194254
1 0.5814122065689761 0.8369480925003788 0.023601126463433174 0.028261355386194252
1 0.6288502879510652 0.7997253484523072 0.026726126463433177 0.02827953610435365
1 0.5711286915418614 0.8150140051663615 0.03453862646343318 0.02832498789975162
1 0.5733542668738264 0.7947151407049808 0.03292158430895533 0.01894089754067192
1 0.5373667698988884 0.7859123124461497 0.025163626463433175 0.028270445745273952
1 0.530203709692234 0.7632151558302913 0.028243174668035033 0.020476126463433175
1 0.5660366705628185 0.7454554840891225 0.01885908430895533 0.01885908430895533
1 0.5787093873853312 0.7752157069617596 0.03608294574527378 0.02520907825883114
1 0.6606179175377563 0.7545992008134395 0.023546584308955332 0.018886355386194254
1 0.6474502970262515 0.7740531827612627 0.028288626463433175 0.028288626463433175
1 0.6865309777444107 0.7774054417382532 0.02827953610435365 0.026726126463433177
1 0.6703065349260031 0.8085599929679171 0.025172716822512698 0.029832945745273776
1 0.6785003091264998 0.7398599899428551 0.025163626463433175 0.028270445745273775
1 0.6495486073311019 0.7318793182998821 0.02512726502711473 0.022020445745273776
1 0.64857191461089 0.6982810231203423 0.033048849336070066 0.04081589754067192
1 0.5753277738077134 0.19396570696175952 0.03457498789975162 0.03457498789975162
1 0.5036209454506863 0.2224538004440971 0.03144998789975162 0.034556807181592396
1 0.5430510841125636 0.15159185460062735 0.0314227168225127 0.029869307181592353
1 0.48474368042357163 0.2004697161351417 0.0314227168225127 0.0298693071815924
1 0.500286867191855 0.18649811972593788 0.025145445745273776 0.025145445745273866
1 0.5260044846782977 0.17571061065075155 0.028270445745273952 0.02516362646343313
1 0.7533027828828998 0.16922075789683594 0.03143180718159222 0.03143180718159235
1 0.7754697161351417 0.48808893256487096 0.028288626463433175 0.028288626463433175
1 0.8019776739806641 0.47886846866922445 0.028306807181592574 0.031413626463433174
1 0.8618390081914236 0.56280765231425 0.028297716822512697 0.029851126463433176
1 0.890663444959707 0.5489133239572228 0.028288626463433175 0.028288626463433175
1 0.444351005460949 0.3744475716195318 0.022011355386194253 0.023564765027114642
1 0.37552828258831206 0.3615475958200286 0.026726126463433086 0.028279536104353475
1 0.4767595053627531 0.43947767398066395 0.022020445745273776 0.02512726502711473
1 0.49469189392643464 0.4333322131100795 0.02200226502711473 0.02200226502711473
1 0.5280083879745063 0.38587140583029134 0.020439765027114733 0.02199317466803503
1 0.37367593285945855 0.5802794151018694 0.025136355386194253 0.023582945745273955
1 0.5610310079950318 0.6907407130118838 0.02200226502711473 0.02200226502711473
1 0.5279412520431034 0.6428935654712118 0.028270445745273775 0.025163626463433175
1 0.3259317618056608 0.1620470446885605 0.023582945745273955 0.025136355386194253
1 0.2874368883672898 0.12510558089110985 0.031413626463433084 0.028306807181592352
1 0.1949681081166688 0.2105022045258726 0.03142271682251274 0.02986930718159231
1 0.45187663826909397 0.19090381859446973 0.025163626463433175 0.028270445745273865
1 0.43353518354682963 0.1267367794650541 0.028288626463433175 0.02828862646343313
1 0.4796925660603869 0.13794244505790282 0.031413626463433174 0.028306807181592352
1 0.8548254180287355 0.43152129087793145 0.034556807181592576 0.03144998789975162
1 0.8871793757760621 0.48717639323906364 0.02827953610435365 0.026726126463433177
1 0.8581185896717086 0.4604457215960907 0.04707498789975162 0.034647710772388506
1 0.718102122849196 0.42994463445846487 0.028270445745273775 0.025163626463433175
1 0.6869884782353901 0.45320032727687254 0.03452044574527378 0.02519998789975162
1 0.6810111890077787 0.5000389658405541 0.02512726502711473 0.022020445745273953
1 0.6828645804983264 0.5500480561996337 0.02512726502711473 0.022020445745273953
1 0.7265918546006274 0.546396336253863 0.03452044574527378 0.02519998789975162
1 0.7134242340891225 0.5658503182016863 0.03766362646343317 0.028343168617910842
1 0.6767827521412993 0.5789179447633153 0.025136355386194253 0.023582945745273774
1 0.6620344509116353 0.595237836352059 0.028279536104353475 0.026726126463433177
1 0.719024794295777 0.5885383844584648 0.01887726502711473 0.02198408430895533
1 0.7354264991162373 0.5878525832288009 0.01887726502711473 0.02198408430895533
1 0.7565157039366974 0.5871940530763757 0.02200226502711473 0.02200226502711473
1 0.7784952430661131 0.6052900681034904 0.022020445745273776 0.02512726502711473
1 0.6905316347530526 0.5250935079950318 0.031413626463433174 0.02830680718159222
1 0.6134964360809123 0.44339808040013046 0.02198408430895533 0.01887726502711473
1 0.6297845114128774 0.4231810291704665 0.022038626463433176 0.028252265027114733
1 0.4572782523376911 0.44795779449216877 0.025136355386194253 0.023582945745273955
1 0.455029951108027 0.4643504089535494 0.02196590359079611 0.015752265027114732
1 0.5862299541330891 0.45652024911623723 0.02200226502711473 0.02200226502711473
1 0.5930884873105764 0.4268736557320955 0.023564765027114732 0.022011355386194253
1 0.5984436078220812 0.40737422198887413 0.01886817466803503 0.020421584308955333
1 0.6102214451560988 0.41759864968197125 0.02200226502711473 0.02200226502711473
1 0.568997002337691 0.4486077551663614 0.01887726502711473 0.02198408430895533
1 0.5555612162333375 0.4219679871141847 0.03459316861791084 0.03769998789975162
1 0.6086458304983264 0.5496162641433519 0.02511817466803503 0.020457945745273952
1 0.520474185688129 0.7022231136758137 0.023573855386194255 0.023573855386194255
1 0.4405457911725191 0.6603532553627531 0.025145445745273953 0.025145445745273776
1 0.7701605682998821 0.6497713211285525 0.031413626463433174 0.028306807181592397
1 0.9211821919346448 0.5576843359592754 0.025181807181592575 0.031395445745273774
1 0.8678703186926656 0.3909735589301082 0.058076120413308986 0.04564884328594587
1 0.7069454124695908 0.12364009230398723 0.043949987899751616 0.034629530054229286
1 0.6537158733401751 0.10536227009528021 0.028288626463433175 0.02828862646343313
1 0.6499232528286704 0.12487079419758115 0.025136355386194253 0.023582945745273864
1 0.618586894417414 0.1098452370159888 0.029851126463433176 0.028297716822512742
1 0.5755454215447771 0.09709525214129933 0.03455680718159222 0.03144998789975158
1 0.5029437136992547 0.10604755044409711 0.022020445745273953 0.025127265027114643
1 0.4818590540583344 0.10748733059652227 0.02200226502711473 0.022002265027114644
1 0.4560050811856975 0.09483733967170857 0.026707945745273777 0.025154536104353496
1 0.43641928903121974 0.08534871018321336 0.025163626463433175 0.028270445745273865
1 0.38650564744247606 0.09990156869266557 0.023582945745273955 0.025136355386194253
1 0.3908164184215191 0.16945554459036463 0.028270445745273952 0.02516362646343313
1 0.42274767447164335 0.1524543969514968 0.028288626463433175 0.02828862646343313
1 0.450927216626121 0.1619930234149299 0.028279536104353475 0.026726126463433086
1 0.4174561864736958 0.18289133069471813 0.02512726502711473 0.022020445745273863
1 0.4214760659621911 0.20244530659241716 0.03452044574527378 0.02519998789975162
1 0.3952721142649888 0.12963906566760347 0.02354658430895542 0.018886355386194254
1 0.518777791958086 0.1420759540348933 0.029851126463433176 0.028297716822512742
1 0.36918283381797606 0.3451049843837102 0.025163626463433175 0.028270445745273952
1 0.600460104895215 0.3511378575274936 0.059574987899751616 0.034720433645025486
1 0.457452010921898 0.7463862041330891 0.025145445745273776 0.025145445745273953
1 0.42855485128097764 0.7477805324901162 0.028279536104353475 0.026726126463433177
1 0.4417497428697213 0.7330140505422931 0.028252265027114733 0.022038626463433176
1 0.4345457760472085 0.7032856439264347 0.022020445745273776 0.02512726502711473
1 0.44709122784260663 0.7111708667990716 0.01885908430895533 0.01885908430895533
1 0.4111491826630669 0.7101805385402404 0.02049430718159222 0.03136817466803503
1 0.44668670686356365 0.6416396167990717 0.03137726502711473 0.0220568071815924
1 0.734981071521336 0.5112900832288009 0.03459316861791084 0.03769998789975162
1 0.7182475685944697 0.45494463445846484 0.028270445745273775 0.025163626463433175
1 0.7082231288011241 0.47754179712444744 0.02200226502711473 0.02200226502711473