1 0.1515625 0.3998994851692771 0.03125 0.03299430718159231
1 0.2125 0.378451211165172 0.0265625 0.025154536104353475
1 0.2875 0.3287961239293503 0.021875 0.022002265027114644
1 0.35078125 0.35420921438662584 0.028125 0.026726126463433086
1 0.38359375 0.4219870668459539 0.0296875 0.0220477168225127
1 0.35 0.4706200095661656 0.025 0.022020445745273953
1 0.48828125 0.5330967627876195 0.021875 0.02981476502711473
1 0.52109375 0.5118121152469475 0.0265625 0.025154536104353475
1 0.55546875 0.49364337734719593 0.025 0.025145445745273776
1 0.578125 0.4872615671405415 0.021875 0.020439765027114733
1 0.6671875 0.4523684166730032 0.04375 0.05337953005422946
1 0.71171875 0.3794530914392341 0.034375 0.03144998789975162
1 0.72890625 0.35044684748935834 0.028125 0.026726126463433086
1 0.759375 0.38620708548730576 0.0265625 0.028279536104353475
1 0.64609375 0.30405363652057804 0.0265625 0.028279536104353475
1 0.6765625 0.3241888745185255 0.0234375 0.025136355386194253
1 0.58515625 0.32706441052468316 0.028125 0.031413626463433084
1 0.84453125 0.39977416091746665 0.0234375 0.031386355386194255
1 0.81640625 0.3866565373808998 0.034375 0.03144998789975162
1 0.7828125 0.3720082301011115 0.028125 0.026726126463433177
1 0.7984375 0.5250423265103153 0.0328125 0.03456589754067192
1 0.82421875 0.5420798355855017 0.0421875 0.040870439695149585
1 0.8421875 0.572444046456086 0.028125 0.026726126463433177
1 0.6875 0.5397502420049681 0.0375 0.03771816861791066
1 0.71875 0.5848809348233759 0.03125 0.0298693071815924
1 0.7203125 0.6223718444642963 0.03125 0.028306807181592397
1 0.75390625 0.6424889017440845 0.03125 0.0314318071815924
1 0.71875 0.6575371848233759 0.03125 0.0298693071815924
1 0.7375 0.7011781005144204 0.03125 0.028306807181592397
1 0.7765625 0.74704459153743 0.0296875 0.026735216822512696
1 0.61484375 0.7690791937021704 0.0359375 0.03614657825883114
1 0.584375 0.720037705704223 0.028125 0.025163626463433175
1 0.59765625 0.6691791876520462 0.021875 0.02512726502711473
1 0.65703125 0.6438337540070208 0.028125 0.031413626463433174
1 0.65234375 0.5907360250842596 0.0265625 0.026717036104353477
1 0.61171875 0.6097223744203297 0.034375 0.022074987899751618
1 0.58125 0.6497433864223823 0.028125 0.04235112646343318
1 0.51875 0.6954195007855669 0.034375 0.03144998789975162
1 0.4953125 0.713524606171761 0.0421875 0.03462043969514959
1 0.45703125 0.7020285699692119 0.025 0.025145445745273776
1 0.478125 0.6831558501216369 0.028125 0.028288626463433175
1 0.4265625 0.6787683319712643 0.0234375 0.022011355386194253
1 0.41328125 0.7108768500234411 0.028125 0.028288626463433175
1 0.5734375 0.5779138382177803 0.034375 0.03769998789975162
1 0.609375 0.553486009958949 0.025 0.022020445745273776
1 0.58125 0.5427121364223823 0.025 0.025145445745273776
1 0.63671875 0.5142644286750558 0.03125 0.02830680718159222
1 0.640625 0.48924170277735674 0.028125 0.023601126463433174
1 0.51171875 0.48452290740142523 0.028125 0.028288626463433175
1 0.54921875 0.4272734887835144 0.03125 0.056431807181592394
1 0.51640625 0.4180893863241863 0.03125 0.02830680718159222
1 0.52578125 0.37819109416970864 0.028125 0.022038626463433176
1 0.58046875 0.395841681601922 0.034375 0.029887487899751618
1 0.603125 0.3613348713952676 0.0296875 0.026735216822512696
1 0.61875 0.3831189678044714 0.05 0.02841589149054773
1 0.665625 0.3570650070320828 0.025 0.022020445745273863
1 0.66484375 0.33831955221162263 0.0234375 0.017323855386194253
1 0.64453125 0.32984397687965766 0.0203125 0.01886817466803503
1 0.63671875 0.34395192867505575 0.0234375 0.020448855386194252
1 0.41875 0.29522003376666245 0.021875 0.037627265027114644
1 0.19609375 0.680890409935508 0.034375 0.03301248789975162
1 0.20546875 0.7152108677810303 0.034375 0.03144998789975162
1 0.32734375 0.7230955697728201 0.03125 0.03143180718159222
1 0.378125 0.6946751331027325 0.03125 0.03924430718159222
1 0.31171875 0.6591239733636163 0.028125 0.025163626463433175
1 0.34609375 0.5878302354638647 0.025 0.028270445745273775
1 0.31875 0.5958018167477579 0.028125 0.04391362646343318
1 0.2890625 0.5975370335702708 0.0265625 0.025154536104353475
1 0.3 0.6130984010567134 0.021875 0.02200226502711473
1 0.3125 0.6317756781840764 0.053125 0.037809072208706954
1 0.38203125 0.6094961572050335 0.028125 0.023601126463433174
1 0.428125 0.5881342416121849 0.021875 0.02200226502711473
1 0.44765625 0.6184893621236895 0.028125 0.025163626463433175
1 0.484375 0.6432757386853185 0.0234375 0.03451135538619425
1 0.4703125 0.6582013019170351 0.025 0.025145445745273776
1 0.7390625 0.2167940101553408 0.028125 0.031413626463433174
1 0.5875 0.14970702498606375 0.0296875 0.03142271682251274
1 0.546875 0.1686933743221338 0.028125 0.031413626463433084
1 0.50390625 0.1767558591968233 0.028125 0.032976126463433134
1 0.4984375 0.252568925453602 0.0265625 0.028279536104353475
1 0.4640625 0.26448766335335355 0.025 0.040770445745273866
1 0.3921875 0.25474956987101594 0.0265625 0.025154536104353475
1 0.40625 0.19607400663929941 0.0234375 0.026698855386194254
1 0.4234375 0.1639427626894236 0.0234375 0.028261355386194252
1 0.37578125 0.20172001864135192 0.0265625 0.028279536104353475
1 0.43359375 0.18575867535540608 0.034375 0.02832498789975162
1 0.43125 0.2060848108940255 0.0328125 0.01894089754067201
1 0.4671875 0.21446948263519428 0.025 0.028270445745273952
1 0.47421875 0.23708482601933603 0.028125 0.020476126463433088
1 0.43828125 0.2552626542781672 0.01875 0.018859084308955422
1 0.42578125 0.2256478771508042 0.0359375 0.02520907825883114
1 0.34375 0.24721887100248408 0.0234375 0.018886355386194254
1 0.35703125 0.22761035295030735 0.028125 0.028288626463433175
1 0.31796875 0.2247126119272978 0.028125 0.026726126463433086
1 0.334375 0.19336716315696184 0.025 0.029832945745273863
1 0.32578125 0.2621671601318997 0.025 0.028270445745273952
1 0.3546875 0.2698114884889268 0.025 0.022020445745273953
1 0.35546875 0.30340069330938696 0.0328125 0.04081589754067192
1 0.42578125 0.8068978771508041 0.034375 0.03457498789975162
1 0.49765625 0.7775734706331419 0.03125 0.03455680718159222
1 0.4578125 0.8488990247896719 0.03125 0.029869307181592576
1 0.51640625 0.7993393863241864 0.03125 0.0298693071815924
1 0.50078125 0.8134927899149826 0.025 0.025145445745273776
1 0.475 0.8245802808397962 0.028125 0.02516362646343282
1 0.24765625 0.8337154280858805 0.03125 0.03143180718159257
1 0.22734375 0.5150836027539156 0.028125 0.028288626463433175
1 0.20078125 0.5246131388582691 0.028125 0.031413626463433174
1 0.14140625 0.44136482250329456 0.028125 0.029851126463433176
1 0.1125 0.4555954941462675 0.028125 0.028288626463433175
1 0.5578125 0.6248797418085765 0.021875 0.023564765027114732
1 0.6265625 0.6369797660090732 0.0265625 0.02827953610435365
1 0.52578125 0.5602223441697086 0.021875 0.02512726502711473
1 0.5078125 0.5665768832991243 0.021875 0.02200226502711473
1 0.47421875 0.614428576019336 0.0203125 0.02199317466803503
1 0.6296875 0.418211585290914 0.025 0.023582945745273774
1 0.44296875 0.30992288320092837 0.021875 0.022002265027114644
1 0.47578125 0.35738823566025635 0.028125 0.025163626463433175
1 0.675 0.8359167148776052 0.0234375 0.025136355386194253
1 0.71328125 0.8724127510801545 0.03125 0.028306807181592574
1 0.80625 0.7859343747149172 0.03125 0.0298693071815924
1 0.54921875 0.8085234887835144 0.025 0.028270445745273775
1 0.5671875 0.8724814496540988 0.028125 0.028288626463433175
1 0.52109375 0.8618121152469473 0.03125 0.028306807181592574
1 0.14765625 0.5725784610669761 0.034375 0.03144998789975162
1 0.115625 0.5172960634281083 0.028125 0.026726126463433177
1 0.14453125 0.5436903917851353 0.046875 0.034647710772388506
1 0.284375 0.5725643046475095 0.028125 0.025163626463433175
1 0.315625 0.5489449974659172 0.034375 0.02519998789975162
1 0.321875 0.5020336360295987 0.025 0.022020445745273776
1 0.3203125 0.45204272638867843 0.025 0.022020445745273776
1 0.2765625 0.4562035064429077 0.034375 0.02519998789975162
1 0.28984375 0.43659498839073085 0.0375 0.028343168617910842
1 0.3265625 0.42310011495236 0.025 0.023582945745273774
1 0.34140625 0.40660750654110356 0.028125 0.026726126463433177
1 0.284375 0.41397055464750954 0.01875 0.02198408430895533
1 0.26796875 0.4148472534178456 0.01875 0.02198408430895533
1 0.246875 0.4157512232654204 0.021875 0.02200226502711473
1 0.225 0.39790973829253506 0.021875 0.02512726502711473
1 0.3125 0.47708817818407645 0.03125 0.028306807181592397
1 0.3890625 0.5578927505891752 0.021875 0.01887726502711473
1 0.37265625 0.5783006993595112 0.021875 0.028252265027114733
1 0.5453125 0.5515149646812134 0.025 0.023582945745273774
1 0.54765625 0.5350950791425939 0.021875 0.015752265027114732
1 0.41640625 0.544452419305282 0.021875 0.02200226502711473
1 0.409375 0.5741808259211402 0.0234375 0.022011355386194253
1 0.40390625 0.5937438921779188 0.01875 0.020421584308955333
1 0.3921875 0.583655819871016 0.021875 0.02200226502711473
1 0.43359375 0.5521649253554062 0.01875 0.02198408430895533
1 0.446875 0.5786501573032293 0.034375 0.03769998789975162
1 0.39453125 0.4516109343323965 0.025 0.020457945745273775
1 0.48359375 0.29796778386485834 0.0234375 0.023573855386194255
1 0.56328125 0.3389104255517978 0.025 0.025145445745273866
1 0.23359375 0.35332849131759714 0.03125 0.028306807181592397
1 0.08203125 0.4471790061483201 0.025 0.031395445745273774
1 0.134375 0.6132807291191529 0.0578125 0.04564884328594587
1 0.29375 0.8787597624930317 0.04375 0.03462953005422946
1 0.346875 0.8964194402843247 0.028125 0.02828862646343282
1 0.35078125 0.8768654643866259 0.025 0.023582945745273774
1 0.38203125 0.8915274072050334 0.0296875 0.02829771682251305
1 0.425 0.9037774223303441 0.034375 0.03144998789975162
1 0.49765625 0.8939797206331417 0.021875 0.02512726502711473
1 0.51875 0.892294500785567 0.021875 0.02200226502711473
1 0.54453125 0.9046445098607532 0.0265625 0.0251545361043533
1 0.5640625 0.9139058803722581 0.025 0.028270445745273775
1 0.6140625 0.8987712388817103 0.0234375 0.025136355386194253
1 0.61015625 0.8292627147794093 0.028125 0.025163626463433175
1 0.578125 0.8466365671405415 0.028125 0.028288626463433175
1 0.55 0.8374251936039745 0.028125 0.02672612646343282
1 0.58359375 0.8161360008837628 0.025 0.022020445745273776
1 0.5796875 0.7966274767814617 0.034375 0.02519998789975162
1 0.60546875 0.8691337358566482 0.0234375 0.018886355386194254
1 0.48203125 0.858133124223938 0.0296875 0.028297716822512697
1 0.6328125 0.6533496545727548 0.025 0.028270445745273775
1 0.4015625 0.6500075277165382 0.059375 0.034720433645025396
1 0.546875 0.2530683743221338 0.025 0.025145445745273866
1 0.57578125 0.2513377026791609 0.028125 0.026726126463433086
1 0.5625 0.26625872073133766 0.028125 0.022038626463433176
1 0.56953125 0.2959053141154794 0.021875 0.025127265027114643
1 0.55703125 0.2881655369881163 0.01875 0.018859084308955422
1 0.59296875 0.28873770872928506 0.021875 0.031377265027114645
1 0.55703125 0.35769678698811624 0.03125 0.0220568071815924
1 0.26796875 0.4914097534178456 0.034375 0.03769998789975162
1 0.284375 0.5475643046475096 0.028125 0.025163626463433175
1 0.29453125 0.5248489673134922 0.021875 0.02200226502711473