1 0.8996166422761146 0.46875 0.02828862646343282 0.028125
1 0.60958251561629 0.3671875 0.025145445745273776 0.025
1 0.6362222836684666 0.35390625 0.026717036104353477 0.0265625
1 0.6428086269544124 0.29609375 0.031413626463433174 0.028125
1 0.6848415908500589 0.32265625 0.025154536104353475 0.0265625
1 0.7106682926454571 0.31484375 0.02200226502711473 0.021875
1 0.4794041362259905 0.4515625 0.028270445745273952 0.025
1 0.4764291271508041 0.42578125 0.02512726502711473 0.021875
1 0.5289677989901689 0.5265625 0.025145445745273776 0.025
1 0.8419036153451434 0.5859375 0.025145445745273776 0.025
1 0.8498570159108774 0.56171875 0.02668976502711473 0.021875
1 0.8484899586310892 0.528125 0.025181807181592575 0.03125
1 0.8599001573032293 0.446875 0.028252265027114733 0.021875
1 0.7586825700674076 0.521875 0.0455033975406721 0.0328125
1 0.7954195007855669 0.51875 0.03137726502711473 0.021875
1 0.7721547176080797 0.4890625 0.020421584308955333 0.01875
1 0.8035001663784156 0.47265625 0.01885908430895533 0.01875
1 0.8160774344305924 0.459375 0.01885908430895533 0.01875
1 0.7958422024827692 0.44609375 0.02199317466803503 0.0203125
1 0.7663728711006799 0.40859375 0.023610216822512697 0.0296875
1 0.7725233980316514 0.29140625 0.029851126463433176 0.028125
1 0.7653148860295987 0.321875 0.022011355386194253 0.0234375
1 0.7745808017206434 0.340625 0.022011355386194253 0.0234375
1 0.8036279522863774 0.31640625 0.029887487899751618 0.034375
1 0.83013136495236 0.3265625 0.025136355386194253 0.0234375
1 0.8354319433093871 0.35546875 0.020421584308955687 0.01875
1 0.7869580818730684 0.36171875 0.02510908430895533 0.01875
1 0.8032007054096354 0.38984375 0.015734084308955332 0.01875
1 0.7805535457687149 0.38828125 0.03299430718159222 0.03125
1 0.8076700367917246 0.42734375 0.03774543969514958 0.0421875
1 0.7802808349963264 0.43515625 0.020430674668035033 0.0203125
1 0.8771972624930318 0.29375 0.031504530054229464 0.04375
1 0.8577069191088903 0.28671875 0.012590903590795932 0.015625
1 0.8711245244950844 0.26328125 0.01884999394987581 0.0171875
1 0.4884074732654204 0.246875 0.031413626463433174 0.028125
1 0.5982597171171002 0.16484375 0.029869307181592218 0.03125
1 0.5248813044511179 0.1546875 0.029832945745273776 0.025
1 0.6651108738311544 0.22265625 0.02512726502711473 0.021875
1 0.6613137081401099 0.20390625 0.028252265027114733 0.021875
1 0.7128943888582692 0.20078125 0.028270445745273775 0.025
1 0.7599421056807818 0.17109375 0.03766362646343317 0.028125
1 0.7573256449083934 0.21796875 0.029842036104353476 0.0265625
1 0.7164915666495622 0.25390625 0.029842036104353476 0.0265625
1 0.5580074218393647 0.10078125 0.02668067466803503 0.0203125
1 0.5986824188143025 0.0921875 0.02198408430895533 0.01875
1 0.5799778706097006 0.084375 0.02041249394987581 0.0171875
1 0.6438449278894889 0.11796875 0.01884999394987581 0.0171875
1 0.6595335604030461 0.10703125 0.02196590359079629 0.015625
1 0.6463432139938424 0.09140625 0.037609084308955334 0.01875
1 0.7078028887600732 0.1359375 0.018840903590796286 0.015625
1 0.4497904008603216 0.1703125 0.026726126463433177 0.028125
1 0.492159708041914 0.1390625 0.02512726502711473 0.021875
1 0.4507852742986927 0.13359375 0.021974993949875808 0.0171875
1 0.33589152732375477 0.1421875 0.02042158430895542 0.01875
1 0.34876371116517196 0.2125 0.02199317466803503 0.0203125
1 0.35832506352630417 0.18046875 0.01887726502711473 0.021875
1 0.31363473224241084 0.2078125 0.025127265027114643 0.021875
1 0.3363773406536672 0.19296875 0.02198408430895542 0.01875
1 0.4179949793155446 0.2640625 0.03452953610435348 0.0265625
1 0.43428305464750955 0.284375 0.031413626463433174 0.028125
1 0.42473533782499684 0.3140625 0.04391362646343318 0.028125
1 0.37620693423420065 0.3296875 0.031395445745273864 0.025
1 0.4027285276183424 0.33671875 0.031395445745273955 0.025
1 0.22695182279788223 0.3359375 0.031413626463433174 0.028125
1 0.37053365115490927 0.36484375 0.025136355386194253 0.0234375
1 0.4087876300776704 0.36953125 0.04396816861791084 0.0375
1 0.4335921873574586 0.403125 0.01731476502711473 0.021875
1 0.4047177536142373 0.39765625 0.023555674668035032 0.0203125
1 0.41005469340758277 0.4203125 0.02674430718159222 0.03125
1 0.4411728832009283 0.44296875 0.02200226502711473 0.021875
1 0.46656831382089176 0.375 0.03606476502711473 0.021875
1 0.46490127469147613 0.39296875 0.01884999394987581 0.0171875
1 0.45226491930528184 0.41640625 0.025181807181592398 0.03125
1 0.21854390427816722 0.43828125 0.025127265027114643 0.021875
1 0.22161942818407648 0.3125 0.025127265027114643 0.021875
1 0.2972001694034777 0.48125 0.028261355386194252 0.0234375
1 0.3292132386853185 0.484375 0.023582945745273864 0.025
1 0.3478586995559029 0.50234375 0.023573855386194255 0.0234375
1 0.34652800371243314 0.4625 0.02668067466803503 0.0203125
1 0.3779052687395478 0.440625 0.02198408430895542 0.01875
1 0.3591779946372468 0.43671875 0.025154536104353475 0.0265625
1 0.38351491930528187 0.41640625 0.029832945745273953 0.025
1 0.3868757477605048 0.51015625 0.02668976502711464 0.021875
1 0.3976996182720096 0.5296875 0.02042158430895542 0.01875
1 0.4281956393492484 0.525 0.020439765027114733 0.021875
1 0.45705643755385034 0.5328125 0.03452044574527395 0.025
1 0.4906638230924697 0.53046875 0.023564765027114732 0.021875
1 0.47840017242853977 0.48984375 0.025145445745273776 0.025
1 0.4347410760193361 0.47421875 0.028252265027114733 0.021875
1 0.44242631099222135 0.49609375 0.03450226502711473 0.021875
1 0.478631455704223 0.584375 0.028252265027114733 0.021875
1 0.4341592930382405 0.57421875 0.025136355386194253 0.0234375
1 0.41153940447455895 0.56796875 0.031395445745273774 0.025
1 0.35054736232008127 0.57734375 0.025145445745273866 0.025
1 0.36788485324489495 0.5515625 0.031386355386194255 0.0234375
1 0.3085416695016736 0.54609375 0.031413626463433084 0.028125
1 0.28955077498606374 0.5875 0.037718168617910844 0.0375
1 0.23460874493183442 0.63125 0.029832945745273953 0.025
1 0.3635059045727548 0.6328125 0.028279536104353475 0.0265625
1 0.3886422599589491 0.609375 0.034556807181592396 0.03125
1 0.4331644195998695 0.6109375 0.031413626463433174 0.028125
1 0.4113985039088249 0.5921875 0.02510908430895533 0.01875
1 0.5270053231906656 0.5953125 0.028279536104353475 0.0265625
1 0.5260377208295335 0.62734375 0.02832498789975162 0.034375
1 0.483128058163551 0.6171875 0.01885908430895533 0.01875
1 0.4751746575978169 0.64140625 0.020439765027114733 0.021875
1 0.4994479497522947 0.63203125 0.028261355386194252 0.0234375
1 0.49386102508425955 0.65234375 0.026707945745273777 0.025
1 0.4484076245185255 0.6765625 0.022011355386194253 0.0234375
1 0.4126473865205781 0.64609375 0.03144998789975162 0.034375
1 0.43924170277735664 0.640625 0.02198408430895533 0.01875
1 0.3853081817001179 0.6453125 0.0219659035907962 0.015625
1 0.38660251610726915 0.69140625 0.026798849336070064 0.040625
1 0.22951724483363858 0.56640625 0.022002265027114644 0.021875
1 0.21064907016560355 0.58671875 0.04240566861791084 0.0375
1 0.1804530309379921 0.53984375 0.03449317466803503 0.0203125
1 0.33557582641211947 0.73359375 0.022002265027114644 0.021875
1 0.36436844692362425 0.753125 0.025136355386194253 0.0234375
1 0.5398769861512357 0.8 0.0298693071815924 0.03125
1 0.46872869399675804 0.809375 0.028261355386194252 0.0234375
1 0.615676416869395 0.796875 0.025145445745273776 0.025
1 0.6626195945624921 0.78515625 0.02676248789975162 0.034375
1 0.6979167451282262 0.7609375 0.023573855386194255 0.0234375
1 0.5479758324622437 0.75078125 0.032994307181592394 0.03125
1 0.5214906005144204 0.7375 0.025154536104353475 0.0265625
1 0.504407639643836 0.71953125 0.026726126463433177 0.028125
1 0.47558774805509235 0.7046875 0.026726126463433177 0.028125
1 0.4505332059006147 0.7140625 0.020467036104353475 0.0265625
1 0.5123928564663488 0.68984375 0.01885908430895533 0.01875
1 0.6189882901113742 0.63046875 0.025136355386194253 0.0234375
1 0.5754291876520462 0.59765625 0.02200226502711473 0.021875
1 0.7800303292407899 0.6125 0.025136355386194253 0.0234375
1 0.81440078406125 0.61328125 0.0298602168225127 0.0296875