1 0.4843559202682308 0.93671875 0.031404536104353474 0.0265625
1 0.48627242339148874 0.86328125 0.028297716822512697 0.0296875
1 0.4859542608237022 0.80859375 0.0314318071815924 0.03125
1 0.43572700184671176 0.76953125 0.031413626463433174 0.028125
1 0.2985133481577197 0.81875 0.034556807181592396 0.03125
1 0.3708918213249442 0.63671875 0.034556807181592396 0.03125
1 0.5663821042078439 0.8015625 0.029851126463433176 0.028125
1 0.5967963120533663 0.7921875 0.025154536104353652 0.0265625
1 0.5981770048717738 0.7609375 0.025145445745273953 0.025
1 0.512044062151562 0.72734375 0.025145445745273776 0.025
1 0.49501109825591555 0.75390625 0.028297716822512697 0.0296875
1 0.46590940553570376 0.7203125 0.026707945745273954 0.025
1 0.44233100496996974 0.69609375 0.023582945745273774 0.025
1 0.4187753303019347 0.67578125 0.028297716822512697 0.0296875
1 0.5622127546753821 0.890625 0.026798849336070064 0.040625
1 0.5534326523142499 0.85859375 0.02521816861791084 0.0375
1 0.6719326674395605 0.815625 0.02512726502711473 0.021875
1 0.7021923391807292 0.7796875 0.028234084308955333 0.01875
1 0.6839826946651193 0.73828125 0.026698855386194254 0.0234375
1 0.6849447100850174 0.50078125 0.0314318071815924 0.03125
1 0.7501975262436004 0.57109375 0.03610112646343318 0.028125
1 0.832969640508589 0.6984375 0.02832498789975162 0.034375
1 0.7712736164062882 0.70234375 0.025145445745273776 0.025
1 0.386375399878363 0.478125 0.0298693071815924 0.03125
1 0.37636914080317674 0.50390625 0.025172716822512698 0.0296875
1 0.34814869203284077 0.4875 0.022038626463433176 0.028125
1 0.30002480942108756 0.54140625 0.0298693071815924 0.03125
1 0.22072364968197133 0.6078125 0.028306807181592397 0.03125
1 0.2454054871141847 0.553125 0.022038626463433176 0.028125
1 0.22045093890958273 0.5609375 0.028379530054229284 0.04375
1 0.22707766793053974 0.49140625 0.028306807181592397 0.03125
1 0.23395438182618628 0.46484375 0.025127265027114643 0.021875
1 0.30157769818116076 0.40546875 0.025236349336070062 0.040625
1 0.31955047247985346 0.271875 0.02676248789975162 0.034375
1 0.4696231953524904 0.284375 0.03146816861791084 0.0375
1 0.51572603571157 0.2859375 0.028297716822512697 0.0296875
1 0.4781947403356385 0.41484375 0.0376908975406721 0.0328125
1 0.495772604895215 0.34765625 0.02512726502711473 0.021875
1 0.5250651951560987 0.4140625 0.025172716822512698 0.0296875
1 0.5735072403356385 0.41484375 0.025154536104353475 0.0265625
1 0.4197651376799188 0.57734375 0.031495439695149584 0.0421875
1 0.3421214058302914 0.52578125 0.03770907825883123 0.0359375
1 0.31612653239192035 0.4890625 0.031486349336070064 0.040625
1 0.27925324628756687 0.4625 0.028279536104353475 0.0265625
1 0.2864663034691592 0.49375 0.025236349336070062 0.040625
1 0.2613935805965223 0.48125 0.023592036104353474 0.0265625
1 0.30103786357761775 0.58125 0.031477258976990365 0.0390625
1 0.2935515747427898 0.36875 0.028279536104353475 0.0265625
1 0.3531856499765589 0.41328125 0.022029536104353476 0.0265625
1 0.47897196603694586 0.5484375 0.033003397540672094 0.0328125
1 0.16548670383850156 0.64765625 0.02042158430895542 0.01875
1 0.15031622179248244 0.72578125 0.025145445745273866 0.025
1 0.17272248691779296 0.6828125 0.025290891490547772 0.05
1 0.1524508935336512 0.68984375 0.025181807181592353 0.03125
1 0.5963811380727022 0.31796875 0.026726126463433177 0.028125
1 0.6086538790957118 0.27890625 0.0314318071815924 0.03125
1 0.622335625776062 0.48203125 0.02200226502711473 0.021875
1 0.5590634661351417 0.48359375 0.023573855386194255 0.0234375
1 0.6132151558302914 0.52578125 0.022020445745273953 0.025
1 0.543389510921898 0.74375 0.025154536104353475 0.0265625
1 0.5552400711285526 0.76640625 0.025145445745273776 0.025
1 0.5222462848278073 0.86953125 0.029887487899751618 0.034375
1 0.7585009056338997 0.65546875 0.026707945745273777 0.025
1 0.7793850564942213 0.48515625 0.028288626463433175 0.028125
1 0.7539578096174793 0.41171875 0.028270445745273775 0.025
1 0.4451469327612626 0.64296875 0.028288626463433175 0.028125
1 0.4616622670702181 0.66171875 0.025145445745273776 0.025
1 0.4758883935336512 0.68984375 0.022020445745273953 0.025
1 0.5031594206610143 0.67734375 0.022011355386194253 0.0234375
1 0.5453196495837755 0.67265625 0.02200226502711473 0.021875
1 0.5199287641433518 0.60546875 0.023564765027114732 0.021875
1 0.5560117098886257 0.63046875 0.02200226502711473 0.021875
1 0.6322565682016863 0.71015625 0.02200226502711473 0.021875
1 0.648599185688129 0.69921875 0.02200226502711473 0.021875
1 0.6809844388113868 0.62578125 0.02200226502711473 0.021875
1 0.6621208093228917 0.60625 0.022011355386194253 0.0234375
1 0.3694212666774347 0.92109375 0.022002265027114644 0.021875
1 0.35368718236847924 0.90234375 0.023582945745273864 0.025
1 0.32240991129124036 0.89765625 0.03457498789975162 0.034375
1 0.1253434928697213 0.73046875 0.022020445745273863 0.025
1 0.1140605592246958 0.67109375 0.017314765027114643 0.021875
1 0.0992168092246958 0.67109375 0.01729658430895542 0.01875
1 0.11743099891984547 0.71328125 0.029823855386194253 0.0234375
1 0.11575486943135027 0.69375 0.01886817466803503 0.0203125