0 0.2828125 0.584375 0.05625 0.05
0 0.30859375 0.62890625 0.059375 0.053125
0 0.25625 0.17578125 0.059375 0.075
0 0.1265625 0.471875 0.08125 0.0546875
0 0.3734375 0.11796875 0.04375 0.04375
0 0.27421875 0.33046875 0.0640625 0.0578125
0 0.346875 0.61328125 0.0375 0.0375
0 0.375 0.73984375 0.0578125 0.05625
0 0.4734375 0.6421875 0.046875 0.046875
0 0.534375 0.646875 0.053125 0.0515625
0 0.628125 0.70390625 0.053125 0.05
0 0.67734375 0.6515625 0.05625 0.053125
0 0.47578125 0.71484375 0.0453125 0.046875
0 0.42890625 0.68203125 0.04375 0.0453125
0 0.440625 0.709375 0.04375 0.05
0 0.4375 0.7546875 0.0453125 0.046875
0 0.43984375 0.49375 0.034375 0.0375
0 0.4140625 0.41640625 0.046875 0.046875
0 0.434375 0.36015625 0.04375 0.040625
0 0.44609375 0.4484375 0.034375 0.0390625
0 0.45078125 0.3984375 0.040625 0.040625
0 0.44453125 0.42421875 0.0265625 0.028125
0 0.49296875 0.34921875 0.040625 0.0421875
0 0.32734375 0.3234375 0.0421875 0.046875
0 0.3515625 0.29609375 0.03125 0.034375
0 0.31640625 0.1875 0.05 0.05
0 0.50625 0.2265625 0.040625 0.046875
0 0.50390625 0.1578125 0.0484375 0.0421875
0 0.49609375 0.1890625 0.040625 0.0421875
0 0.4640625 0.2046875 0.04375 0.046875
0 0.43984375 0.1890625 0.0375 0.040625
0 0.428125 0.2265625 0.0453125 0.046875
0 0.440625 0.259375 0.0390625 0.04375
0 0.42578125 0.2953125 0.040625 0.04375
0 0.40546875 0.32734375 0.046875 0.040625
0 0.5609375 0.24140625 0.0453125 0.04375
0 0.58828125 0.18359375 0.046875 0.04375
0 0.5859375 0.3171875 0.0453125 0.05
0 0.5609375 0.2875 0.0375 0.0375
0 0.5296875 0.3140625 0.0375 0.0375
0 0.5515625 0.334375 0.034375 0.0375
0 0.575 0.371875 0.040625 0.040625
0 0.603125 0.40703125 0.0453125 0.0484375
0 0.63203125 0.4671875 0.034375 0.0375
0 0.528125 0.48984375 0.0375 0.04375
0 0.55546875 0.4796875 0.0390625 0.040625
0 0.54140625 0.38359375 0.0328125 0.034375
0 0.565625 0.409375 0.0359375 0.040625
0 0.48984375 0.3828125 0.040625 0.034375
0 0.67734375 0.31953125 0.04375 0.04375
0 0.67265625 0.359375 0.04375 0.0421875
0 0.6921875 0.3921875 0.040625 0.0421875
0 0.73828125 0.365625 0.059375 0.0453125
0 0.8421875 0.51015625 0.0390625 0.04375
0 0.8015625 0.53359375 0.05625 0.075
0 0.34453125 0.21796875 0.040625 0.0375
0 0.16796875 0.5890625 0.040625 0.0453125
0 0.221875 0.3609375 0.053125 0.0515625
0 0.3671875 0.8046875 0.046875 0.0484375
0 0.30078125 0.26796875 0.04375 0.046875
0 0.321875 0.2375 0.0390625 0.040625
0 0.33203125 0.2796875 0.0375 0.040625
0 0.41171875 0.2015625 0.040625 0.040625
0 0.6421875 0.45 0.05625 0.071875
0 0.50078125 0.47265625 0.0578125 0.046875
0 0.15546875 0.70078125 0.034375 0.04375
0 0.05078125 0.4515625 0.03125 0.046875
0 0.0875 0.6234375 0.0359375 0.0375
0 0.18359375 0.30546875 0.053125 0.0484375
0 0.153125 0.28125 0.04375 0.0453125