0 0.340625 0.38671875 0.05078125 0.05234375
0 0.6359375 0.2578125 0.06171875 0.0671875
0 0.70078125 0.63515625 0.05390625 0.0578125
0 0.7140625 0.48671875 0.0578125 0.06640625
0 0.846875 0.4921875 0.05390625 0.0859375
0 0.22578125 0.309375 0.05078125 0.053125
0 0.1078125 0.4375 0.0453125 0.05703125
0 0.30703125 0.4359375 0.0515625 0.05234375
0 0.38984375 0.50625 0.05 0.05234375
0 0.28046875 0.5125 0.05390625 0.05234375
0 0.35234375 0.56953125 0.04765625 0.05234375
0 0.3921875 0.415625 0.04765625 0.05
0 0.43203125 0.3625 0.04765625 0.05078125
0 0.48671875 0.325 0.05078125 0.05234375
0 0.3765625 0.334375 0.05078125 0.05078125
0 0.33359375 0.34140625 0.04609375 0.04296875
0 0.51484375 0.26953125 0.0578125 0.05859375
0 0.565625 0.3015625 0.06015625 0.0578125
0 0.6328125 0.3171875 0.046875 0.04765625
0 0.53984375 0.41953125 0.04453125 0.046875
0 0.48515625 0.465625 0.053125 0.05703125
0 0.5359375 0.48671875 0.04609375 0.05
0 0.42421875 0.53671875 0.040625 0.0421875
0 0.50546875 0.546875 0.05390625 0.053125
0 0.56015625 0.1546875 0.06015625 0.0578125
0 0.509375 0.2015625 0.0609375 0.059375
0 0.47421875 0.1875 0.04296875 0.05078125
0 0.41484375 0.2484375 0.0453125 0.04140625
0 0.4109375 0.2125 0.04375 0.04453125
0 0.2578125 0.2125 0.05390625 0.05859375
0 0.21484375 0.20859375 0.04609375 0.059375
0 0.34921875 0.1953125 0.04765625 0.04921875
0 0.31015625 0.29609375 0.05078125 0.0421875
0 0.3234375 0.2421875 0.05078125 0.0546875
0 0.45078125 0.41484375 0.053125 0.0625
0 0.70703125 0.33359375 0.05625 0.05546875
0 0.7984375 0.41328125 0.0609375 0.06171875
0 0.77421875 0.51015625 0.04765625 0.0515625
0 0.66015625 0.375 0.0734375 0.0578125
0 0.5984375 0.4921875 0.04296875 0.0515625
0 0.64140625 0.49140625 0.0484375 0.05
0 0.57734375 0.44375 0.03125 0.0359375
0 0.59453125 0.59921875 0.05625 0.06015625
0 0.63828125 0.5734375 0.04609375 0.04765625
0 0.64765625 0.53828125 0.04453125 0.0421875
0 0.709375 0.5390625 0.04453125 0.03984375
0 0.7046875 0.5734375 0.059375 0.04765625
0 0.68046875 0.59765625 0.0296875 0.0265625
0 0.51171875 0.590625 0.03046875 0.034375
0 0.4640625 0.59609375 0.04375 0.04921875
0 0.48984375 0.6171875 0.0484375 0.0484375
0 0.42578125 0.60859375 0.0453125 0.046875
0 0.38359375 0.62265625 0.05 0.0515625
0 0.3578125 0.67109375 0.05078125 0.05390625
0 0.29765625 0.6625 0.05 0.04921875
0 0.3390625 0.80234375 0.05078125 0.05234375
0 0.275 0.7765625 0.05546875 0.0609375
0 0.3328125 0.7421875 0.03515625 0.05078125
0 0.2953125 0.7375 0.040625 0.04609375
0 0.31171875 0.70390625 0.04375 0.04140625
0 0.434375 0.73125 0.0359375 0.040625
0 0.6484375 0.675 0.0484375 0.0453125
0 0.65703125 0.71484375 0.04765625 0.05078125
0 0.2 0.61640625 0.053125 0.05859375
0 0.1421875 0.509375 0.04453125 0.0546875
0 0.171875 0.54375 0.05 0.05859375
0 0.12109375 0.5578125 0.04375 0.05078125
0 0.71328125 0.6953125 0.0546875 0.059375
0 0.803125 0.753125 0.04140625 0.0484375
0 0.55390625 0.09609375 0.0546875 0.0546875
0 0.51015625 0.07734375 0.05625 0.0625
0 0.4578125 0.13984375 0.04921875 0.053125
0 0.41015625 0.1390625 0.0640625 0.065625
0 0.31328125 0.18046875 0.046875 0.059375
0 0.4859375 0.39921875 0.04765625 0.040625
0 0.46171875 0.67578125 0.0421875 0.04375
0 0.4609375 0.7140625 0.04375 0.046875
0 0.4953125 0.66015625 0.04921875 0.0359375
0 0.40234375 0.4453125 0.03203125 0.028125
0 0.66875 0.44609375 0.0359375 0.04140625
0 0.640625 0.43984375 0.04296875 0.04453125
0 0.60390625 0.415625 0.0453125 0.040625
0 0.54453125 0.36015625 0.05078125 0.04765625
0 0.58828125 0.359375 0.0484375 0.05078125
0 0.2609375 0.61875 0.04453125 0.03984375
0 0.2609375 0.55703125 0.046875 0.0390625
0 0.2265625 0.58515625 0.04140625 0.04375
0 0.29921875 0.56328125 0.03984375 0.03828125
0 0.496875 0.71484375 0.03515625 0.03515625
0 0.33984375 0.1296875 0.04453125 0.04453125
0 0.30234375 0.140625 0.03984375 0.04296875