0 0.415625 0.2828125 0.05078125 0.05703125
0 0.37109375 0.30859375 0.05390625 0.059375
0 0.82421875 0.25625 0.07421875 0.059375
0 0.528125 0.1265625 0.0546875 0.08125
0 0.88203125 0.3734375 0.04296875 0.04375
0 0.66953125 0.27421875 0.0578125 0.0640625
0 0.38671875 0.346875 0.03828125 0.03828125
0 0.26015625 0.375 0.05625 0.0578125
0 0.3578125 0.4734375 0.04765625 0.046875
0 0.353125 0.534375 0.0515625 0.05390625
0 0.29609375 0.628125 0.04921875 0.05234375
0 0.3484375 0.67734375 0.05234375 0.05703125
0 0.28515625 0.47578125 0.04765625 0.0453125
0 0.31796875 0.42890625 0.0453125 0.04375
0 0.290625 0.440625 0.04921875 0.04453125
0 0.2453125 0.4375 0.04609375 0.0453125
0 0.50625 0.43984375 0.03671875 0.03515625
0 0.58359375 0.4140625 0.04609375 0.046875
0 0.63984375 0.434375 0.040625 0.04296875
0 0.5515625 0.44609375 0.0390625 0.03515625
0 0.6015625 0.45078125 0.040625 0.03984375
0 0.57578125 0.44453125 0.028125 0.0265625
0 0.65078125 0.49296875 0.0421875 0.03984375
0 0.6765625 0.32734375 0.046875 0.0421875
0 0.70390625 0.3515625 0.034375 0.03203125
0 0.8125 0.31640625 0.04921875 0.05078125
0 0.7734375 0.50625 0.04609375 0.040625
0 0.8421875 0.50390625 0.0421875 0.0484375
0 0.8109375 0.49609375 0.0421875 0.04140625
0 0.7953125 0.4640625 0.046875 0.04296875
0 0.8109375 0.43984375 0.03984375 0.0375
0 0.7734375 0.428125 0.046875 0.0453125
0 0.740625 0.440625 0.04375 0.0390625
0 0.7046875 0.42578125 0.04375 0.04140625
0 0.67265625 0.40546875 0.04140625 0.04609375
0 0.75859375 0.5609375 0.04296875 0.0453125
0 0.81640625 0.58828125 0.04453125 0.046875
0 0.6828125 0.5859375 0.05 0.0453125
0 0.7125 0.5609375 0.03828125 0.0375
0 0.6859375 0.5296875 0.03828125 0.0375
0 0.665625 0.5515625 0.0375 0.03515625
0 0.628125 0.575 0.04140625 0.040625
0 0.59296875 0.603125 0.0484375 0.0453125
0 0.5328125 0.63203125 0.03671875 0.03515625
0 0.51015625 0.528125 0.04296875 0.03828125
0 0.5203125 0.55546875 0.040625 0.0390625
0 0.61640625 0.54140625 0.03515625 0.0328125
0 0.590625 0.565625 0.03984375 0.0359375
0 0.6171875 0.48984375 0.034375 0.04140625
0 0.68046875 0.67734375 0.04375 0.04375
0 0.640625 0.67265625 0.0421875 0.04453125
0 0.6078125 0.6921875 0.0421875 0.040625
0 0.634375 0.73828125 0.0453125 0.059375
0 0.48984375 0.8421875 0.04453125 0.0390625
0 0.46640625 0.8015625 0.07578125 0.05703125
0 0.78203125 0.34453125 0.03828125 0.040625
0 0.4109375 0.16796875 0.0453125 0.04140625
0 0.6390625 0.221875 0.0515625 0.053125
0 0.1953125 0.3671875 0.0484375 0.046875
0 0.73203125 0.30078125 0.046875 0.04453125
0 0.7625 0.321875 0.03984375 0.0390625
0 0.7203125 0.33203125 0.040625 0.0375
0 0.7984375 0.41171875 0.040625 0.04140625
0 0.55 0.6421875 0.07265625 0.05625
0 0.52734375 0.50078125 0.04765625 0.0578125
0 0.29921875 0.15546875 0.04453125 0.034375
0 0.5484375 0.05078125 0.04765625 0.03125
0 0.3765625 0.0875 0.03828125 0.0359375
0 0.69453125 0.18359375 0.0484375 0.05234375
0 0.71875 0.153125 0.0453125 0.04453125