0 0.6757600867448423 0.39921875 0.056686337235821685 0.075
0 0.5894317013044187 0.33203125 0.07253859621281222 0.1140625
0 0.49134820442767674 0.25859375 0.05032725292686617 0.05625
0 0.40863726102009396 0.67890625 0.047293156517662284 0.071875
0 0.7156361738824681 0.5390625 0.045621572208706954 0.053125
0 0.5570338544042356 0.671875 0.04874657220870695 0.053125
0 0.5805844630118837 0.55703125 0.050290891490547905 0.05
0 0.5205100262436002 0.57109375 0.05029089149054773 0.05
0 0.46522308342519264 0.60234375 0.048710210772388504 0.046875
0 0.4200378484523073 0.62421875 0.04872839149054773 0.05
0 0.39943900214129935 0.575 0.04400453005422929 0.04375
0 0.4491390202916719 0.5234375 0.04554884933607006 0.040625
0 0.5012009691602037 0.475 0.04401362041330899 0.0453125
0 0.7290714391059745 0.43125 0.039317030054229284 0.04375
0 0.5915487132082754 0.42734375 0.04242384933607006 0.040625
0 0.569046999312629 0.45390625 0.040861349336070066 0.040625
0 0.5489708486486989 0.49453125 0.05341589149054791 0.05
0 0.43739247833358597 0.384375 0.058285198672140125 0.08125
0 0.2886247428697213 0.73046875 0.04717498184962743 0.0515625
0 0.11815770676536778 0.70390625 0.040888620413308895 0.0453125
0 0.07963906566760348 0.39453125 0.03301248789975157 0.034375
0 0.11276466217500317 0.3140625 0.03772725897699045 0.0390625
0 0.2290300116092691 0.28984375 0.04715680113146821 0.0484375
0 0.1932470477136226 0.31640625 0.05339771077238851 0.046875
0 0.29249761397040125 0.321875 0.06140110831306052 0.0796875
0 0.27962997530852385 0.39296875 0.05347043364502548 0.059375
0 0.2488577400410509 0.609375 0.0440136204133089 0.0453125
0 0.3152094478865732 0.6 0.03144998789975162 0.034375
0 0.5309708032727675 0.6234375 0.05346134328594587 0.0578125
0 0.4537163942210222 0.2359375 0.04400453005422946 0.04375
0 0.4272902496072165 0.259375 0.04558521077238851 0.046875
0 0.41683401775758916 0.2078125 0.04717498184962743 0.0515625
0 0.3326271894005621 0.23671875 0.050272710772388506 0.046875
0 0.3300379997054124 0.19453125 0.05178975897699045 0.0390625
0 0.4652442466803503 0.203125 0.04403180113146821 0.0484375
0 0.5156027949831481 0.13046875 0.04713862041330898 0.0453125
0 0.44922836123992677 0.1359375 0.04400453005422929 0.04375
0 0.33650110226293634 0.096875 0.047129530054229284 0.04375
0 0.28606983108750156 0.15703125 0.04400453005422929 0.04375
0 0.352612957354543 0.31484375 0.04558521077238851 0.046875
0 0.37560555064048884 0.37265625 0.04716589149054773 0.05
0 0.45096409894328654 0.3 0.04402271077238851 0.046875
0 0.32943907776785186 0.36015625 0.042460210772388506 0.046875
0 0.21771526170746497 0.225 0.04400453005422929 0.04375
0 0.1755959394005621 0.23671875 0.04714771077238855 0.046875
0 0.15707774355709234 0.2765625 0.03615566861791084 0.0375
0 0.19067149355709234 0.2765625 0.03460225897699045 0.0390625
0 0.16869247530852385 0.39296875 0.03775453005422928 0.04375
0 0.10526577956324998 0.36796875 0.04571247579950315 0.06875
0 0.20382599941082483 0.3890625 0.03772725897699045 0.0390625
0 0.2188288306947181 0.41640625 0.037718168617910844 0.0375
0 0.3900589360809124 0.43984375 0.040879530054229285 0.04375
0 0.4400816619786115 0.44375 0.03773634933607006 0.040625
0 0.3794941408031767 0.50390625 0.040870439695149675 0.0421875
0 0.35781458352338846 0.5375 0.040879530054229285 0.04375
0 0.35653388465485664 0.5859375 0.040888620413308895 0.0453125
0 0.1700191468533009 0.48671875 0.029887487899751618 0.034375
0 0.195160047419035 0.5109375 0.03459316861791084 0.0375
0 0.16949242690753025 0.53046875 0.03146816861791084 0.0375
0 0.12469755649422129 0.48515625 0.03774543969514967 0.0421875
0 0.31929750506816557 0.63125 0.03457498789975162 0.034375
0 0.23832930619963372 0.6796875 0.03459316861791084 0.0375
0 0.18767077604720855 0.70078125 0.03617384933607006 0.040625
0 0.14055488153159867 0.659375 0.040879530054229285 0.04375
0 0.1503747882456528 0.6015625 0.03773634933607006 0.040625
0 0.19154468890958276 0.5609375 0.03144998789975158 0.034375
0 0.307187869627742 0.5640625 0.03772725897699045 0.0390625
0 0.11501400516636143 0.56640625 0.03151362041330889 0.0453125
0 0.10596625809322766 0.62265625 0.03782725292686626 0.05625
0 0.3531866917382531 0.68203125 0.06911361436318471 0.0625
0 0.16353279751723088 0.44609375 0.06275453005422929 0.04375
0 0.21278232201231528 0.1828125 0.04082498789975162 0.034375
0 0.0813611678323439 0.55625 0.029887487899751576 0.034375
0 0.14148560157556525 0.55078125 0.03461134933607006 0.040625
0 0.21952878834384867 0.53671875 0.03458407825883123 0.0359375
0 0.19908045383850154 0.64765625 0.03303066861791084 0.0375
0 0.23174244203284075 0.4875 0.04084316861791084 0.0375
0 0.2525640021412993 0.575 0.03926248789975162 0.034375
0 0.08465836377400952 0.4515625 0.05030907220870699 0.053125
0 0.08509924618937097 0.52734375 0.04392271682251274 0.0296875
0 0.22483443276126272 0.64296875 0.03301248789975162 0.034375
0 0.3015645835233885 0.5375 0.03457498789975162 0.034375