0 0.61328125 0.6558070340612501 0.053125 0.05030907220870695
0 0.7421875 0.3597445794371816 0.0671875 0.06289088544042354
0 0.36484375 0.2970961511549093 0.0578125 0.05346134328594587
0 0.51328125 0.28295131704234555 0.065625 0.058194295081343925
0 0.5078125 0.15017063329912425 0.0859375 0.053624969749378956
0 0.690625 0.770200811286809 0.053125 0.05030907220870695
0 0.5625 0.8889149707313375 0.05625 0.04563975292686635
0 0.5640625 0.689687130372258 0.053125 0.05187157220870695
0 0.49375 0.6072836965308408 0.053125 0.05030907220870695
0 0.4875 0.7166950579671593 0.053125 0.053434072208706954
0 0.43046875 0.6451518560735654 0.053125 0.04718407220870695
0 0.584375 0.604412705704223 0.05 0.04716589149054791
0 0.6375 0.5642598834955159 0.05 0.04716589149054773
0 0.675 0.5093542148776051 0.053125 0.05030907220870695
0 0.665625 0.6195650070320828 0.05 0.050290891490547905
0 0.65859375 0.662574663647941 0.04375 0.047129530054229464
0 0.73046875 0.4809065071302787 0.059375 0.058157933645025396
0 0.6984375 0.4303116094914109 0.0578125 0.05971134328594587
0 0.6828125 0.36321501308220705 0.046875 0.04714771077238851
0 0.58046875 0.456779181601922 0.046875 0.04402271077238851
0 0.534375 0.5117348471947707 0.05625 0.05345225292686617
0 0.51328125 0.46107631704234553 0.05 0.04716589149054791
0 0.46328125 0.5730859585328933 0.0421875 0.040870439695149766
0 0.453125 0.49189504586691085 0.053125 0.053434072208706954
0 0.8453125 0.4349258657379268 0.0578125 0.05971134328594587
0 0.7984375 0.48597982651031535 0.059375 0.06128293364502539
0 0.8125 0.5210542632785987 0.05 0.044040891490547907
0 0.7515625 0.5807837872827039 0.040625 0.04554884933607006
0 0.7875 0.5844809590238726 0.04375 0.04400453005422929
0 0.7875 0.7376059590238727 0.059375 0.05347043364502539
0 0.79140625 0.7805519831261737 0.059375 0.04565793364502539
0 0.8046875 0.6460997150739969 0.05 0.04716589149054773
0 0.70390625 0.6857485432346323 0.0421875 0.05024543969514959
0 0.7578125 0.6721536758463854 0.0546875 0.05031816256778665
0 0.58515625 0.5458144105246833 0.0625 0.05348861436318479
0 0.66640625 0.289091711852543 0.05625 0.05657725292686626
0 0.58671875 0.19814907016560354 0.0625 0.06130111436318471
0 0.48984375 0.22293142242853986 0.0515625 0.04717498184962743
0 0.625 0.3362076063681529 0.0578125 0.07377384328594587
0 0.5078125 0.3986081332991242 0.0515625 0.044049981849627426
0 0.50859375 0.35563483811958446 0.05 0.04872839149054773
0 0.55625 0.4194200821676561 0.0359375 0.03145907825883114
0 0.40078125 0.40313707289607803 0.059375 0.056595433645025395
0 0.4265625 0.35923708197126436 0.046875 0.04714771077238851
0 0.46171875 0.349657548891973 0.0421875 0.04399543969514967
0 0.4609375 0.2879433440715128 0.040625 0.04398634933607006
0 0.4265625 0.29283083197126436 0.046875 0.05964771077238851
0 0.40234375 0.31719048253699844 0.0265625 0.029842036104353476
0 0.409375 0.48589957592114014 0.034375 0.03144998789975162
0 0.40390625 0.5335876421779189 0.05 0.044040891490547726
0 0.3828125 0.5079291120254936 0.0484375 0.04871930113146803
0 0.39140625 0.5719416150505557 0.046875 0.04558521077238851
0 0.37734375 0.6142109282822723 0.0515625 0.05029998184962743
0 0.32890625 0.6402739794137405 0.053125 0.05030907220870695
0 0.3375 0.7003802324388027 0.05 0.050290891490547905
0 0.19765625 0.6597875695764284 0.053125 0.05030907220870695
0 0.2234375 0.7237000786516147 0.0609375 0.056604524004105095
0 0.2578125 0.665687590751863 0.05 0.034665891490547905
0 0.2625 0.7031603196746242 0.046875 0.040897710772388504
0 0.29609375 0.6865586269544124 0.040625 0.04398634933607006
0 0.26875 0.5640614582383058 0.040625 0.03617384933607006
0 0.325 0.3496717053114395 0.0453125 0.048701120413308985
0 0.28515625 0.3413097594679698 0.05 0.04716589149054773
0 0.38359375 0.7977683168459538 0.059375 0.05347043364502539
0 0.490625 0.854958127249 0.0546875 0.04406816256778647
0 0.45625 0.8254706151487516 0.059375 0.050345433645025396
0 0.4421875 0.8763336783804683 0.05 0.04404089149054755
0 0.3046875 0.28494612997947455 0.059375 0.055032933645025484
0 0.246875 0.1954387232654204 0.0484375 0.04090680113146812
0 0.90390625 0.4408349772724412 0.0546875 0.055005662567786474
0 0.92265625 0.4844758929634857 0.0625 0.056613614363184794
0 0.86015625 0.5371832573266705 0.053125 0.05030907220870695
0 0.8609375 0.5848349621471307 0.065625 0.06444429508134383
0 0.81953125 0.6819508566627406 0.059375 0.04722043364502539
0 0.60078125 0.5105672569338869 0.040625 0.047111349336070064
0 0.32421875 0.5363950004909793 0.04375 0.042442030054229286
0 0.2859375 0.5373989642884299 0.046875 0.04402271077238851
0 0.33984375 0.5027103469001831 0.0359375 0.05020907825883114
0 0.5546875 0.5944291725267357 0.028125 0.031413626463433174
0 0.55390625 0.3280274677062755 0.040625 0.03617384933607006
0 0.56015625 0.35611610626995704 0.04375 0.04400453005422929
0 0.584375 0.392693955704223 0.040625 0.04554884933607006
0 0.63984375 0.4517462479568966 0.046875 0.050272710772388506
0 0.640625 0.40799170277735675 0.05 0.04872839149054773
0 0.38125 0.7368444523845732 0.040625 0.04398634933607006
0 0.44296875 0.7364853832009284 0.0390625 0.047102258976990365
0 0.41484375 0.7710240096643615 0.04375 0.040879530054229285
0 0.43671875 0.6982404946372468 0.0375 0.04084316861791084
0 0.28515625 0.5014660094679698 0.034375 0.03457498789975162
0 0.8703125 0.655092919992653 0.04375 0.04556703005422928
0 0.859375 0.6926565525062103 0.04375 0.040879530054229285