0 0.6094451184684013 0.659375 0.05341589149054773 0.05
0 0.7400694463344492 0.3640625 0.0675511143631848 0.0625
0 0.3631029462362532 0.29921875 0.05812157220870695 0.053125
0 0.51161771428843 0.2859375 0.06596134328594587 0.0578125
0 0.5069216448101974 0.153125 0.08624657220870695 0.053125
0 0.6861207270760494 0.77421875 0.05341589149054773 0.05
0 0.5573094049655383 0.8921875 0.056513620413308985 0.0453125
0 0.5600309257481896 0.69296875 0.05342498184962743 0.0515625
0 0.4902002147794093 0.61015625 0.05341589149054773 0.05
0 0.483313889643836 0.71953125 0.053434072208706954 0.053125
0 0.4267007961614985 0.64765625 0.05339771077238851 0.046875
0 0.5808388503180287 0.6078125 0.050272710772388506 0.046875
0 0.634195654474559 0.56796875 0.050272710772388506 0.046875
0 0.6720138170423455 0.51328125 0.05341589149054791 0.05
0 0.6619979467272324 0.6234375 0.050290891490547905 0.05
0 0.654716711852543 0.66640625 0.04402271077238851 0.046875
0 0.7276461935057787 0.48515625 0.05971134328594587 0.0578125
0 0.6959103801758662 0.434375 0.058157933645025396 0.059375
0 0.6806762656162898 0.3671875 0.04714771077238851 0.046875
0 0.5777916392510526 0.46015625 0.047129530054229284 0.04375
0 0.531379726683266 0.51484375 0.05655907220870695 0.053125
0 0.5105814133533535 0.4640625 0.050272710772388506 0.046875
0 0.4599314526791609 0.57578125 0.04242384933607006 0.040625
0 0.45024790135130105 0.49453125 0.053434072208706954 0.053125
0 0.8427535639190875 0.43984375 0.058157933645025396 0.059375
0 0.795583127249 0.490625 0.05972952400410527 0.0609375
0 0.8094410941697087 0.52578125 0.050254530054229106 0.04375
0 0.7481581605246832 0.58515625 0.040888620413308985 0.0453125
0 0.7840729346269841 0.5890625 0.04400453005422946 0.04375
0 0.7831820794371817 0.7421875 0.05968407220870695 0.053125
0 0.7868383445624921 0.78515625 0.05964771077238851 0.046875
0 0.8009013654433392 0.65078125 0.050272710772388506 0.046875
0 0.6998928564663488 0.68984375 0.04247839149054773 0.05
0 0.7538763745185255 0.6765625 0.05497839149054773 0.05
0 0.5819609887835144 0.54921875 0.06280907220870695 0.053125
0 0.6647018076725717 0.29296875 0.05657725292686635 0.05625
0 0.5855460936787293 0.2015625 0.0628545240041051 0.0609375
0 0.48853019311299517 0.22578125 0.05183521077238851 0.046875
0 0.6230228469001832 0.33984375 0.05823974687674198 0.0734375
0 0.5054762777165382 0.4015625 0.05181703005422946 0.04375
0 0.5065075125912277 0.35859375 0.050281801131468205 0.0484375
0 0.5537910578689634 0.42265625 0.0361193071815924 0.03125
0 0.3984223018188392 0.40546875 0.05970225292686617 0.05625
0 0.4244580818730685 0.36171875 0.04714771077238851 0.046875
0 0.4596688740275462 0.35234375 0.042442030054229286 0.04375
0 0.4592466932111911 0.290625 0.040879530054229285 0.04375
0 0.4248444221339522 0.2953125 0.04722043364502539 0.059375
0 0.40048477156821816 0.31953125 0.026735216822512696 0.0296875
0 0.4065342627876195 0.48828125 0.034556807181592396 0.03125
0 0.40078825683569114 0.5359375 0.050254530054229286 0.04375
0 0.3798444977605048 0.51015625 0.04871930113146812 0.0484375
0 0.3880655430382405 0.57421875 0.04713862041330889 0.0453125
0 0.3737576033430908 0.61640625 0.051853391490547726 0.05
0 0.32517011241827715 0.6421875 0.05341589149054773 0.05
0 0.3334138835937118 0.70234375 0.05029089149054773 0.05
0 0.19381102810932171 0.6609375 0.05341589149054773 0.05
0 0.2192195733870574 0.725 0.06126475292686617 0.05625
0 0.2539309166730032 0.6671875 0.05019998789975162 0.034375
0 0.2584002480550924 0.7046875 0.047111349336070064 0.040625
0 0.29208944682542837 0.68828125 0.040879530054229285 0.04375
0 0.26545929001317836 0.565625 0.04083407825883123 0.0359375
0 0.32295466920708604 0.3515625 0.04559430113146821 0.0484375
0 0.28316091618202394 0.34296875 0.050272710772388506 0.046875
0 0.37893948615123574 0.8 0.05968407220870695 0.053125
0 0.48563439286528987 0.8578125 0.054942030054229284 0.04375
0 0.4514321096878026 0.828125 0.059665891490547726 0.05
0 0.43707417301771506 0.87890625 0.050254530054229286 0.04375
0 0.30301941910889013 0.28671875 0.05969316256778665 0.0546875
0 0.24572961475596816 0.196875 0.048673849336070066 0.040625
0 0.901310952482769 0.44609375 0.05500566256778683 0.0546875
0 0.9198064224285399 0.48984375 0.06282725292686635 0.05625
0 0.8570018953993728 0.5421875 0.053415891490547554 0.05
0 0.8575058894474443 0.58984375 0.06599770472226432 0.0640625
0 0.8155360371845081 0.68671875 0.05964771077238851 0.046875
0 0.5977905218628058 0.5140625 0.040897710772388504 0.046875
0 0.32108712129707173 0.53828125 0.04399543969514967 0.0421875
0 0.2828013261175319 0.5390625 0.047129530054229284 0.04375
0 0.33690756401728345 0.5046875 0.036228391490547726 0.05
0 0.5512104376520461 0.59765625 0.02830680718159222 0.03125
0 0.551979093875121 0.33125 0.04083407825883114 0.0359375
0 0.5580654674116878 0.359375 0.04400453005422946 0.04375
0 0.582070593973317 0.39609375 0.040888620413308985 0.0453125
0 0.6371939103282914 0.45546875 0.04716589149054791 0.05
0 0.6382296903825206 0.41171875 0.05028180113146803 0.0484375
0 0.37695026015534083 0.7390625 0.040879530054229285 0.04375
0 0.4386690101553408 0.7390625 0.03933521077238851 0.046875
0 0.4103440222555892 0.7734375 0.04398634933607006 0.040625
0 0.43264172395279143 0.70078125 0.03773634933607006 0.040625
0 0.2822291543763631 0.503125 0.03457498789975162 0.034375
0 0.8664718232888615 0.66015625 0.04401362041330899 0.0453125
0 0.8553161546709507 0.69765625 0.04398634933607006 0.040625