0 0.415625 0.2852305355151783 0.05 0.05654089149054773
0 0.37109375 0.3107527102814093 0.053125 0.05968407220870695
0 0.82421875 0.2610451644144984 0.075 0.05981133723582168
0 0.528125 0.1296350413689108 0.0546875 0.08156816256778661
0 0.88203125 0.37856900770044416 0.04375 0.04400453005422929
0 0.66953125 0.2781139688656162 0.0578125 0.06439884328594588
0 0.38671875 0.34912486387220537 0.0375 0.037718168617910844
0 0.26015625 0.37651354478675636 0.05625 0.05813975292686626
0 0.3578125 0.47551919222923245 0.046875 0.04714771077238851
0 0.353125 0.5364294211519935 0.0515625 0.05342498184962743
0 0.29609375 0.6298476230455876 0.05 0.05341589149054773
0 0.3484375 0.6793709000747548 0.053125 0.05655907220870695
0 0.28515625 0.4774402405320302 0.046875 0.04558521077238851
0 0.31796875 0.4307561380727022 0.0453125 0.04401362041330899
0 0.290625 0.4423158067888089 0.05 0.044040891490547726
0 0.2453125 0.4389271863755 0.046875 0.04558521077238851
0 0.50625 0.4427890263417962 0.0375 0.03459316861791084
0 0.58359375 0.41745774911623723 0.046875 0.04714771077238851
0 0.63984375 0.4380975020431035 0.040625 0.04398634933607006
0 0.5515625 0.44930264675510506 0.0390625 0.03460225897699054
0 0.6015625 0.4542810382456528 0.040625 0.040861349336070066
0 0.57578125 0.4478810473208391 0.028125 0.026726126463433177
0 0.65078125 0.4967548845566608 0.0421875 0.040870439695149585
0 0.6765625 0.3312798754814745 0.046875 0.042460210772388506
0 0.70390625 0.3556577067653678 0.034375 0.03144998789975162
0 0.8125 0.3211332367214012 0.05 0.05029089149054773
0 0.7734375 0.5107497277444107 0.046875 0.040897710772388504
0 0.8421875 0.508805953543914 0.0421875 0.048682939695149585
0 0.8109375 0.5008116463623216 0.0421875 0.040870439695149585
0 0.7953125 0.46868949277152544 0.046875 0.04402271077238851
0 0.8109375 0.44456164636232154 0.040625 0.03773634933607006
0 0.7734375 0.43262472774441074 0.046875 0.04558521077238851
0 0.740625 0.4449338302037388 0.04375 0.039317030054229284
0 0.7046875 0.4298810019449076 0.04375 0.040879530054229285
0 0.67265625 0.4093821495837754 0.040625 0.047111349336070064
0 0.75859375 0.5653508693331544 0.04375 0.04556703005422928
0 0.81640625 0.5930309626191003 0.04375 0.047129530054229284
0 0.6828125 0.589909986917793 0.05 0.04560339149054773
0 0.7125 0.5650827037403057 0.0375 0.037718168617910844
0 0.6859375 0.5336781676359521 0.0375 0.037718168617910844
0 0.665625 0.5554349929679171 0.0375 0.03459316861791084
0 0.628125 0.5786543243500064 0.040625 0.040861349336070066
0 0.59296875 0.6065747912707149 0.0484375 0.04559430113146803
0 0.5328125 0.6351310624461497 0.0375 0.03459316861791084
0 0.51015625 0.5310930022394952 0.04375 0.03775453005422928
0 0.5203125 0.5584958395735127 0.040625 0.039298849336070064
0 0.61640625 0.5449923966569091 0.034375 0.03301248789975162
0 0.590625 0.5690611557320955 0.040625 0.03617384933607006
0 0.6171875 0.493434441836449 0.034375 0.04082498789975162
0 0.68046875 0.6813026013791735 0.04375 0.04400453005422929
0 0.640625 0.6763832972226433 0.0421875 0.04399543969514959
0 0.6078125 0.6957236496819712 0.0421875 0.040870439695149585
0 0.634375 0.7419719357863247 0.0453125 0.05963862041330899
0 0.48984375 0.84503732757146 0.04375 0.039317030054229464
0 0.46640625 0.8042759721852659 0.075 0.056686337235821685
0 0.78203125 0.3490809747193487 0.0375 0.04084316861791084
0 0.4109375 0.17035951443793945 0.0453125 0.040888620413308895
0 0.6390625 0.22559295686356365 0.0515625 0.05342498184962743
0 0.1953125 0.3683237948849522 0.0484375 0.04715680113146812
0 0.73203125 0.3050400832288009 0.046875 0.04402271077238851
0 0.7625 0.32631109523085344 0.040625 0.039298849336070064
0 0.7203125 0.33622190553570375 0.040625 0.03773634933607006
0 0.7984375 0.41636392348968465 0.040625 0.040861349336070066
0 0.55 0.6453873063960254 0.071875 0.056668156517662285
0 0.52734375 0.503849246189371 0.046875 0.058085210772388506
0 0.29921875 0.1572095537637468 0.04375 0.034629530054229286
0 0.5484375 0.05397196603694582 0.046875 0.03152271077238853
0 0.3765625 0.08969077653818787 0.0375 0.03615566861791084
0 0.69453125 0.1876344146108901 0.0484375 0.05340680113146816
0 0.71875 0.15730656517662417 0.0453125 0.0440136204133089