0 0.6711149132551577 0.40313669476331526 0.056686337235821685 0.07532725292686618
0 0.5855682986955812 0.3354492250139363 0.07253859621281222 0.11448065651766245
0 0.48833929557232325 0.26144357757146014 0.05032725292686617 0.05654089149054773
0 0.40073773897990606 0.681260653001621 0.04729315651766246 0.0721477107723885
0 0.7093638261175318 0.5432077037403056 0.045621572208706954 0.05338862041330898
0 0.5492161455957645 0.6750929871141846 0.04874657220870695 0.05340680113146821
0 0.5741030369881163 0.5603901376799187 0.050290891490547905 0.050290891490547905
0 0.5138649737563997 0.5741026588553535 0.05029089149054773 0.05029089149054773
0 0.4582144165748073 0.605029951108027 0.048710210772388504 0.04715680113146821
0 0.4127746515476927 0.6266413306947181 0.04872839149054773 0.05028180113146803
0 0.3927484978587007 0.5773044060266831 0.04400453005422929 0.04400453005422929
0 0.4430484797083281 0.526032797517231 0.04554884933607006 0.040888620413308985
0 0.4956740308397962 0.477899824546398 0.04401362041330899 0.04556703005422928
0 0.7240535608940255 0.43547701697202224 0.039317030054229284 0.04397725897699054
0 0.5865762867917246 0.4307708153730159 0.04242384933607006 0.040870439695149585
0 0.563765500687371 0.45720150516636143 0.040861349336070066 0.040861349336070066
0 0.543216651351301 0.4977083304983264 0.05341589149054791 0.05030907220870695
0 0.432920021666414 0.38690666500367354 0.058285198672140125 0.08158634328594587
0 0.2801252571302787 0.7321231953524905 0.04717498184962743 0.05183521077238851
0 0.10996729323463221 0.7045698462128122 0.04088862041330894 0.04554884933607006
0 0.07504843433239652 0.3949812227744411 0.03301248789975157 0.034565897540672005
0 0.10911033782499684 0.3147079154946529 0.03772725897699045 0.03928066861791084
0 0.22565748839073088 0.2911663972460844 0.04715680113146821 0.048710210772388504
0 0.18956545228637742 0.3175198189872532 0.05339771077238855 0.04718407220870695
0 0.28875238602959874 0.32356580678880886 0.06140110831306052 0.0800420240041051
0 0.27505752469147615 0.39458228873663215 0.05347043364502548 0.05968407220870695
0 0.2417672599589491 0.6108021863755 0.0440136204133089 0.04556703005422928
0 0.3082280521134268 0.6018135266363837 0.03144998789975162 0.03455680718159222
0 0.5237166967272325 0.626505496189371 0.05346134328594587 0.05812157220870695
0 0.45097110577897775 0.23856915895354933 0.04400453005422946 0.04400453005422929
0 0.4242722503927835 0.2618521228491958 0.04558521077238851 0.04713862041330898
0 0.41441598224241083 0.21023053551517829 0.04873748184962743 0.05184430113146821
0 0.3298728105994379 0.23864590612487896 0.050272710772388506 0.04716589149054773
0 0.3277745002945876 0.19644477058625953 0.05178975897699045 0.03936248184962734
0 0.4628807533196497 0.20582483664664647 0.04403180113146821 0.048692030054229285
0 0.5140847050168519 0.13346402331673404 0.04713862041330898 0.04558521077238851
0 0.4476466387600732 0.1385464330558503 0.04556703005422928 0.0440136204133089
0 0.33537389773706366 0.09882942720211782 0.047129530054229284 0.04402271077238853
0 0.28424266891249844 0.15869024053203024 0.04400453005422929 0.04400453005422929
0 0.348949542645457 0.31688453561337415 0.04558521077238851 0.04713862041330889
0 0.3712694493595111 0.3748288458200286 0.04716589149054773 0.050272710772388506
0 0.44747340105671346 0.3026134782353901 0.04402271077238851 0.047129530054229284
0 0.3252484222321481 0.3620606802271799 0.042460210772388506 0.047120439695149674
0 0.21509723829253505 0.22625901473252705 0.04400453005422929 0.04400453005422929
0 0.17284156059943792 0.23773232503737737 0.04714771077238855 0.04714771077238851
0 0.15385975644290767 0.27746699072842196 0.03615566861791084 0.03770907825883123
0 0.18745350644290765 0.2776624334486337 0.03460225897699045 0.03926248789975162
0 0.16412002469147616 0.39393687324197935 0.03775453005422928 0.04396816861791084
0 0.10098422043675001 0.36856871369925476 0.045712475799503195 0.06901362041330898
0 0.19929900058917518 0.3902351563212707 0.03772725897699045 0.03928066861791084
0 0.21398366930528184 0.4176652647325271 0.037718168617910844 0.037718168617910844
0 0.3849410639190876 0.4420981590517452 0.040879530054229285 0.04398634933607006
0 0.4349183380213885 0.44629530054229294 0.03773634933607006 0.04084316861791084
0 0.37363085919682326 0.5060970265381879 0.040870439695149675 0.04242384933607006
0 0.3515604164766115 0.5395635115110732 0.040879530054229285 0.04398634933607006
0 0.34971611534514335 0.5879919211519936 0.040888620413308895 0.04554884933607006
0 0.1643558531466991 0.4876914184215191 0.029887487899751618 0.034547716822512696
0 0.189214952580965 0.5120556141667929 0.03459316861791084 0.03769998789975162
0 0.16332007309246976 0.5314368732419792 0.03146816861791084 0.03768180718159222
0 0.1190524435057787 0.4858652980082102 0.03774543969514967 0.04240566861791084
0 0.3119524949318344 0.6330862525340828 0.03457498789975162 0.03457498789975162
0 0.23042069380036628 0.6810510538619428 0.03615566861791084 0.037709078258831144
0 0.17951672395279145 0.7018493671918551 0.03617384933607006 0.04083407825883114
0 0.13288261846840133 0.6601704064194666 0.040879530054229285 0.04398634933607006
0 0.14337521175434717 0.6024169937534841 0.039307939695149674 0.04241475897699054
0 0.18501781109041723 0.5620328882690939 0.03144998789975158 0.03455680718159222
0 0.300624630372258 0.5658305748409856 0.03772725897699045 0.03928066861791084
0 0.10842349483363858 0.5670562106741927 0.03151362041330889 0.0454943071815924
0 0.09872124190677234 0.6232516685197149 0.037827252926866214 0.056468168617910666
0 0.34525080826174687 0.6840629452542946 0.06911361436318471 0.06289997579950324
0 0.15834220248276915 0.44703005698520054 0.06275453005422929 0.0441136143631848
0 0.2106551779876847 0.1840442436552882 0.04082498789975162 0.03461134933607006
0 0.0748888321676561 0.5567045179539809 0.029887487899751576 0.034547716822512696
0 0.13507689842443477 0.5515857467785461 0.03462043969514968 0.04238748789975162
0 0.21328371165615131 0.537977764732527 0.03458407825883123 0.036137487899751616
0 0.19154454616149846 0.6487925448849522 0.03303066861791084 0.0376908975406721
0 0.22607005796715923 0.488831737605164 0.04084316861791084 0.03773634933607006
0 0.24587349785870066 0.5764499122731991 0.03926248789975162 0.03460225897699054
0 0.07940413622599048 0.4520397438516799 0.05030907220870699 0.05341589149054791
0 0.078963253810629 0.5278209938516799 0.04392271682251274 0.029942030054229463
0 0.2173530672387373 0.6442550358097658 0.03301248789975162 0.034565897540672096
0 0.2953104164766115 0.539236258584207 0.03457498789975162 0.03457498789975162