0 0.6734375 0.39921875 0.05625 0.07421875
0 0.5875 0.33203125 0.07109375 0.1140625
0 0.48984375 0.25859375 0.04921875 0.05625
0 0.4046875 0.67890625 0.04609375 0.071875
0 0.7125 0.5390625 0.0453125 0.05390625
0 0.553125 0.671875 0.0484375 0.053125
0 0.57734375 0.55703125 0.05 0.05
0 0.5171875 0.57109375 0.05 0.04921875
0 0.46171875 0.60234375 0.0484375 0.04765625
0 0.41640625 0.62421875 0.0484375 0.04921875
0 0.39609375 0.575 0.04296875 0.04375
0 0.44609375 0.5234375 0.0453125 0.04140625
0 0.4984375 0.475 0.04296875 0.0453125
0 0.7265625 0.43125 0.0390625 0.04375
0 0.5890625 0.42734375 0.0421875 0.04140625
0 0.56640625 0.45390625 0.03984375 0.04140625
0 0.54609375 0.49453125 0.053125 0.05078125
0 0.43515625 0.384375 0.0578125 0.08125
0 0.284375 0.73046875 0.04765625 0.0515625
0 0.1140625 0.70390625 0.040625 0.0453125
0 0.07734375 0.39453125 0.0328125 0.03359375
0 0.1109375 0.3140625 0.03828125 0.0390625
0 0.22734375 0.28984375 0.046875 0.0484375
0 0.19140625 0.31640625 0.053125 0.04609375
0 0.290625 0.321875 0.0609375 0.0796875
0 0.27734375 0.39296875 0.053125 0.05859375
0 0.2453125 0.609375 0.04453125 0.0453125
0 0.31171875 0.6 0.03203125 0.03359375
0 0.52734375 0.6234375 0.05234375 0.0578125
0 0.45234375 0.2359375 0.04296875 0.04296875
0 0.42578125 0.259375 0.0453125 0.046875
0 0.415625 0.2078125 0.04765625 0.0515625
0 0.33125 0.23671875 0.05 0.04609375
0 0.32890625 0.19453125 0.0515625 0.0390625
0 0.4640625 0.203125 0.04453125 0.0484375
0 0.51484375 0.13046875 0.04609375 0.0453125
0 0.4484375 0.1359375 0.04453125 0.04375
0 0.3359375 0.096875 0.04765625 0.04296875
0 0.28515625 0.15703125 0.04375 0.04375
0 0.35078125 0.31484375 0.0453125 0.04765625
0 0.3734375 0.37265625 0.04609375 0.05078125
0 0.44921875 0.3 0.04375 0.04765625
0 0.32734375 0.36015625 0.0421875 0.04609375
0 0.21640625 0.225 0.04375 0.04296875
0 0.17421875 0.23671875 0.04609375 0.04765625
0 0.15546875 0.2765625 0.0359375 0.0375
0 0.1890625 0.2765625 0.03515625 0.0390625
0 0.16640625 0.39296875 0.0375 0.04296875
0 0.103125 0.36796875 0.0453125 0.06953125
0 0.2015625 0.3890625 0.03671875 0.0390625
0 0.21640625 0.41640625 0.0375 0.03828125
0 0.3875 0.43984375 0.04140625 0.04453125
0 0.4375 0.44375 0.03671875 0.040625
0 0.3765625 0.50390625 0.03984375 0.0421875
0 0.3546875 0.5375 0.04140625 0.04296875
0 0.353125 0.5859375 0.03984375 0.0453125
0 0.1671875 0.48671875 0.0296875 0.034375
0 0.1921875 0.5109375 0.03359375 0.03828125
0 0.16640625 0.53046875 0.03125 0.03671875
0 0.121875 0.48515625 0.03828125 0.0421875
0 0.315625 0.63125 0.034375 0.03515625
0 0.234375 0.6796875 0.03515625 0.0375
0 0.18359375 0.70078125 0.0359375 0.04140625
0 0.13671875 0.659375 0.04140625 0.04375
0 0.146875 0.6015625 0.03828125 0.04140625
0 0.18828125 0.5609375 0.03203125 0.03515625
0 0.30390625 0.5640625 0.0375 0.0390625
0 0.11171875 0.56640625 0.03203125 0.0453125
0 0.10234375 0.62265625 0.0375 0.05546875
0 0.34921875 0.68203125 0.06875 0.0625
0 0.1609375 0.44609375 0.06171875 0.04296875
0 0.21171875 0.1828125 0.04140625 0.03515625
0 0.078125 0.55625 0.0296875 0.03359375
0 0.13828125 0.55078125 0.03359375 0.04140625
0 0.21640625 0.53671875 0.034375 0.0359375
0 0.1953125 0.64765625 0.0328125 0.03828125
0 0.22890625 0.4875 0.040625 0.03671875
0 0.24921875 0.575 0.0390625 0.03359375
0 0.08203125 0.4515625 0.04921875 0.05390625
0 0.08203125 0.52734375 0.04453125 0.0296875
0 0.22109375 0.64296875 0.0328125 0.034375
0 0.2984375 0.5375 0.03515625 0.034375