0 0.455 0.821 0.038 0.03
0 0.345 0.7975 0.054 0.047
0 0.453 0.7435 0.036 0.027
0 0.7405 0.7235 0.037 0.027
0 0.5165 0.701 0.035 0.026
0 0.677 0.6875 0.058 0.035
0 0.4325 0.6615 0.035 0.027
0 0.6415 0.653 0.025 0.018
0 0.5075 0.6515 0.025 0.019
0 0.5785 0.6545 0.025 0.031
0 0.713 0.6335 0.038 0.027
0 0.6075 0.627 0.019 0.014
0 0.5175 0.6295 0.025 0.019
0 0.1545 0.634 0.057 0.03
0 0.6845 0.616 0.019 0.014
0 0.6385 0.616 0.019 0.014
0 0.6105 0.603 0.019 0.014
0 0.4345 0.592 0.019 0.014
0 0.6825 0.59 0.019 0.014
0 0.5425 0.59 0.019 0.014
0 0.475 0.5895 0.026 0.019
0 0.6335 0.585 0.019 0.014
0 0.5675 0.592 0.033 0.028
0 0.5165 0.584 0.019 0.014
0 0.6555 0.5855 0.021 0.023
0 0.6085 0.581 0.019 0.016
0 0.424 0.575 0.012 0.01
0 0.544 0.5745 0.012 0.009
0 0.4435 0.575 0.019 0.014
0 0.723 0.5775 0.036 0.027
0 0.391 0.571 0.042 0.018
0 0.5835 0.5615 0.013 0.009
0 0.824 0.568 0.038 0.026
0 0.2595 0.5755 0.053 0.045
0 0.5315 0.559 0.019 0.014
0 0.4895 0.55 0.013 0.01
0 0.6785 0.549 0.019 0.014
0 0.594 0.549 0.02 0.022
0 0.6105 0.544 0.019 0.014
0 0.508 0.556 0.024 0.038
0 0.5315 0.54 0.013 0.01
0 0.5555 0.54 0.027 0.024
0 0.402 0.541 0.034 0.026
0 0.522 0.5305 0.012 0.009
0 0.4545 0.533 0.029 0.016
0 0.495 0.529 0.012 0.01
0 0.577 0.5275 0.012 0.009
0 0.6055 0.523 0.019 0.014
0 0.67 0.5265 0.02 0.023
0 0.4305 0.5215 0.027 0.013
0 0.5 0.5185 0.012 0.009
0 0.647 0.52 0.018 0.014
0 0.52 0.518 0.012 0.01
0 0.565 0.513 0.022 0.016
0 0.455 0.5065 0.012 0.009
0 0.5825 0.507 0.017 0.012
0 0.5165 0.504 0.017 0.012
0 0.486 0.505 0.018 0.014
0 0.6545 0.4975 0.025 0.017
0 0.5665 0.495 0.019 0.016
0 0.4585 0.49 0.013 0.01
0 0.6125 0.4885 0.025 0.017
0 0.5345 0.488 0.023 0.018
0 0.749 0.4915 0.036 0.027
0 0.4885 0.4725 0.017 0.013
0 0.6635 0.4745 0.025 0.019
0 0.5165 0.4685 0.017 0.013
0 0.4545 0.4735 0.043 0.029
0 0.4615 0.457 0.019 0.014
0 0.4815 0.448 0.019 0.014
0 0.583 0.4515 0.048 0.029
0 0.4145 0.4325 0.025 0.019
0 0.4805 0.425 0.047 0.026
0 0.404 0.407 0.036 0.026
0 0.379 0.368 0.036 0.026
0 0.471 0.3515 0.046 0.033
0 0.2165 0.347 0.037 0.028
0 0.471 0.276 0.038 0.028
