1 0.4405 0.8415 0.021 0.015
1 0.3745 0.8445 0.035 0.021
1 0.6 0.839 0.02 0.016
1 0.534 0.831 0.028 0.028
1 0.3705 0.8225 0.021 0.015
1 0.498 0.82 0.02 0.016
1 0.452 0.8155 0.02 0.015
1 0.5405 0.806 0.021 0.016
1 0.2895 0.804 0.021 0.016
1 0.59 0.81 0.038 0.034
1 0.2625 0.799 0.021 0.022
1 0.398 0.7905 0.02 0.015
1 0.524 0.786 0.02 0.016
1 0.629 0.79 0.03 0.026
1 0.4635 0.784 0.019 0.014
1 0.3385 0.784 0.029 0.014
1 0.4815 0.773 0.019 0.014
1 0.2895 0.7735 0.021 0.015
1 0.701 0.775 0.038 0.032
1 0.3875 0.767 0.021 0.016
1 0.246 0.7695 0.03 0.029
1 0.5935 0.7555 0.017 0.013
1 0.3595 0.75 0.021 0.016
1 0.6115 0.746 0.017 0.012
1 0.674 0.743 0.016 0.012
1 0.407 0.7455 0.044 0.027
1 0.2305 0.74 0.021 0.016
1 0.6175 0.732 0.017 0.012
1 0.513 0.7305 0.018 0.015
1 0.7455 0.7275 0.021 0.015
1 0.2205 0.714 0.021 0.016
1 0.4705 0.7195 0.041 0.029
1 0.6345 0.706 0.017 0.012
1 0.7165 0.703 0.017 0.012
1 0.3155 0.699 0.021 0.016
1 0.7465 0.696 0.021 0.016
1 0.4195 0.6915 0.015 0.009
1 0.6065 0.69 0.017 0.012
1 0.2865 0.6875 0.021 0.015
1 0.4625 0.683 0.015 0.01
1 0.2165 0.6835 0.021 0.015
1 0.4195 0.679 0.015 0.01
1 0.47 0.6715 0.022 0.017
1 0.1785 0.6665 0.021 0.015
1 0.4435 0.6595 0.015 0.009
1 0.4615 0.6575 0.015 0.009
1 0.717 0.664 0.03 0.024
1 0.701 0.6545 0.016 0.013
1 0.7615 0.6405 0.021 0.015
1 0.8345 0.632 0.021 0.016
1 0.174 0.625 0.02 0.016
1 0.0945 0.614 0.021 0.016
1 0.7825 0.608 0.021 0.016
1 0.747 0.604 0.018 0.014
1 0.1675 0.603 0.021 0.016
1 0.6815 0.5915 0.015 0.009
1 0.8235 0.5965 0.039 0.033
1 0.365 0.5885 0.09 0.027
1 0.701 0.5745 0.014 0.009
1 0.0715 0.576 0.021 0.016
1 0.8765 0.591 0.059 0.05
1 0.1415 0.583 0.041 0.034
1 0.8695 0.572 0.021 0.016
1 0.7425 0.568 0.015 0.01
1 0.1045 0.5625 0.021 0.015
1 0.7405 0.557 0.015 0.01
1 0.6635 0.5505 0.015 0.009
1 0.623 0.5515 0.03 0.013
1 0.8705 0.549 0.021 0.016
1 0.1335 0.5475 0.021 0.015
1 0.802 0.5385 0.014 0.009
1 0.1295 0.532 0.017 0.012
1 0.8585 0.5275 0.021 0.015
1 0.7935 0.522 0.015 0.01
1 0.7175 0.522 0.015 0.01
1 0.0925 0.521 0.019 0.014
1 0.7315 0.5155 0.015 0.009
1 0.152 0.514 0.02 0.016
1 0.8095 0.5075 0.015 0.009
1 0.176 0.505 0.018 0.014
1 0.1115 0.5055 0.037 0.021
1 0.774 0.501 0.024 0.018
1 0.5325 0.496 0.015 0.01
1 0.8655 0.492 0.021 0.016
1 0.546 0.4835 0.014 0.009
1 0.898 0.485 0.02 0.016
1 0.525 0.4805 0.014 0.009
1 0.8195 0.482 0.019 0.014
1 0.596 0.478 0.014 0.01
1 0.1535 0.478 0.029 0.018
1 0.2145 0.474 0.017 0.012
1 0.6175 0.472 0.019 0.01
1 0.4445 0.4675 0.013 0.015
1 0.3345 0.465 0.015 0.01
1 0.545 0.464 0.014 0.01
1 0.2865 0.4635 0.015 0.009
1 0.36 0.4715 0.158 0.033
1 0.176 0.462 0.018 0.014
1 0.1355 0.462 0.021 0.016
1 0.247 0.4575 0.014 0.009
1 0.2195 0.459 0.031 0.02
1 0.569 0.4475 0.03 0.017
1 0.6765 0.443 0.031 0.01
1 0.898 0.4445 0.02 0.015
1 0.4905 0.4345 0.025 0.009
1 0.2055 0.433 0.021 0.016
1 0.8445 0.4305 0.019 0.015
1 0.6795 0.4295 0.017 0.013
1 0.5485 0.426 0.043 0.012
1 0.6195 0.4225 0.017 0.013
1 0.5855 0.4225 0.017 0.013
1 0.3865 0.4165 0.015 0.009
1 0.4145 0.4135 0.015 0.009
1 0.4365 0.4125 0.015 0.009
1 0.4905 0.4085 0.015 0.009
1 0.2595 0.4065 0.015 0.009
1 0.824 0.408 0.034 0.016
1 0.7815 0.406 0.019 0.014
1 0.276 0.403 0.014 0.01
1 0.6405 0.4025 0.017 0.013
1 0.6735 0.4025 0.035 0.019
1 0.6175 0.399 0.019 0.014
1 0.5075 0.3915 0.015 0.009
1 0.233 0.394 0.028 0.016
1 0.7425 0.379 0.019 0.014
1 0.2875 0.374 0.017 0.012
1 0.651 0.372 0.018 0.014
1 0.6305 0.3705 0.017 0.013
1 0.3445 0.372 0.021 0.018
1 0.774 0.369 0.018 0.014
1 0.301 0.361 0.016 0.012
1 0.4705 0.3575 0.019 0.017
1 0.3805 0.355 0.019 0.014
1 0.6305 0.353 0.017 0.012
1 0.352 0.351 0.016 0.012
1 0.401 0.345 0.018 0.014
1 0.3325 0.344 0.017 0.012
1 0.673 0.3375 0.018 0.015
1 0.499 0.3365 0.016 0.013
1 0.3065 0.3365 0.035 0.015
1 0.5385 0.333 0.017 0.012
1 0.5175 0.333 0.017 0.012
1 0.589 0.336 0.032 0.02
1 0.3435 0.328 0.017 0.012
1 0.3645 0.326 0.019 0.014
1 0.678 0.3205 0.016 0.013
1 0.4615 0.317 0.017 0.012
1 0.642 0.323 0.028 0.026
1 0.4155 0.3115 0.017 0.013
1 0.582 0.3075 0.032 0.015
1 0.5415 0.304 0.017 0.012
1 0.4845 0.2985 0.017 0.013
1 0.55 0.275 0.016 0.012
1 0.5675 0.269 0.019 0.014
1 0.4865 0.27 0.031 0.022
1 0.6455 0.261 0.019 0.014
1 0.624 0.261 0.018 0.014
