3 0.498 0.8005 0.014 0.015
3 0.4015 0.7285 0.017 0.011
3 0.3365 0.71 0.011 0.014
3 0.276 0.6975 0.012 0.013
3 0.5555 0.692 0.021 0.012
3 0.341 0.6925 0.028 0.019
3 0.319 0.674 0.016 0.02
3 0.5515 0.6615 0.033 0.021
3 0.412 0.655 0.03 0.014
3 0.484 0.6455 0.02 0.015
3 0.36 0.649 0.028 0.028
3 0.282 0.6365 0.016 0.013
3 0.525 0.6265 0.018 0.013
3 0.3245 0.615 0.021 0.01
3 0.2985 0.6085 0.021 0.011
3 0.623 0.607 0.022 0.018
3 0.4265 0.6105 0.031 0.025
3 0.367 0.607 0.02 0.022
3 0.4555 0.5925 0.029 0.023
3 0.6055 0.5895 0.017 0.023
3 0.389 0.573 0.014 0.014
3 0.661 0.5655 0.022 0.009
3 0.374 0.5665 0.016 0.011
3 0.402 0.5665 0.014 0.015
3 0.333 0.54 0.02 0.02
3 0.314 0.5295 0.012 0.015
3 0.3955 0.5165 0.025 0.015
3 0.4365 0.509 0.021 0.014
3 0.337 0.5075 0.022 0.015
3 0.46 0.5065 0.014 0.017
3 0.499 0.505 0.012 0.014
3 0.3125 0.5015 0.013 0.015
3 0.2865 0.496 0.021 0.01
3 0.3645 0.504 0.039 0.032
3 0.447 0.4925 0.024 0.013
3 0.276 0.4845 0.018 0.009
3 0.6215 0.4775 0.015 0.013
3 0.6045 0.475 0.013 0.014
3 0.506 0.474 0.024 0.02
3 0.4825 0.474 0.033 0.022
3 0.388 0.4715 0.018 0.017
3 0.2995 0.4665 0.021 0.009
3 0.45 0.471 0.02 0.018
3 0.582 0.463 0.02 0.012
3 0.3245 0.462 0.011 0.014
3 0.6265 0.4585 0.011 0.015
3 0.3415 0.453 0.017 0.012
3 0.648 0.449 0.016 0.012
3 0.432 0.443 0.026 0.01
3 0.298 0.4485 0.034 0.023
3 0.5535 0.4435 0.037 0.017
3 0.4045 0.439 0.013 0.016
3 0.5165 0.442 0.019 0.03
3 0.5365 0.426 0.019 0.01
3 0.6015 0.4235 0.019 0.009
3 0.574 0.4075 0.02 0.009
3 0.541 0.406 0.014 0.012
3 0.49 0.396 0.018 0.012
3 0.31 0.348 0.024 0.02
3 0.3995 0.3305 0.017 0.009
