7 0.3025 0.745 0.065 0.066
7 0.532 0.721 0.042 0.032
7 0.4615 0.7175 0.057 0.059
7 0.4085 0.7 0.035 0.028
7 0.248 0.71 0.062 0.052
7 0.6875 0.6915 0.041 0.031
7 0.528 0.6765 0.034 0.027
7 0.3905 0.668 0.033 0.026
7 0.6525 0.6585 0.059 0.027
7 0.4165 0.6525 0.023 0.027
7 0.5575 0.643 0.023 0.018
7 0.601 0.6375 0.022 0.017
7 0.502 0.644 0.046 0.03
7 0.4545 0.636 0.023 0.018
7 0.4295 0.633 0.019 0.014
7 0.4035 0.625 0.023 0.018
7 0.5165 0.618 0.017 0.012
7 0.4665 0.617 0.017 0.012
7 0.3575 0.6205 0.023 0.019
7 0.4855 0.6215 0.019 0.025
7 0.3135 0.6175 0.033 0.025
7 0.432 0.6115 0.034 0.017
7 0.6375 0.6085 0.025 0.019
7 0.792 0.61 0.05 0.038
7 0.5865 0.5975 0.015 0.013
7 0.473 0.589 0.036 0.016
7 0.502 0.5865 0.014 0.013
7 0.373 0.5915 0.068 0.029
7 0.6305 0.579 0.015 0.012
7 0.6115 0.575 0.015 0.012
7 0.578 0.5735 0.012 0.009
7 0.3105 0.5795 0.033 0.023
7 0.556 0.567 0.012 0.01
7 0.4185 0.5665 0.015 0.013
7 0.4825 0.57 0.021 0.022
7 0.6585 0.5635 0.019 0.013
7 0.4575 0.5615 0.015 0.011
7 0.722 0.563 0.034 0.022
7 0.191 0.5825 0.07 0.061
7 0.4895 0.5535 0.015 0.011
7 0.7755 0.5675 0.069 0.053
7 0.539 0.5515 0.022 0.021
7 0.3155 0.5485 0.033 0.023
7 0.386 0.547 0.034 0.028
7 0.4185 0.5365 0.027 0.017
7 0.597 0.5315 0.014 0.011
7 0.683 0.539 0.046 0.028
7 0.531 0.5315 0.028 0.013
7 0.3625 0.529 0.019 0.012
7 0.246 0.537 0.038 0.028
7 0.473 0.5265 0.014 0.011
7 0.497 0.527 0.018 0.014
7 0.402 0.5235 0.014 0.011
7 0.3345 0.524 0.019 0.012
7 0.825 0.531 0.05 0.038
7 0.6185 0.518 0.023 0.018
7 0.545 0.5095 0.014 0.011
7 0.7415 0.5165 0.039 0.029
7 0.4685 0.5035 0.015 0.011
7 0.5065 0.5 0.015 0.01
7 0.446 0.4975 0.014 0.011
7 0.3175 0.499 0.023 0.016
7 0.3535 0.503 0.055 0.03
7 0.4885 0.493 0.017 0.012
7 0.404 0.4865 0.016 0.013
7 0.4645 0.4845 0.015 0.011
7 0.5395 0.4835 0.017 0.013
7 0.7085 0.4905 0.041 0.031
7 0.4185 0.4785 0.015 0.011
7 0.4555 0.4725 0.019 0.013
7 0.2415 0.476 0.037 0.028
7 0.3025 0.4725 0.043 0.023
7 0.3925 0.464 0.013 0.01
7 0.487 0.469 0.024 0.03
7 0.4045 0.453 0.019 0.012
7 0.3475 0.4565 0.025 0.019
7 0.5535 0.453 0.041 0.034
7 0.5945 0.4485 0.035 0.027
7 0.462 0.4495 0.026 0.033
7 0.3575 0.436 0.023 0.018
7 0.3295 0.436 0.029 0.022
7 0.652 0.4165 0.05 0.037
7 0.3175 0.393 0.035 0.026
7 0.4655 0.3835 0.037 0.041
7 0.3385 0.354 0.043 0.032
