7 0.528 0.703 0.036 0.028
7 0.621 0.702 0.036 0.028
7 0.5635 0.6925 0.033 0.025
7 0.7125 0.69 0.109 0.088
7 0.429 0.657 0.036 0.028
7 0.527 0.6375 0.034 0.025
7 0.6435 0.622 0.025 0.02
7 0.5085 0.618 0.025 0.018
7 0.721 0.622 0.036 0.028
7 0.5455 0.6125 0.023 0.015
7 0.5995 0.6075 0.035 0.027
7 0.771 0.5995 0.034 0.023
7 0.3835 0.5965 0.033 0.025
7 0.6635 0.5965 0.051 0.033
7 0.3925 0.5705 0.029 0.019
7 0.877 0.5775 0.05 0.039
7 0.8165 0.567 0.035 0.028
7 0.5385 0.5595 0.021 0.015
7 0.4465 0.559 0.029 0.022
7 0.6215 0.5555 0.023 0.015
7 0.278 0.563 0.06 0.042
7 0.7115 0.544 0.027 0.02
7 0.4735 0.5375 0.023 0.019
7 0.5575 0.534 0.019 0.014
7 0.581 0.5405 0.05 0.035
7 0.651 0.5305 0.022 0.017
7 0.524 0.527 0.018 0.014
7 0.6845 0.5225 0.023 0.015
7 0.4565 0.5215 0.023 0.019
7 0.3455 0.5285 0.079 0.033
7 0.4045 0.522 0.029 0.02
7 0.6245 0.528 0.029 0.034
7 0.7625 0.517 0.023 0.016
7 0.883 0.5285 0.05 0.039
7 0.7115 0.5165 0.025 0.019
7 0.5835 0.508 0.023 0.016
7 0.4155 0.5055 0.019 0.013
7 0.6095 0.503 0.023 0.016
7 0.698 0.5 0.018 0.014
7 0.5045 0.498 0.019 0.014
7 0.2985 0.499 0.051 0.026
7 0.8175 0.5055 0.033 0.043
7 0.6815 0.485 0.019 0.016
7 0.3605 0.4825 0.025 0.017
7 0.5075 0.479 0.019 0.014
7 0.526 0.482 0.018 0.024
7 0.5795 0.476 0.023 0.016
7 0.422 0.4675 0.016 0.011
7 0.319 0.4725 0.048 0.023
7 0.201 0.4765 0.044 0.035
7 0.829 0.4695 0.034 0.023
7 0.7425 0.48 0.061 0.044
7 0.5535 0.467 0.023 0.022
7 0.7115 0.461 0.019 0.014
7 0.64 0.4605 0.024 0.029
7 0.1415 0.4695 0.061 0.047
7 0.2385 0.459 0.035 0.028
7 0.6115 0.4525 0.023 0.015
7 0.4565 0.4495 0.015 0.011
7 0.7395 0.451 0.023 0.016
7 0.896 0.464 0.086 0.048
7 0.4385 0.4455 0.017 0.011
7 0.576 0.4425 0.02 0.023
7 0.5485 0.433 0.033 0.016
7 0.4335 0.4295 0.017 0.011
7 0.204 0.439 0.044 0.034
7 0.877 0.434 0.038 0.028
7 0.7365 0.429 0.029 0.02
7 0.45 0.4235 0.016 0.011
7 0.4945 0.4215 0.017 0.011
7 0.4185 0.4145 0.017 0.011
7 0.5205 0.41 0.021 0.014
7 0.4585 0.4075 0.017 0.011
7 0.5535 0.409 0.027 0.028
7 0.3215 0.4105 0.045 0.049
7 0.729 0.398 0.038 0.028
7 0.5865 0.3935 0.025 0.019
7 0.955 0.404 0.06 0.042
7 0.4305 0.3835 0.027 0.021
7 0.803 0.385 0.07 0.03
7 0.6345 0.378 0.031 0.02
7 0.3845 0.3775 0.027 0.021
7 0.3385 0.3785 0.039 0.025
7 0.5455 0.3745 0.027 0.019
7 0.5175 0.3715 0.023 0.017
7 0.2665 0.399 0.067 0.084
7 0.4595 0.357 0.031 0.032
7 0.2085 0.353 0.061 0.042
7 0.5365 0.3385 0.025 0.019
7 0.7345 0.343 0.041 0.032
7 0.5655 0.3385 0.029 0.033
7 0.6125 0.334 0.037 0.028
7 0.773 0.311 0.06 0.042
7 0.4885 0.2985 0.035 0.025
7 0.469 0.2685 0.048 0.033
7 0.2825 0.2475 0.063 0.045
7 0.422 0.241 0.06 0.042
7 0.528 0.237 0.06 0.042
