7 0.5585 0.885 0.061 0.042
7 0.428 0.839 0.04 0.034
7 0.376 0.8235 0.048 0.037
7 0.505 0.783 0.038 0.03
7 0.4725 0.773 0.027 0.022
7 0.429 0.779 0.056 0.038
7 0.273 0.764 0.054 0.04
7 0.596 0.7415 0.036 0.027
7 0.549 0.7375 0.034 0.027
7 0.6795 0.745 0.091 0.058
7 0.5095 0.724 0.027 0.022
7 0.4035 0.709 0.027 0.022
7 0.3355 0.7095 0.035 0.027
7 0.6205 0.7055 0.027 0.021
7 0.5235 0.6975 0.031 0.033
7 0.442 0.7055 0.032 0.049
7 0.6385 0.685 0.027 0.022
7 0.283 0.6845 0.05 0.029
7 0.3945 0.684 0.059 0.032
7 0.2 0.668 0.048 0.038
7 0.262 0.6585 0.058 0.023
7 0.5825 0.6515 0.023 0.017
7 0.5 0.651 0.02 0.016
7 0.6345 0.656 0.039 0.032
7 0.4235 0.6475 0.023 0.017
7 0.734 0.654 0.048 0.038
7 0.3445 0.6365 0.023 0.017
7 0.4835 0.6265 0.017 0.013
7 0.6225 0.6175 0.023 0.017
7 0.5665 0.6245 0.037 0.031
7 0.6575 0.621 0.039 0.026
7 0.4265 0.6155 0.023 0.017
7 0.3 0.614 0.022 0.018
7 0.195 0.6235 0.048 0.037
7 0.3835 0.6185 0.051 0.031
7 0.4555 0.6215 0.035 0.049
7 0.78 0.6125 0.048 0.039
7 0.4935 0.6065 0.021 0.029
7 0.3515 0.606 0.035 0.03
7 0.5315 0.5955 0.021 0.015
7 0.253 0.6065 0.034 0.041
7 0.3125 0.5895 0.043 0.025
7 0.5295 0.578 0.017 0.012
7 0.4635 0.575 0.021 0.016
7 0.4885 0.5725 0.017 0.013
7 0.2075 0.5775 0.033 0.023
7 0.661 0.5755 0.024 0.025
7 0.7125 0.585 0.065 0.048
7 0.252 0.5705 0.044 0.023
7 0.3495 0.5685 0.023 0.027
7 0.576 0.5595 0.016 0.013
7 0.41 0.5625 0.022 0.029
7 0.864 0.569 0.052 0.044
7 0.7905 0.568 0.069 0.044
7 0.3225 0.5545 0.023 0.017
7 0.171 0.5615 0.04 0.033
7 0.619 0.5575 0.042 0.033
7 0.5905 0.547 0.017 0.012
7 0.4675 0.5455 0.017 0.019
7 0.439 0.547 0.028 0.03
7 0.492 0.536 0.028 0.012
7 0.3275 0.536 0.023 0.018
7 0.804 0.5415 0.04 0.029
7 0.597 0.533 0.016 0.012
7 0.203 0.54 0.042 0.028
7 0.3655 0.5325 0.023 0.017
7 0.649 0.526 0.016 0.012
7 0.6095 0.5195 0.017 0.013
7 0.5165 0.5155 0.017 0.013
7 0.5815 0.5145 0.029 0.015
7 0.489 0.5135 0.024 0.027
7 0.65 0.5045 0.016 0.013
7 0.3335 0.507 0.033 0.024
7 0.135 0.5125 0.048 0.037
7 0.713 0.518 0.07 0.05
7 0.4595 0.5 0.021 0.016
7 0.599 0.4915 0.022 0.021
7 0.268 0.4975 0.07 0.033
7 0.6415 0.485 0.023 0.016
7 0.4085 0.4985 0.041 0.043
7 0.4955 0.483 0.021 0.016
7 0.5215 0.481 0.021 0.016
7 0.7505 0.4895 0.055 0.045
7 0.5425 0.4775 0.021 0.023
7 0.609 0.468 0.04 0.024
7 0.5605 0.456 0.019 0.016
7 0.5055 0.451 0.021 0.016
7 0.803 0.461 0.054 0.04
7 0.479 0.452 0.026 0.028
7 0.4375 0.4485 0.033 0.023
7 0.6485 0.443 0.027 0.02
7 0.601 0.433 0.022 0.016
7 0.3105 0.4425 0.075 0.061
7 0.5465 0.416 0.029 0.022
7 0.4625 0.4165 0.035 0.027
7 0.1875 0.4195 0.055 0.041
7 0.5675 0.389 0.037 0.026
7 0.7365 0.3685 0.059 0.045
7 0.61 0.364 0.05 0.038
7 0.5145 0.362 0.043 0.034
7 0.474 0.3185 0.054 0.041
