7 0.375 0.851 0.048 0.036
7 0.602 0.8445 0.048 0.035
7 0.3685 0.7455 0.059 0.053
7 0.504 0.704 0.048 0.036
7 0.344 0.704 0.048 0.036
7 0.5725 0.687 0.065 0.052
7 0.7395 0.6815 0.065 0.067
7 0.496 0.6615 0.036 0.027
7 0.6165 0.661 0.035 0.026
7 0.3685 0.6655 0.059 0.035
7 0.215 0.6445 0.048 0.035
7 0.512 0.6295 0.044 0.019
7 0.7765 0.64 0.065 0.048
7 0.625 0.6255 0.032 0.025
7 0.5535 0.6075 0.023 0.019
7 0.5195 0.605 0.017 0.014
7 0.2385 0.6095 0.035 0.027
7 0.4135 0.594 0.017 0.014
7 0.5345 0.591 0.017 0.014
7 0.5975 0.5875 0.023 0.019
7 0.202 0.593 0.044 0.032
7 0.5575 0.578 0.017 0.014
7 0.3815 0.577 0.017 0.014
7 0.6395 0.5735 0.025 0.019
7 0.4135 0.5675 0.013 0.011
7 0.159 0.572 0.048 0.036
7 0.6405 0.5525 0.021 0.015
7 0.5905 0.547 0.017 0.014
7 0.3575 0.543 0.015 0.012
7 0.2355 0.5445 0.043 0.033
7 0.858 0.5365 0.048 0.031
7 0.673 0.527 0.03 0.022
7 0.3565 0.5245 0.021 0.017
7 0.501 0.505 0.016 0.014
7 0.2615 0.5125 0.043 0.033
7 0.424 0.502 0.016 0.014
7 0.6575 0.4995 0.025 0.019
7 0.788 0.5065 0.07 0.053
7 0.3725 0.487 0.021 0.016
7 0.497 0.483 0.016 0.014
7 0.476 0.477 0.016 0.014
7 0.7185 0.475 0.035 0.026
7 0.4935 0.464 0.017 0.014
7 0.4685 0.4535 0.023 0.027
7 0.3565 0.45 0.035 0.026
7 0.293 0.433 0.048 0.036
7 0.5965 0.4165 0.021 0.017
7 0.7125 0.427 0.053 0.05
7 0.5825 0.3975 0.021 0.017
7 0.4585 0.3595 0.035 0.027
7 0.6075 0.35 0.035 0.026
7 0.376 0.3415 0.044 0.033
7 0.574 0.3145 0.044 0.033
7 0.292 0.3065 0.044 0.033
