0 0.32076910147736937 0.6174703428931624 0.07071247579950315 0.06915906615858276
0 0.2732350504440971 0.5039163821207738 0.06914088544042354 0.06758747579950324
0 0.2901134782353901 0.45089137607064966 0.07384656615858276 0.07073974687674198
0 0.16387823116225633 0.5064050569852006 0.08030564441741399 0.1067136083130606
0 0.38762480337096333 0.5608299783335859 0.06766928903121974 0.08320338544042354
0 0.42869471008501747 0.5032583728491958 0.07869769262201594 0.0988920179539809
0 0.47162359523085345 0.7652180173648058 0.06129202400410509 0.06129202400410509
0 0.36095828512239486 0.6770771470496927 0.06601588544042354 0.06756929508134384
0 0.24344807737506846 0.6209266201187214 0.05031816256778665 0.05497839149054773
0 0.21436002019347605 0.5895084484757485 0.08030564441741399 0.1067136083130606
0 0.2555349869177929 0.6842760478118185 0.08963519262201594 0.0989556504675381
0 0.30596677897407476 0.7587856893023662 0.06757838544042354 0.06757838544042354
0 0.5946616403121974 0.8315566105525557 0.06757838544042354 0.06757838544042372
0 0.7475179538385015 0.6519832609218981 0.06130111436318479 0.0628545240041051
0 0.6187116977883773 0.6684208062978295 0.0613920179539809 0.0784795240041051
0 0.5624980592246958 0.6743435533709633 0.05989315046753827 0.08940793364502539
0 0.5164815772768726 0.6873566377781146 0.07862496974937905 0.08639201795398091
0 0.626056044295777 0.5879975080932276 0.0802056504675381 0.0895261083130606
0 0.6134328035673551 0.4324605804001306 0.06757838544042354 0.06757838544042354
0 0.678062930128984 0.39611908030193466 0.07381929508134402 0.06605224687674208
0 0.6082907856133742 0.3543083093228917 0.07857951795398073 0.07857951795398091
0 0.536302156124879 0.3343589028052293 0.08949883723582168 0.07551815046753818
0 0.45517033079291397 0.3541987041330891 0.05655907220870695 0.05345225292686626
0 0.34977430366555096 0.3660851048952149 0.07543633723582169 0.07543633723582169
0 0.3884368278660477 0.29756236387220536 0.06914088544042354 0.06758747579950324
0 0.5287845719141193 0.25072424618937095 0.06443520472226431 0.06443520472226431
0 0.5227032644379395 0.4139645895735127 0.07071247579950324 0.06915906615858276
0 0.44607258674484235 0.4018004119786115 0.06443520472226431 0.06443520472226431
0 0.5012055143397436 0.478681074546398 0.06130111436318479 0.0628545240041051
0 0.5272912913689108 0.5311748154712117 0.08955337939029935 0.08489315046753827
0 0.7196964391059744 0.43542247481754454 0.058176114363184796 0.06283634328594587
0 0.8404685231203424 0.6493991372871353 0.059747704722264317 0.0644079336450254
0 0.3630253000513136 0.7638049874087722 0.07390110831306052 0.08011474687674199
0 0.40161107708048077 0.816371451206223 0.07549996974937905 0.08637383723582168
0 0.6614673452308535 0.7663224959929792 0.08175906010845857 0.08797269867214012
0 0.5568389325648709 0.7758696919346448 0.06299087939029935 0.08473861436318479
0 0.23739702351312575 0.3865243490414825 0.058167024004105096 0.06127384328594587
0 0.26211522238165763 0.3382322947867563 0.05500566256778665 0.05500566256778665
0 0.7996526255796704 0.6163502879510652 0.06131929508134384 0.06597952400410509
0 0.6758242401392468 0.5484446495837755 0.04874657220870695 0.05340680113146803
0 0.7462958214231401 0.5761974657423583 0.0597295240041051 0.06128293364502539
0 0.4028912550681656 0.6335725867448423 0.06292724687674198 0.07380111436318479
0 0.4789820981577197 0.8215089239806641 0.06131020472226432 0.06441702400410491
0 0.13226461679907162 0.4437232498036082 0.06130111436318471 0.0628545240041051