0 0.51015625 0.440625 0.03984375 0.04296875
0 0.5609375 0.43828125 0.0421875 0.040625
0 0.59375 0.45390625 0.04453125 0.04140625
0 0.6109375 0.52265625 0.04296875 0.0453125
0 0.64296875 0.4796875 0.05546875 0.0765625
0 0.70546875 0.45234375 0.0359375 0.0421875
0 0.64453125 0.41796875 0.0390625 0.0390625
0 0.634375 0.3703125 0.040625 0.05
0 0.68828125 0.3890625 0.0390625 0.0546875
0 0.58515625 0.346875 0.040625 0.03984375
0 0.5390625 0.390625 0.05703125 0.0546875
0 0.53828125 0.56328125 0.04609375 0.046875
0 0.52421875 0.63671875 0.0375 0.040625
0 0.596875 0.71328125 0.0359375 0.03828125
0 0.56953125 0.67734375 0.0546875 0.0390625
0 0.653125 0.5828125 0.04765625 0.04453125
0 0.7265625 0.66015625 0.04296875 0.05078125
0 0.75859375 0.609375 0.034375 0.03671875
0 0.8078125 0.59453125 0.040625 0.0546875
0 0.80546875 0.53125 0.04453125 0.0453125
0 0.7671875 0.525 0.03359375 0.0359375
0 0.80625 0.4921875 0.03515625 0.0375
0 0.8609375 0.46015625 0.0578125 0.04140625
0 0.92734375 0.43359375 0.0375 0.0359375
0 0.9359375 0.38359375 0.0359375 0.03984375
0 0.8015625 0.3890625 0.04375 0.0375
0 0.81640625 0.41796875 0.0359375 0.0375
0 0.75390625 0.38828125 0.03203125 0.0296875
0 0.74140625 0.43984375 0.03125 0.0328125
0 0.759375 0.41328125 0.03046875 0.03515625
0 0.7359375 0.3515625 0.03359375 0.03671875
0 0.78203125 0.33671875 0.0390625 0.04921875
0 0.853125 0.33515625 0.053125 0.04453125
0 0.8953125 0.30859375 0.04296875 0.03515625
0 0.85546875 0.2765625 0.03359375 0.0359375
0 0.88125 0.25625 0.03515625 0.03515625
0 0.78515625 0.25703125 0.0375 0.040625
0 0.7546875 0.30625 0.0359375 0.0359375
0 0.809375 0.28046875 0.0421875 0.040625
0 0.86328125 0.384375 0.0640625 0.05859375
0 0.89375 0.425 0.03203125 0.03359375
0 0.91875 0.5046875 0.0546875 0.05625
0 0.67890625 0.6859375 0.05703125 0.053125
0 0.565625 0.62265625 0.06953125 0.06328125
0 0.6375 0.66796875 0.04453125 0.05078125
0 0.49140625 0.69453125 0.0640625 0.065625
0 0.46796875 0.5453125 0.08828125 0.078125
0 0.38125 0.45234375 0.05546875 0.0484375
0 0.43203125 0.4046875 0.0671875 0.04765625
0 0.47890625 0.34765625 0.05625 0.06796875
0 0.50625 0.2703125 0.04140625 0.0515625
0 0.596875 0.2921875 0.08203125 0.06015625
0 0.4578125 0.265625 0.05546875 0.04921875
0 0.40390625 0.31171875 0.040625 0.05703125
0 0.428125 0.3546875 0.034375 0.0375
0 0.36953125 0.36953125 0.040625 0.04140625
0 0.3625 0.409375 0.04140625 0.040625
0 0.31953125 0.359375 0.05078125 0.07109375
0 0.3953125 0.1875 0.046875 0.04296875
0 0.46328125 0.153125 0.04453125 0.04609375
0 0.55859375 0.18125 0.0546875 0.05390625
0 0.615625 0.1828125 0.040625 0.05234375
0 0.6421875 0.24921875 0.0390625 0.0421875
0 0.63359375 0.21796875 0.04140625 0.040625
0 0.7078125 0.25859375 0.071875 0.0578125
0 0.67109375 0.30859375 0.03359375 0.03203125
0 0.70625 0.321875 0.03203125 0.0328125
0 0.80625 0.22421875 0.0421875 0.04765625
0 0.8453125 0.1828125 0.0484375 0.04296875
0 0.825 0.253125 0.03515625 0.034375
0 0.92265625 0.28671875 0.03359375 0.0359375
0 0.90625 0.25234375 0.03046875 0.0328125
0 0.9359375 0.3203125 0.034375 0.04296875
0 0.7265625 0.53671875 0.05234375 0.0546875
0 0.6328125 0.61640625 0.0515625 0.04765625
0 0.39765625 0.57890625 0.06328125 0.0546875
0 0.38203125 0.634375 0.04296875 0.0453125
0 0.378125 0.53671875 0.0390625 0.04140625
0 0.3609375 0.51171875 0.04140625 0.03984375
0 0.29296875 0.478125 0.06875 0.09140625
0 0.8640625 0.5640625 0.06328125 0.10234375
0 0.7140625 0.603125 0.0484375 0.07109375
0 0.68046875 0.6375 0.04453125 0.05078125
0 0.48359375 0.1921875 0.0390625 0.0453125
0 0.54765625 0.2203125 0.040625 0.0390625
0 0.3828125 0.24453125 0.04609375 0.04609375
0 0.8 0.71953125 0.04453125 0.04609375
0 0.66015625 0.778125 0.04140625 0.0390625