0 0.44140625 0.51328125 0.0453125 0.0421875
0 0.44140625 0.5640625 0.0421875 0.04375
0 0.45859375 0.59609375 0.0421875 0.0453125
0 0.528125 0.609375 0.046875 0.0453125
0 0.4875 0.64375 0.0796875 0.0609375
0 0.46328125 0.7078125 0.04375 0.0375
0 0.42578125 0.6484375 0.040625 0.040625
0 0.37734375 0.640625 0.0515625 0.04375
0 0.39921875 0.69375 0.05625 0.0421875
0 0.3515625 0.59296875 0.0421875 0.0421875
0 0.39296875 0.54453125 0.0578125 0.059375
0 0.56484375 0.53515625 0.05 0.05
0 0.6375 0.5171875 0.0421875 0.0390625
0 0.71796875 0.5859375 0.0390625 0.0375
0 0.68046875 0.56015625 0.0421875 0.05625
0 0.590625 0.6484375 0.046875 0.0484375
0 0.671875 0.71796875 0.0515625 0.046875
0 0.62265625 0.75234375 0.0390625 0.0359375
0 0.61015625 0.80234375 0.05625 0.04375
0 0.546875 0.803125 0.046875 0.0453125
0 0.5390625 0.765625 0.0375 0.0359375
0 0.50859375 0.80625 0.0390625 0.0359375
0 0.47890625 0.8625 0.04375 0.059375
0 0.45625 0.93046875 0.0375 0.0390625
0 0.40625 0.94140625 0.0421875 0.0375
0 0.4046875 0.80703125 0.0390625 0.0453125
0 0.434375 0.8203125 0.0390625 0.0375
0 0.4015625 0.759375 0.03125 0.0328125
0 0.45234375 0.74453125 0.034375 0.0328125
0 0.42734375 0.76328125 0.0359375 0.0328125
0 0.3640625 0.74375 0.0390625 0.0359375
0 0.3515625 0.78984375 0.0515625 0.0421875
0 0.35390625 0.8609375 0.046875 0.0546875
0 0.3296875 0.9046875 0.0359375 0.0453125
0 0.2953125 0.86640625 0.0375 0.0359375
0 0.2765625 0.89375 0.0359375 0.0359375
0 0.27265625 0.79765625 0.0421875 0.0390625
0 0.31953125 0.76484375 0.0375 0.0375
0 0.296875 0.8203125 0.0421875 0.04375
0 0.40390625 0.86875 0.0625 0.0671875
0 0.44609375 0.896875 0.0359375 0.034375
0 0.5265625 0.91796875 0.059375 0.0578125
0 0.6953125 0.66875 0.05625 0.059375
0 0.62578125 0.559375 0.065625 0.071875
0 0.675 0.62890625 0.0515625 0.046875
0 0.69375 0.48125 0.06875 0.0671875
0 0.54375 0.465625 0.0828125 0.0921875
0 0.44609375 0.38359375 0.0515625 0.059375
0 0.4015625 0.4375 0.05 0.0703125
0 0.346875 0.48671875 0.071875 0.059375
0 0.27109375 0.51796875 0.053125 0.04375
0 0.29765625 0.6078125 0.0640625 0.084375
0 0.2640625 0.4703125 0.053125 0.059375
0 0.30703125 0.4140625 0.0578125 0.04375
0 0.35078125 0.4359375 0.0390625 0.0359375
0 0.3625 0.3765625 0.0421875 0.0421875
0 0.40234375 0.3671875 0.0421875 0.0421875
0 0.35 0.32734375 0.075 0.053125
0 0.1828125 0.41171875 0.046875 0.0484375
0 0.1515625 0.48125 0.0484375 0.046875
0 0.184375 0.575 0.05625 0.0578125
0 0.1890625 0.63203125 0.0546875 0.04375
0 0.25703125 0.65546875 0.04375 0.040625
0 0.225 0.6484375 0.0421875 0.0421875
0 0.26953125 0.7203125 0.0609375 0.075
0 0.31796875 0.68125 0.0328125 0.0359375
0 0.3328125 0.715625 0.034375 0.0328125
0 0.240625 0.8203125 0.0484375 0.0453125
0 0.2015625 0.86171875 0.046875 0.05
0 0.2703125 0.8375 0.0359375 0.0359375
0 0.309375 0.93359375 0.0375 0.0359375
0 0.27421875 0.91875 0.034375 0.03125
0 0.34375 0.94453125 0.0453125 0.0359375
0 0.5484375 0.72421875 0.0578125 0.05625
0 0.6234375 0.6265625 0.05 0.0546875
0 0.5734375 0.39375 0.0578125 0.065625
0 0.628125 0.375 0.046875 0.0453125
0 0.53046875 0.3765625 0.0421875 0.040625
0 0.5046875 0.36015625 0.0421875 0.0421875
0 0.4671875 0.29453125 0.09375 0.0734375
0 0.5828125 0.86015625 0.10625 0.0671875
0 0.6140625 0.70859375 0.075 0.0515625
0 0.646875 0.67265625 0.0515625 0.046875
0 0.19140625 0.5 0.046875 0.040625
0 0.2234375 0.5625 0.040625 0.0421875
0 0.2390625 0.39609375 0.05 0.05
0 0.73515625 0.78828125 0.0484375 0.046875
0 0.7859375 0.6453125 0.040625 0.0421875