0 0.5025589360809124 0.44275266490547766 0.04716589149054773 0.050272710772388506
0 0.551714053567355 0.4321015112164856 0.048710210772388504 0.04715680113146803
0 0.5869248457218328 0.441681044295777 0.050272710772388506 0.04716589149054791
0 0.6162083456236369 0.5066929659387499 0.051862481849627426 0.051862481849627426
0 0.6401498396717086 0.459177616504484 0.06924996974937905 0.08633747579950324
0 0.696177125874258 0.4212236194313503 0.04246930113146803 0.048682939695149585
0 0.6304157704880637 0.39740432435000633 0.04557612041330898 0.0455761204133089
0 0.6121879452542945 0.3527685352205907 0.04876475292686635 0.056531801131468204
0 0.6684879422292325 0.36168953814745697 0.048792024004105095 0.06121930113146821
0 0.5589765868430382 0.3376157130118837 0.04714771077238851 0.04714771077238851
0 0.5217720235131258 0.38817879439397285 0.06599770472226432 0.06444429508134393
0 0.5516691226528041 0.5586594660369458 0.055005662567786474 0.055005662567786474
0 0.5513242098886257 0.633654920857406 0.04402271077238851 0.047129530054229284
0 0.6368440742518104 0.6966503454272452 0.042442030054229286 0.04399543969514959
0 0.6030730622497579 0.6659861527070334 0.06121930113146803 0.048792024004105095
0 0.6680708274732643 0.5585554477883774 0.05342498184962743 0.05187157220870695
0 0.7543810321955287 0.6231179175377564 0.05188975292686617 0.05654998184962743
0 0.7767100292686624 0.5669997277444108 0.040870439695149585 0.04242384933607006
0 0.8226719690620079 0.5446116433372594 0.050354524004104916 0.06122839149054791
0 0.8090271046988231 0.48203437528508275 0.051862481849627426 0.051862481849627426
0 0.769969149878363 0.48258836630809226 0.040861349336070066 0.040861349336070066
0 0.8025543909013726 0.4437167638487643 0.040870439695149585 0.04242384933607006
0 0.8507555415653026 0.4033735649802324 0.06435339149054756 0.050372704722264315
0 0.9114703277678519 0.3654468389843375 0.04399543969514959 0.042442030054229286
0 0.9111748910977642 0.3146655889843375 0.042460210772388506 0.047120439695149674
0 0.7793118127407372 0.34280370364210977 0.050254530054229286 0.044040891490547726
0 0.7997743036655509 0.36870312831014485 0.042442030054229286 0.04399543969514967
0 0.7324822645361353 0.3503434928697213 0.036137487899751616 0.03458407825883123
0 0.7296663367448424 0.4034503121515621 0.03615566861791084 0.037709078258831144
0 0.7427748699223296 0.3738400802037388 0.037727258976990544 0.03928066861791084
0 0.7080680718159236 0.3166088423039872 0.040870439695149585 0.04242384933607006
0 0.7509050116092691 0.2942025771786767 0.04720225292686635 0.056522710772388504
0 0.8203589935570923 0.2813258481577197 0.059674981849627426 0.0519079336450254
0 0.8576635508368806 0.24795026677563053 0.04868293969514994 0.042469301131468205
0 0.8122056050916067 0.2226866463623216 0.040861349336070066 0.040861349336070066
0 0.8339397045258725 0.19859516138943625 0.039289758976990184 0.039289758976990455
0 0.7395084484757484 0.21523269466511938 0.04402271077238851 0.047129530054229284
0 0.7187283158639952 0.26901622481754456 0.04243293969514959 0.04243293969514968
0 0.7677470779642437 0.2349275711285525 0.048710210772388504 0.04715680113146821
0 0.8393817043294808 0.3283099324666751 0.07384656615858276 0.07073974687674198
0 0.8770816922292324 0.3629031010845859 0.037727258976990544 0.03928066861791084
0 0.9157947342855142 0.43734456488203655 0.0644442950813442 0.06599770472226432
0 0.7123889749157405 0.6564662278426067 0.0644261143631848 0.06287270472226432
0 0.589482740041051 0.6127838846548567 0.07855224687674216 0.07389201795398073
0 0.6685753424021831 0.6452741977883774 0.05188975292686635 0.05654998184962743
0 0.5290315742518105 0.6960231106507516 0.07543633723582169 0.07543633723582169
0 0.47976230639602535 0.5527725595192834 0.10053633118569749 0.09276928298109546
0 0.37775437880112417 0.47561918617910826 0.06439884328594588 0.058185204722264315
0 0.41883792105379775 0.4203913306947181 0.07533634328594588 0.05824883723582168
0 0.45518396633153346 0.35654245413308916 0.0676420179539809 0.07851588544042354
0 0.4679925176593933 0.2753697221852659 0.048773843285945875 0.058094301131468205
0 0.5609976290957117 0.28216059855050313 0.09104315651766245 0.0724022408266178
0 0.4195777435570923 0.27899417105379776 0.0644079336450254 0.059747704722264317
0 0.37458340612487895 0.33341805064048885 0.050363614363184706 0.06279089149054773
0 0.40605611992232954 0.37188110782208117 0.040870439695149585 0.04242384933607006
0 0.3515140656676035 0.3965629452542946 0.04714771077238851 0.04714771077238851
0 0.3517458698241337 0.43640669525429454 0.04714771077238851 0.04714771077238851
0 0.29994247530852386 0.3947004634046672 0.06296360831306051 0.08005111436318461
0 0.3441914032962086 0.21215158381797608 0.05342498184962743 0.05187157220870695
0 0.4048652828828997 0.1671936078220812 0.05187157220870695 0.053424981849627386
0 0.5033664153964571 0.17870380044409712 0.0628636143631848 0.0628636143631847
0 0.5595664184215192 0.17043730337096336 0.050345433645025396 0.059665891490547775
0 0.5974209424256242 0.23159297198887416 0.04559430113146821 0.048701120413308895
0 0.5839715207826512 0.20260945393669744 0.04714771077238851 0.04714771077238851
0 0.6638181020665446 0.2304168122497579 0.08164997579950324 0.06922269867214012
0 0.636797059813871 0.2857264809658646 0.03928066861791084 0.03772725897699045
0 0.6735567164297293 0.29297135440423566 0.03615566861791084 0.037709078258831144
0 0.7549243702169172 0.17938609825591556 0.05030907220870695 0.053415891490547776
0 0.7858971142649889 0.13191165543750788 0.05498748184962743 0.05188066256778665
0 0.7785118611417309 0.20530370364210984 0.03928975897699054 0.039289758976990455
0 0.8801652647325271 0.22151957698228494 0.040861349336070066 0.040861349336070066
0 0.8581130027304745 0.1909235619551703 0.03615566861791066 0.03770907825883123
0 0.8998783219141195 0.25288320647078016 0.04246930113146803 0.048682939695149675
0 0.7325782341873184 0.5011201976901815 0.0628636143631848 0.0628636143631848
0 0.6542219509116353 0.5951923845566608 0.05969316256778665 0.05503293364502539
0 0.41674467680933436 0.5977168999765589 0.07068520472226432 0.06447156615858277
0 0.4108310200952802 0.6554930385402404 0.051862481849627426 0.051862481849627426
0 0.3899594630118838 0.5592811138722054 0.04558521077238851 0.04713862041330898
0 0.36796174316430885 0.5380600988450908 0.04714771077238851 0.04714771077238851
0 0.29517822813719424 0.5157623971478886 0.08340337334017515 0.10204428903121965
0 0.8724401649054776 0.5050587848278072 0.0803420058537327 0.1129636083130606
0 0.732187869627742 0.5683031525106417 0.0614011083130606 0.0800420240041051
0 0.7050759237842723 0.6079878212267483 0.05188975292686635 0.05654998184962743
0 0.4316323159621911 0.20250439392643468 0.04717498184962743 0.05183521077238851
0 0.4996965147325271 0.21930607454639803 0.04713862041330898 0.04558521077238851
0 0.34140729176169426 0.2707271530998169 0.05500566256778665 0.05500566256778665
0 0.8374571526088375 0.6689122065689761 0.051871572208707306 0.05342498184962743
0 0.7105906464605175 0.7502025923039872 0.04713862041330898 0.04558521077238851