0 0.65234375 0.65390625 0.059375 0.05546875
0 0.7234375 0.55390625 0.0578125 0.05546875
0 0.71875 0.4984375 0.06328125 0.0578125
0 0.82890625 0.58125 0.05859375 0.0953125
0 0.59921875 0.5828125 0.0515625 0.0734375
0 0.571875 0.5171875 0.059375 0.08671875
0 0.47265625 0.76328125 0.05078125 0.0515625
0 0.6 0.70234375 0.0546875 0.05625
0 0.7265625 0.675 0.040625 0.04609375
0 0.76171875 0.65078125 0.06015625 0.0953125
0 0.70078125 0.734375 0.07109375 0.08515625
0 0.63515625 0.7953125 0.05625 0.05703125
0 0.3390625 0.79921875 0.05703125 0.05625
0 0.22890625 0.5890625 0.05 0.05390625
0 0.35078125 0.634375 0.04765625 0.06796875
0 0.4046875 0.65390625 0.0421875 0.08125
0 0.44609375 0.6765625 0.06328125 0.0734375
0 0.36171875 0.5546875 0.0640625 0.0765625
0 0.4078125 0.40546875 0.05625 0.05625
0 0.353125 0.35546875 0.06171875 0.05390625
0 0.43046875 0.33046875 0.06484375 0.06640625
0 0.5046875 0.328125 0.07890625 0.06015625
0 0.57890625 0.365625 0.04609375 0.04296875
0 0.67890625 0.4015625 0.06171875 0.0625
0 0.65625 0.32578125 0.0578125 0.05625
0 0.53046875 0.24765625 0.05390625 0.05390625
0 0.5 0.40859375 0.059375 0.05703125
0 0.57734375 0.4140625 0.05390625 0.053125
0 0.50703125 0.4765625 0.05 0.05234375
0 0.4703125 0.521875 0.07578125 0.06875
0 0.30390625 0.384375 0.04609375 0.053125
0 0.1390625 0.56484375 0.0484375 0.0546875
0 0.57890625 0.78671875 0.06015625 0.06875
0 0.5296875 0.82890625 0.05859375 0.075
0 0.28828125 0.7203125 0.06484375 0.07578125
0 0.3875 0.75390625 0.04765625 0.07578125
0 0.78359375 0.44765625 0.04609375 0.0515625
0 0.7703125 0.39453125 0.0453125 0.0453125
0 0.18671875 0.5421875 0.04921875 0.05703125
0 0.321875 0.5046875 0.0390625 0.0453125
0 0.246875 0.515625 0.0484375 0.0515625
0 0.56875 0.65078125 0.04921875 0.0640625
0 0.453125 0.81640625 0.05078125 0.0546875
0 0.8734375 0.52734375 0.05 0.05390625