0 0.51484375 0.703125 0.04296875 0.046875
0 0.51328125 0.5421875 0.0453125 0.046875
0 0.415625 0.4578125 0.0546875 0.0546875
0 0.24375 0.64921875 0.04296875 0.0515625
0 0.30234375 0.4453125 0.0515625 0.059375
0 0.50546875 0.346875 0.05 0.05
0 0.4875 0.4203125 0.05 0.0578125
0 0.5453125 0.6421875 0.05 0.059375
0 0.4578125 0.5515625 0.0484375 0.04765625
0 0.42734375 0.52890625 0.0390625 0.04375
0 0.46015625 0.784375 0.0625 0.09296875
0 0.215625 0.7609375 0.04296875 0.04921875
0 0.5515625 0.82421875 0.05390625 0.05078125
0 0.22265625 0.5921875 0.04140625 0.040625
0 0.20625 0.5640625 0.0375 0.0375
0 0.59296875 0.57890625 0.0671875 0.0546875
0 0.31328125 0.52890625 0.0359375 0.0421875
0 0.4828125 0.59296875 0.06640625 0.05703125
0 0.709375 0.621875 0.0640625 0.08828125
0 0.08984375 0.60546875 0.046875 0.04609375
0 0.4359375 0.63671875 0.04296875 0.040625
0 0.28671875 0.6296875 0.0359375 0.03828125
0 0.2703125 0.6765625 0.0390625 0.04140625
0 0.3796875 0.73046875 0.03984375 0.0421875
0 0.53984375 0.784375 0.04296875 0.04375
0 0.4328125 0.275 0.04296875 0.04296875
0 0.3609375 0.29296875 0.0390625 0.04140625
0 0.265625 0.37578125 0.0421875 0.0453125
0 0.17421875 0.52578125 0.03515625 0.0390625
0 0.21875 0.490625 0.0375 0.040625
0 0.26484375 0.4609375 0.03828125 0.04296875
0 0.64453125 0.45078125 0.03671875 0.04296875
0 0.1671875 0.7078125 0.03515625 0.04140625
0 0.35 0.67734375 0.03828125 0.0421875