0 0.30152822208707003 0.529513741415793 0.05655907220870695 0.05345225292686635
0 0.45914073418731843 0.49422061514875165 0.05656816256778665 0.05501475292686635
0 0.5634878666026799 0.569397356269957 0.06600679508134384 0.06600679508134384
0 0.41705881507842835 0.7811938952029809 0.05969316256778647 0.05503293364502539
0 0.6016151013791735 0.6769916876520462 0.06912270472226431 0.06446247579950323
0 0.6503333607489473 0.45638829616149845 0.0597204336450254 0.0597204336450254
0 0.583345848648699 0.491154181601922 0.0675511143631848 0.06289088544042354
0 0.3543986920328407 0.485454669207086 0.06911361436318471 0.06289997579950324
0 0.4625884419346448 0.5496711844305924 0.056586343285945875 0.05813975292686635
0 0.49164013767991877 0.5745030127876195 0.051844301131468026 0.04873748184962743
0 0.23554012860473245 0.6017750816766767 0.10516019867214013 0.08185905405833438
0 0.3142383421075955 0.8341376089022358 0.05812157220870695 0.05346134328594587
0 0.17569697511213214 0.5216517653217022 0.06130111436318471 0.0628545240041051
0 0.4772559716942865 0.7878751663784157 0.04871930113146803 0.048719301131468204
0 0.5085650590283042 0.7978496091968232 0.04557612041330898 0.04557612041330898
0 0.4048299632082754 0.4250029825369984 0.0692045179539809 0.07852497579950324
0 0.5180668031745717 0.6852905218628058 0.048692030054229285 0.04403180113146821
0 0.41640833352338846 0.5350956000234411 0.07075792759490121 0.07697156615858276
0 0.33625670432948085 0.32149216315696183 0.10048178903121974 0.08339428298109546
0 0.4952161522160541 0.92058767242854 0.056577252926866176 0.05657725292686635
0 0.3846997912707149 0.5907507023845733 0.05029998184962743 0.051853391490547907
0 0.4261611043060397 0.7342643530485032 0.04556703005422928 0.04401362041330899
0 0.3841281404103933 0.7610722927436528 0.048710210772388504 0.04715680113146803
0 0.3062344236860764 0.666991015518094 0.050281801131468115 0.04872839149054773
0 0.21711686065075156 0.5237546208060924 0.05343407220870704 0.053434072208706954
0 0.737370273316734 0.5105712812325797 0.053434072208706954 0.053434072208706954
0 0.7362395653730159 0.5847991215916594 0.048710210772388504 0.04715680113146803
0 0.6775145260472085 0.6968633052366847 0.05342498184962743 0.05187157220870695
0 0.5532281192349586 0.8202467839630542 0.04555793969514958 0.042451120413308986
0 0.5771468873853312 0.7685433833973201 0.048701120413308985 0.04559430113146803
0 0.5948156555357038 0.7168763442679046 0.05183521077238851 0.04717498184962743
0 0.5176521500747547 0.34543768150372617 0.05183521077238851 0.04717498184962743
0 0.3777241251868869 0.8689256993595112 0.047120439695149584 0.042460210772388506
0 0.3649281676359522 0.6838376270526083 0.050263620413308896 0.04560339149054791