0 0.6280956453993726 0.5421875 0.1351658612399266 0.1359375
0 0.5295455576725716 0.29296875 0.1257090480082102 0.121875
0 0.4904154008603216 0.1703125 0.11632495764913067 0.1203125
0 0.3726001452029809 0.4125 0.11474427693097126 0.1171875
0 0.2712745154198981 0.2375 0.10058178298109555 0.1
0 0.13151660295030734 0.35703125 0.10688632513557321 0.109375
0 0.2116313498270494 0.28359375 0.11181017447164336 0.15
0 0.21192119955590288 0.50234375 0.10060905405833438 0.1046875
0 0.09007347063314175 0.49765625 0.10533291549465287 0.1109375
0 0.1465052778147341 0.46640625 0.09901019262201594 0.0984375
0 0.4418121908735001 0.7359375 0.12880677693097126 0.1171875
0 0.5359621666730032 0.6671875 0.12103063836728971 0.1234375