0 0.6013696616840238 0.6417583123479538 0.06445338544042371 0.06756020472226432
0 0.6157679840891226 0.5652821707592102 0.058167024004105096 0.06127384328594587
0 0.2989435775714601 0.4915663730455876 0.05813975292686617 0.056586343285945875
0 0.2908401860809124 0.44152092125018944 0.05969316256778665 0.05503293364502539
0 0.4101396319243821 0.40237258371978024 0.056686337235821685 0.07532725292686618
0 0.4922617855151783 0.41847482757146015 0.0676511083130606 0.08007838544042353
0 0.44719927038986784 0.46117995715815124 0.055205650467538094 0.08938066256778665
0 0.5130515293668582 0.5006242522394952 0.04876475292686635 0.05653180113146803
0 0.5440379089535494 0.4554935594210875 0.08324883723582169 0.07548178903121965
0 0.6523725837197802 0.411594089377121 0.07230224687674199 0.07385565651766228
0 0.7794345325883121 0.3638974536421098 0.051862481849627426 0.051862481849627426
0 0.8693782765381879 0.38160764928918783 0.05188975292686635 0.05654998184962743
0 0.8249970174630015 0.4071298240554187 0.056604524004104914 0.06126475292686635
0 0.7533765475172308 0.4504616675377563 0.0722295240041051 0.06135565651766246
0 0.6940379089535493 0.45636623389273084 0.047111349336070064 0.040897710772388504
0 0.6677981167008757 0.5116804477883774 0.04561248184962743 0.05182612041330899
0 0.7166174117822197 0.5775872489198455 0.05029998184962743 0.051853391490547726
0 0.6730355834251925 0.6062389688656162 0.05030907220870695 0.05341589149054773
0 0.6960731076256895 0.5376253242518104 0.04402271077238851 0.047129530054229284
0 0.7701009600850175 0.5052446163080923 0.04714771077238851 0.04714771077238851
0 0.7875657160369458 0.5530008602579681 0.06594316256778647 0.05506929508134384
0 0.44717706537301594 0.5916441619786115 0.058357921544777015 0.09408634328594587
0 0.34400661357761775 0.5832316982793566 0.05979315651766246 0.0722204336450254
0 0.3710418122497579 0.6646362343837101 0.059747704722264317 0.0644079336450254
0 0.5287497731203423 0.6475856106507516 0.07380111436318479 0.06292724687674216
0 0.5219770774732643 0.5577054992144331 0.07385565651766246 0.07230224687674217
0 0.4972906948615111 0.6114663034691592 0.058185204722264315 0.06439884328594588
0 0.563370212815492 0.6899730985505033 0.04875566256778665 0.05496930113146803
0 0.5089145169720222 0.7294986859827166 0.055023843285945874 0.05813066256778647
0 0.28029863758172285 0.6437964935570923 0.04874657220870695 0.05340680113146803
0 0.25582081234795384 0.5991243429913583 0.04873748184962743 0.051844301131468026
0 0.24225321603694586 0.5498283249391814 0.04872839149054773 0.05028180113146803
0 0.18976856547121174 0.5253050479100143 0.09735678903121973 0.08337610226293642
0 0.14729017398066396 0.4750596082148647 0.054996572208707 0.05344316256778647
0 0.18295041802873563 0.42761243647369584 0.06932269262201593 0.09883747579950324
0 0.25212714402463055 0.36707945745273884 0.06129202400410509 0.06129202400410509
0 0.2526265928931624 0.31864650263227867 0.08001475292686626 0.056713608313060423
0 0.3456817013044188 0.3340311289975159 0.06442611436318471 0.06287270472226432
0 0.45158172247985356 0.2744930234149299 0.07071247579950324 0.06915906615858276
0 0.3992652435570923 0.2788759963857627 0.05504202400410509 0.06125566256778665
0 0.4347032946885605 0.3275180294650541 0.04725679508134384 0.06589771077238851
0 0.4089351593463328 0.1953413337197802 0.07541815651766245 0.07231133723582164
0 0.35501072862817357 0.1919027163315334 0.051862481849627426 0.051862481849627384
0 0.3342124152982612 0.24256124648395855 0.05526928298109546 0.10031816256778665
0 0.285066388170898 0.2547749001729506 0.061437469749379046 0.0862920240041051
0 0.44841074980360823 0.13229188787631047 0.06781473477649361 0.10820338544042359
0 0.5207357225780493 0.21005379439397293 0.04873748184962743 0.05184430113146821
0 0.5446817618056607 0.16331969495970697 0.0551511083130606 0.08000566256778666
0 0.6523851774967053 0.1451969297362006 0.06295451795398091 0.0784886143631847
0 0.7076226442210223 0.2400463423039872 0.0692136083130606 0.08008747579950323
0 0.6695459273003137 0.2749798785065366 0.03773634933607006 0.04084316861791084
0 0.6557924995090206 0.32802306527482 0.0535795179539809 0.07843407220870695
0 0.5939919362773042 0.31360149609117516 0.05354315651766228 0.07218407220870696
0 0.5555925116092691 0.2930662822937245 0.06293633723582168 0.0753636143631847
0 0.6043476532962087 0.21366512860473247 0.04884656615858276 0.07059430113146811
0 0.5983703640685971 0.26050376716841395 0.03460225897699036 0.03926248789975162
0 0.5553152556573407 0.2454100322937245 0.03773634933607006 0.04084316861791084
0 0.8010868187908613 0.32574346866922443 0.04716589149054755 0.050272710772388506
0 0.7012504452542945 0.35328668568812893 0.040870439695149585 0.04242384933607006
0 0.7093083849494443 0.39551963748352703 0.05503293364502539 0.05969316256778665
0 0.687673758584207 0.30242816763595215 0.05352497579950324 0.06905907220870695
0 0.7826908219141193 0.25220142953980884 0.05338862041330898 0.04562157220870704
0 0.8094669453524904 0.28907471564416237 0.040897710772388504 0.047111349336070064
0 0.7263378454272452 0.6370167910743232 0.056586343285945875 0.05813975292686635
0 0.7176572161351417 0.48775258927892506 0.042442030054229286 0.04399543969514959
0 0.8388418697259379 0.5040820921075955 0.056586343285945875 0.05813975292686635
0 0.38463213445846495 0.7178385024358869 0.05029089149054773 0.05029089149054773
0 0.2246708062978296 0.6161300358097659 0.04402271077238851 0.047129530054229284
0 0.5786048482559155 0.7572469569617596 0.05500566256778665 0.055005662567786474
0 0.47859121271729615 0.7543214239806639 0.048728391490547904 0.05028180113146803