0 0.365625 0.6703125 0.0625 0.065625
0 0.4734375 0.728125 0.0625 0.0640625
0 0.528125 0.7171875 0.065625 0.06875
0 0.459375 0.83671875 0.1015625 0.0703125
0 0.4296875 0.60859375 0.0796875 0.059375
0 0.49140625 0.5734375 0.09375 0.0703125
0 0.23515625 0.5046875 0.0578125 0.05625
0 0.31171875 0.62421875 0.0625 0.0609375
0 0.35390625 0.74609375 0.0515625 0.0453125
0 0.38203125 0.778125 0.1015625 0.0703125
0 0.2921875 0.728125 0.0921875 0.08125
0 0.2234375 0.6703125 0.0625 0.0625
0 0.18359375 0.3765625 0.0625 0.0625
0 0.37890625 0.24140625 0.059375 0.05625
0 0.3484375 0.36796875 0.0734375 0.0546875
0 0.3359375 0.42421875 0.0859375 0.0515625
0 0.31796875 0.46796875 0.08125 0.0703125
0 0.42890625 0.36953125 0.084375 0.0734375
0 0.5828125 0.396875 0.0625 0.0625
0 0.62578125 0.33671875 0.0609375 0.06875
0 0.66015625 0.41015625 0.0734375 0.0734375
0 0.67109375 0.48359375 0.06875 0.084375
0 0.64296875 0.56171875 0.0484375 0.0515625
0 0.61953125 0.665625 0.0703125 0.0703125
0 0.6921875 0.63359375 0.0625 0.0640625
0 0.75390625 0.49921875 0.059375 0.059375
0 0.590625 0.4890625 0.0625 0.065625
0 0.59453125 0.56640625 0.059375 0.059375
0 0.52421875 0.50390625 0.059375 0.05625
0 0.475 0.4734375 0.078125 0.0828125
0 0.590625 0.29140625 0.0578125 0.053125
0 0.39140625 0.15 0.0609375 0.0546875
0 0.225 0.61328125 0.075 0.0671875
0 0.17734375 0.56953125 0.08125 0.06875
0 0.25546875 0.31640625 0.0828125 0.075
0 0.234375 0.41953125 0.0796875 0.05625
0 0.58671875 0.775 0.05625 0.053125
0 0.6375 0.75546875 0.05 0.05
0 0.4203125 0.19453125 0.0625 0.05625
0 0.4734375 0.3234375 0.05 0.04375
0 0.45390625 0.25078125 0.0578125 0.0546875
0 0.35859375 0.58671875 0.0703125 0.0578125
0 0.18046875 0.4921875 0.0609375 0.05625
0 0.51875 0.87421875 0.059375 0.05625