0 0.3625 0.509375 0.1109375 0.11171875
0 0.51953125 0.29140625 0.10234375 0.1
0 0.58828125 0.18203125 0.09296875 0.09921875
0 0.6421875 0.4453125 0.09375 0.096875
0 0.784375 0.3 0.0828125 0.0828125
0 0.88984375 0.45 0.08671875 0.08984375
0 0.83046875 0.359375 0.08203125 0.134375
0 0.77578125 0.57109375 0.08203125 0.08828125
0 0.8953125 0.59609375 0.084375 0.09296875
0 0.8484375 0.55234375 0.08046875 0.08203125
0 0.4953125 0.7421875 0.10859375 0.09453125
0 0.42109375 0.65234375 0.0984375 0.10234375