0 0.52421875 0.70234375 0.0515625 0.0546875
0 0.4953125 0.54375 0.053125 0.0546875
0 0.575 0.4421875 0.0640625 0.0640625
0 0.7796875 0.59765625 0.053125 0.059375
0 0.68359375 0.40859375 0.0625 0.06875
0 0.465625 0.35078125 0.059375 0.059375
0 0.496875 0.41953125 0.059375 0.065625
0 0.4828125 0.6484375 0.0609375 0.0671875
0 0.5515625 0.5421875 0.05625 0.0546875
0 0.5765625 0.51484375 0.046875 0.05
0 0.59375 0.771875 0.0796875 0.1046875
0 0.82890625 0.7015625 0.053125 0.0578125
0 0.5109375 0.828125 0.0609375 0.059375
0 0.78984375 0.5375 0.046875 0.046875
0 0.80078125 0.50703125 0.04375 0.04375
0 0.4234375 0.5953125 0.0765625 0.0671875
0 0.6890625 0.49296875 0.04375 0.0484375
0 0.534375 0.58828125 0.075 0.0671875
0 0.31796875 0.659375 0.0796875 0.0984375
0 0.92265625 0.525 0.0546875 0.0546875
0 0.5890625 0.621875 0.05 0.0484375
0 0.734375 0.58671875 0.0421875 0.04375
0 0.759375 0.6296875 0.046875 0.046875
0 0.66171875 0.703125 0.0484375 0.0484375
0 0.51484375 0.78671875 0.0515625 0.0515625
0 0.52265625 0.26640625 0.0515625 0.0515625
0 0.596875 0.2703125 0.046875 0.046875
0 0.70625 0.33359375 0.05 0.053125
0 0.825 0.46328125 0.040625 0.0453125
0 0.77421875 0.4375 0.0453125 0.046875
0 0.7234375 0.41640625 0.0453125 0.05
0 0.3484375 0.47890625 0.0453125 0.05
0 0.86640625 0.640625 0.0421875 0.046875
0 0.68125 0.6453125 0.0453125 0.0484375