0 0.58515625 0.64609375 0.06015625 0.06171875
0 0.60703125 0.57109375 0.05234375 0.05625
0 0.29765625 0.471875 0.05234375 0.0515625
0 0.29453125 0.421875 0.0546875 0.05078125
0 0.4171875 0.3921875 0.05 0.0703125
0 0.496875 0.41484375 0.0609375 0.07578125
0 0.4484375 0.45390625 0.04765625 0.0859375
0 0.51015625 0.4984375 0.04296875 0.053125
0 0.5453125 0.45625 0.0765625 0.06953125
0 0.6578125 0.42109375 0.065625 0.06796875
0 0.78828125 0.384375 0.04765625 0.046875
0 0.8765625 0.409375 0.04765625 0.05234375
0 0.8296875 0.43046875 0.0515625 0.05546875
0 0.7546875 0.46796875 0.0671875 0.0546875
0 0.69453125 0.46953125 0.04375 0.03671875
0 0.66328125 0.521875 0.040625 0.0484375
0 0.70625 0.59140625 0.0453125 0.0484375
0 0.66015625 0.61640625 0.0453125 0.05
0 0.6890625 0.55 0.040625 0.04375
0 0.76640625 0.52421875 0.04296875 0.04296875
0 0.77890625 0.57265625 0.0609375 0.04921875
0 0.4359375 0.58359375 0.04921875 0.0890625
0 0.334375 0.5671875 0.05234375 0.0671875
0 0.35390625 0.65 0.0546875 0.059375
0 0.5125 0.64609375 0.06875 0.05546875
0 0.5140625 0.55625 0.06796875 0.06484375
0 0.484375 0.6078125 0.05390625 0.05859375
0 0.54296875 0.69140625 0.04375 0.0515625
0 0.48515625 0.72578125 0.05 0.05390625
0 0.26484375 0.621875 0.04296875 0.05078125
0 0.24453125 0.57578125 0.04296875 0.0484375
0 0.2359375 0.52578125 0.04296875 0.04765625
0 0.1859375 0.496875 0.09140625 0.07421875
0 0.1484375 0.44375 0.04921875 0.04765625
0 0.18828125 0.39921875 0.06015625 0.09296875
0 0.2625 0.34453125 0.05546875 0.05703125
0 0.26796875 0.29609375 0.07421875 0.05
0 0.359375 0.31875 0.05859375 0.0578125
0 0.4703125 0.26875 0.06484375 0.06171875
0 0.4171875 0.26875 0.05 0.05546875
0 0.4484375 0.31953125 0.0421875 0.0625
0 0.43515625 0.1859375 0.0703125 0.06640625
0 0.38125 0.178125 0.046875 0.0484375
0 0.35625 0.22734375 0.04765625 0.09765625
0 0.30625 0.23515625 0.0546875 0.08046875
0 0.48046875 0.1265625 0.05703125 0.10234375
0 0.5453125 0.21015625 0.04296875 0.0484375
0 0.5734375 0.165625 0.04765625 0.07421875
0 0.68203125 0.15625 0.05625 0.0734375
0 0.728125 0.2546875 0.0625 0.075
0 0.6875 0.28671875 0.03515625 0.03828125
0 0.66875 0.33828125 0.04765625 0.07421875
0 0.60859375 0.31875 0.04765625 0.06796875
0 0.571875 0.2953125 0.05546875 0.0703125
0 0.628125 0.2203125 0.0421875 0.0671875
0 0.61796875 0.26640625 0.03125 0.0359375
0 0.5765625 0.24765625 0.03515625 0.0375
0 0.8140625 0.34765625 0.0421875 0.046875
0 0.71171875 0.3671875 0.03828125 0.0390625
0 0.715625 0.41015625 0.05 0.0546875
0 0.703125 0.315625 0.046875 0.06484375
0 0.80234375 0.2734375 0.04921875 0.03984375
0 0.82578125 0.31171875 0.03828125 0.04375
0 0.71015625 0.6515625 0.0515625 0.053125
0 0.715625 0.50234375 0.0390625 0.03984375
0 0.834375 0.528125 0.0515625 0.053125
0 0.36171875 0.7046875 0.0453125 0.04609375
0 0.2125 0.58984375 0.03984375 0.04453125
0 0.5515625 0.759375 0.04921875 0.05078125
0 0.45234375 0.7484375 0.04375 0.04765625