0 0.37879872833358597 0.38218422346181213 0.07541815651766237 0.07231133723582168
0 0.45689645725634714 0.37704220550783124 0.06756020472226432 0.06445338544042353
0 0.48612191158582796 0.7003206242239379 0.06287270472226432 0.0644261143631848
0 0.5338645199970843 0.7148871182720096 0.06131020472226432 0.0644170240041051
0 0.590236718963812 0.6012740701656035 0.08006020472226431 0.06452610831306042
0 0.5850674299325924 0.5184888412428423 0.0879454275949012 0.07707156010845857
0 0.5368571889095828 0.5578331423743105 0.09413179508134384 0.06617042154477701
0 0.506760622751 0.4876933591968233 0.06125566256778665 0.05504202400410509
0 0.555833927005726 0.4624070128858153 0.08490224082661797 0.09111587939029935
0 0.6146180536655509 0.36049907924078983 0.0817136083130606 0.08016019867214012
0 0.6787709363755 0.2413718293389857 0.056577252926866176 0.05657725292686626
0 0.6735471051898025 0.14921160041622455 0.06283634328594587 0.058176114363184706
0 0.6433192497054124 0.19079511241827712 0.0675511143631848 0.06289088544042354
0 0.5897902496072166 0.2559524798065239 0.0692045179539809 0.07852497579950324
0 0.5752828428931623 0.3138513382177803 0.04717498184962743 0.05183521077238851
0 0.5175794272021179 0.33293768150372616 0.056540891490547904 0.05032725292686626
0 0.458649333916172 0.2754660699692118 0.05813066256778647 0.055023843285945874
0 0.4245061380727022 0.31550980786896343 0.05969316256778665 0.055032933645025484
0 0.4955226200205255 0.3018149465308408 0.051853391490547726 0.05029998184962743
0 0.5380868490414825 0.23203371165615128 0.053434072208706954 0.053434072208706954
0 0.4934192436552882 0.20885528688992042 0.06290906615858276 0.0706761143631847
0 0.4070696949597069 0.5414001421779189 0.09883747579950324 0.06932269262201593
0 0.40141511347942194 0.6437802536142373 0.07851588544042354 0.0676420179539809
0 0.3246344448615111 0.6067256812091386 0.07070338544042354 0.06759656615858275
0 0.3628015444921687 0.4525921722321481 0.07077610831306051 0.08009656615858277
0 0.45119187880112416 0.47082856694414976 0.08016019867214012 0.0817136083130606
0 0.394260622751 0.4883478650505557 0.07069429508134384 0.06603406615858276
0 0.3258509903356385 0.4129620456705192 0.05969316256778665 0.05503293364502539
0 0.27926233664664646 0.4624535064429077 0.0628545240041051 0.06130111436318479
0 0.33220657122674835 0.6996535245932802 0.05812157220870695 0.05346134328594587
0 0.3730088332288009 0.7298859252572102 0.05812157220870695 0.05346134328594587
0 0.41999746271729615 0.7491444644848217 0.05655907220870695 0.05345225292686635
0 0.43672642046462257 0.8045177657144856 0.09435905405833438 0.10523292154477701
0 0.4807582215960908 0.8527007356602564 0.056595433645025395 0.05970225292686635
0 0.5329337999531178 0.8234899586310892 0.1051511083130606 0.08029655405833439
0 0.6028963211285525 0.7629246424725065 0.06757838544042354 0.06757838544042354
0 0.6513656373853312 0.7681115913410383 0.06611587939029953 0.08475679508134401
0 0.6492577158405541 0.6743706817001179 0.07072156615858276 0.07072156615858276
0 0.7221316135776178 0.5770684348233759 0.0754545179539809 0.07856133723582168
0 0.7107128454272452 0.628699112516473 0.06597952400410509 0.06131929508134384
0 0.6674986557320955 0.5867615973911624 0.07063066256778665 0.05509656615858276
0 0.7950923906067849 0.6289894831261736 0.08016928903121964 0.08327610831306043
0 0.7907230531745716 0.6837042542034124 0.05813975292686635 0.056586343285945875
0 0.7376753212267484 0.6972945764121194 0.10507838544042354 0.06779655405833437
0 0.7191980319991369 0.744278660721075 0.09260565651766228 0.0724113311856975
0 0.8628838786047325 0.5981253025062102 0.11295451795398108 0.07877950585373253
0 0.7960003847530526 0.516480392767094 0.05812157220870695 0.05346134328594587
0 0.8451191408031768 0.49900654645608605 0.08473861436318444 0.06299087939029935
0 0.8781083819243822 0.39490485373587425 0.08479315651766228 0.07236587939029934
0 0.7925612464839585 0.32821277830571344 0.0879545179539809 0.07863406010845857
0 0.7521271440246305 0.3612616276417835 0.04399543969514959 0.042442030054229286
0 0.697476005460949 0.3678297902095701 0.08473861436318479 0.06299087939029935
0 0.7033129150036735 0.4310792239527915 0.0784795240041051 0.06139201795398073
0 0.7183930143397437 0.47161786554153506 0.08165906615858276 0.07078519867214013
0 0.8041123457218328 0.4336178957921561 0.07532725292686634 0.056686337235821685
0 0.7564515505422931 0.4331139017440844 0.04241475897699054 0.039307939695149584
0 0.7660856257760621 0.4775906095896067 0.04399543969514959 0.042442030054229286
0 0.7200771924256242 0.22394343482337584 0.05498748184962743 0.05188066256778665
0 0.6792254543294808 0.3194968293389857 0.04713862041330898 0.04558521077238851
0 0.6377419362773041 0.30645647385459557 0.0644170240041051 0.06131020472226432
0 0.726999878997516 0.3395320733870574 0.0753545240041051 0.06137383723582168
0 0.7905533188890572 0.2516593686647931 0.05189884328594587 0.05811248184962743
0 0.7583402617074649 0.22059572102592523 0.05183521077238851 0.04717498184962743
0 0.40073683996629617 0.2586149132551577 0.0644261143631848 0.06287270472226432
0 0.5477754664297293 0.2858854195016736 0.048710210772388504 0.04715680113146812
0 0.5486334636010589 0.164782579142594 0.0644261143631848 0.06287270472226432
0 0.2729583153730159 0.5874944130587659 0.05656816256778665 0.05501475292686635
0 0.352078709692234 0.758133645104785 0.051853391490547726 0.05029998184962743
0 0.2608708849494442 0.3899017955723233 0.05972043364502548 0.0597204336450254
0 0.249729372751 0.4891887232654204 0.05655907220870695 0.05345225292686617