1 0.7546875 0.48671875 0.1015625 0.121875
1 0.5890625 0.7703125 0.084375 0.0859375
1 0.525 0.73125 0.0703125 0.075
1 0.55703125 0.85859375 0.1015625 0.09375
1 0.56796875 0.5734375 0.0734375 0.0765625
1 0.5 0.5890625 0.0703125 0.0671875
1 0.4390625 0.5109375 0.0765625 0.078125
1 0.53203125 0.5046875 0.0921875 0.0734375
1 0.51171875 0.3859375 0.0765625 0.0765625
1 0.4296875 0.43828125 0.0734375 0.0703125
1 0.3796875 0.40234375 0.096875 0.078125
1 0.25390625 0.365625 0.078125 0.0734375
1 0.2265625 0.4390625 0.0984375 0.084375
1 0.29140625 0.4984375 0.0796875 0.0765625
1 0.25703125 0.5734375 0.096875 0.09375
1 0.28125 0.684375 0.078125 0.078125
1 0.309375 0.63984375 0.0734375 0.0671875
1 0.20078125 0.7546875 0.0875 0.0828125
1 0.35078125 0.79921875 0.0859375 0.08125
1 0.39140625 0.88125 0.1421875 0.0875
1 0.490625 0.19296875 0.0828125 0.0828125
1 0.528125 0.27109375 0.084375 0.09375
1 0.41015625 0.27734375 0.1046875 0.1234375