1 0.51328125 0.7546875 0.121875 0.1015625
1 0.2296875 0.5890625 0.0859375 0.084375
1 0.26875 0.525 0.075 0.0703125
1 0.14140625 0.55703125 0.09375 0.1015625
1 0.4265625 0.56796875 0.0765625 0.0734375
1 0.4109375 0.5 0.0671875 0.0703125
1 0.4890625 0.4390625 0.078125 0.0765625
1 0.4953125 0.53203125 0.0734375 0.0921875
1 0.6140625 0.51171875 0.0765625 0.0765625
1 0.56171875 0.4296875 0.0703125 0.0734375
1 0.59765625 0.3796875 0.078125 0.096875
1 0.634375 0.25390625 0.0734375 0.0765625
1 0.5609375 0.2265625 0.084375 0.0984375
1 0.5015625 0.29140625 0.0765625 0.0796875
1 0.4265625 0.25703125 0.09375 0.096875
1 0.315625 0.28125 0.078125 0.0765625
1 0.36015625 0.309375 0.0671875 0.0734375
1 0.2453125 0.20078125 0.0828125 0.0859375
1 0.20078125 0.35078125 0.08125 0.0859375
1 0.11875 0.39140625 0.0875 0.1421875
1 0.80703125 0.490625 0.0828125 0.0828125
1 0.72890625 0.528125 0.09375 0.084375
1 0.72265625 0.41015625 0.1234375 0.1046875