1 0.7546875 0.4953125 0.09296875 0.11640625
1 0.5703125 0.22421875 0.07890625 0.08046875
1 0.50859375 0.26796875 0.06640625 0.0703125
1 0.53203125 0.13828125 0.0953125 0.08828125
1 0.5625 0.421875 0.06953125 0.07109375
1 0.49375 0.4109375 0.06640625 0.06328125
1 0.43828125 0.49296875 0.07265625 0.0734375
1 0.53125 0.49296875 0.08828125 0.0671875
1 0.51953125 0.61328125 0.071875 0.07109375
1 0.434375 0.56640625 0.06953125 0.065625
1 0.38671875 0.60546875 0.0921875 0.07265625
1 0.2640625 0.6515625 0.07265625 0.06875
1 0.23125 0.5796875 0.09375 0.07890625
1 0.2921875 0.51640625 0.07421875 0.07109375
1 0.25234375 0.44375 0.08984375 0.08828125
1 0.26875 0.33125 0.07265625 0.0734375
1 0.3 0.3734375 0.06953125 0.06171875
1 0.18359375 0.2671875 0.08203125 0.0765625
1 0.33046875 0.21171875 0.08125 0.075
1 0.36484375 0.12734375 0.13671875 0.07890625
1 0.51171875 0.80703125 0.078125 0.078125
1 0.54375 0.7265625 0.07734375 0.0890625
1 0.42578125 0.728125 0.09609375 0.1171875