1 0.17421875 0.45234375 0.13828125 0.140625
1 0.24375 0.24921875 0.15234375 0.14921875
1 0.3796875 0.14609375 0.14609375 0.1296875
1 0.55546875 0.25703125 0.14296875 0.15625
1 0.71171875 0.2796875 0.1828125 0.309375
1 0.7859375 0.54453125 0.15 0.14375
1 0.45859375 0.7171875 0.125 0.12109375
1 0.5390625 0.82578125 0.1390625 0.12421875
1 0.4015625 0.815625 0.13046875 0.12578125
1 0.28984375 0.7109375 0.19375 0.1984375
1 0.40625 0.28046875 0.1765625 0.16171875
1 0.73828125 0.76953125 0.1046875 0.103125