1 0.17633770267916088 0.574735858705844 0.15088176483072288 0.15243517447164337
1 0.26191561261466884 0.7703250937769253 0.16657039734428025 0.16346357806243947
1 0.40591507660851117 0.8608904855620606 0.1586397226762452 0.14310562626704132
1 0.5722718505144204 0.734145657499621 0.1572317587805987 0.1696590359079618
1 0.7263917239527914 0.6965315071302788 0.2112567043294808 0.32465560811666877
1 0.7787456060735654 0.42592357046019114 0.1634090359079618 0.15719539734428026
1 0.4381711239293503 0.2849410639190876 0.13514768052176757 0.13359427088084708
1 0.5091563105012421 0.16890699776050483 0.1507908612399266 0.13681017447164331
1 0.3730870002945876 0.19235410900043157 0.14297836123992677 0.13676472267624523
1 0.2700841992613153 0.3062307775201465 0.2121828791939076 0.21528969847574836
1 0.4215542330279778 0.7240853771508041 0.19165221057599666 0.17767152380771342
1 0.7128353015242516 0.20678320590061466 0.11315450585373235 0.11315450585373252