1 0.5015625 0.17401175526455728 0.1578125 0.15716812626704138
1 0.7125 0.2158639537403057 0.1703125 0.1728658491396784
1 0.83359375 0.33609970656897603 0.1484375 0.16492608411256365
1 0.7484375 0.5254480319991369 0.175 0.16508062021691713
1 0.74765625 0.6832559868195971 0.33125 0.22536465612487894
1 0.4953125 0.7919441438282389 0.1625 0.16969539734428024
1 0.27890625 0.49068512909571177 0.1375 0.1414249515990063
1 0.1828125 0.5854385720123153 0.14375 0.15552381303532492
1 0.1734375 0.44710277985783753 0.1421875 0.14770222267624522
1 0.26171875 0.32261638514583596 0.2234375 0.22004992134838536
1 0.7046875 0.38066225194490755 0.1859375 0.1979567527304745
1 0.26640625 0.7749874062230748 0.1171875 0.11943177693097126