1 0.4585549269075303 0.53046875 0.17926129488495235 0.1953125
1 0.40865439997655895 0.41328125 0.16498062626704132 0.1578125
1 0.6297582820973328 0.68359375 0.26215560811666877 0.209375
1 0.580124878997516 0.34375 0.24217945140261463 0.2671875
1 0.33673953512239485 0.675 0.2009908491396783 0.1703125
1 0.2895675358097659 0.22109375 0.1399533551898026 0.153125
1 0.4155078670936592 0.2484375 0.15737720452587264 0.19375
1 0.5999959757013074 0.13359375 0.4890544514026146 0.2671875
1 0.7950504422292324 0.3578125 0.2594396742752515 0.2796875
1 0.7243617340891226 0.56171875 0.27772606596219107 0.2
1 0.2767413246445939 0.43359375 0.30042828863843624 0.3421875