1 0.6083084454506863 0.21953125 0.14623971662612104 0.159375
1 0.33146414431921817 0.17109375 0.16655221662612102 0.159375
1 0.46942775263227865 0.25078125 0.1805692648307229 0.1515625
1 0.4105118157657993 0.3296875 0.21665221057599685 0.1765625
1 0.36294244505790285 0.47890625 0.13202268052176755 0.1328125
1 0.6236026891059745 0.43125 0.20468854176169432 0.26875
1 0.4899862132082754 0.42734375 0.12879768657189175 0.115625
1 0.4873117068635636 0.6390625 0.1618283551898026 0.153125
1 0.4890373124461497 0.5328125 0.19459540339440445 0.1453125
1 0.7755378938282388 0.4953125 0.14145222267624522 0.1421875
1 0.875346996287567 0.4625 0.11960449375348432 0.146875
1 0.7138969327612628 0.64296875 0.21861468637550008 0.2453125
1 0.3710059716942865 0.790625 0.14307835518980258 0.153125