1 0.3096819886853185 0.484375 0.14940107806243946 0.165625
1 0.37914155757437584 0.228125 0.1413522287263694 0.125
1 0.38366140681225 0.12265625 0.13659200585373243 0.1125
1 0.4697988947120016 0.08828125 0.13041472872636942 0.125
1 0.14624217828227232 0.37734375 0.20412493949875796 0.171875
1 0.2182297660090733 0.6265625 0.1398624515990064 0.1375
1 0.31641728113438383 0.66953125 0.17123062626704133 0.1578125
1 0.40379962734719593 0.55546875 0.13673745159900647 0.1375
1 0.6506473562699571 0.56015625 0.1397897287263694 0.125
1 0.6115570643118711 0.69921875 0.20427038524403188 0.196875
1 0.7438575216664141 0.384375 0.13831813231716553 0.140625
1 0.7503943888582691 0.20078125 0.14146131303532491 0.14375