1 0.67265625 0.33984375 0.14296875 0.1828125
1 0.52421875 0.2859375 0.1546875 0.19375
1 0.4078125 0.21171875 0.1046875 0.128125
1 0.30390625 0.26875 0.1625 0.15078125
1 0.1296875 0.32890625 0.11953125 0.109375
1 0.12734375 0.53515625 0.18203125 0.29140625
1 0.2796875 0.62734375 0.1578125 0.11171875
1 0.290625 0.40703125 0.10390625 0.103125
1 0.290625 0.5078125 0.10390625 0.10078125
1 0.40078125 0.434375 0.11796875 0.16796875
1 0.43828125 0.60703125 0.11484375 0.12265625
1 0.55078125 0.5390625 0.11328125 0.11796875
1 0.71953125 0.64765625 0.11171875 0.11796875
1 0.28125 0.74375 0.10859375 0.109375
1 0.428125 0.78046875 0.17734375 0.1421875
1 0.6140625 0.63125 0.10703125 0.109375
1 0.5546875 0.67890625 0.1 0.10859375
1 0.509375 0.73515625 0.1015625 0.10546875