1 0.76015625 0.654422459692234 0.1453125 0.13053290339440443
1 0.8515625 0.38932924569839167 0.14375 0.15083631303532483
1 0.7515625 0.5121849627172962 0.1328125 0.16483518052176754
1 0.68203125 0.4399054417382532 0.153125 0.2008908551898024
1 0.54296875 0.3687838997801672 0.11875 0.11787836729005097
1 0.54921875 0.6336640112164856 0.25 0.17645445745273883
1 0.5734375 0.5025549117822197 0.1015625 0.11777837334017516
1 0.365625 0.46384589402463056 0.1375 0.1461124515990063
1 0.46953125 0.4832004029034251 0.125 0.1804147287263694
1 0.46171875 0.7722174511080271 0.128125 0.12730790944452863
1 0.47890625 0.8770049450579027 0.1359375 0.10391586123992695
1 0.32578125 0.6870515898681002 0.225 0.19193401170746505
1 0.23359375 0.3240152586824029 0.1390625 0.128934041958086