1 0.6479768742239379 0.48203125 0.1745010720123153 0.1828125
1 0.4916309045727548 0.6328125 0.1791067587805987 0.16875
1 0.6190221898915415 0.0875 0.1664613130353249 0.14375
1 0.2597188710024841 0.34375 0.21796018052176755 0.1328125
1 0.5558898890546609 0.33046875 0.14304199375348398 0.146875
1 0.5263801719375605 0.165625 0.1351749515990063 0.1375
1 0.5098774314055303 0.45078125 0.14934653590796182 0.15625
1 0.4043364794137405 0.32890625 0.10059996369925486 0.103125
1 0.47245522033855414 0.303125 0.10536018657189175 0.115625
1 0.2670626966290367 0.55859375 0.3097123850476401 0.3265625
1 0.3130898315784809 0.1671875 0.318541963502863 0.2328125