1 0.5165043031745716 0.68828125 0.16490790339440445 0.1453125
1 0.773167393631847 0.625 0.124246541958086 0.1390625
1 0.8786225080932276 0.62265625 0.11171927088084743 0.134375
1 0.9140600383438487 0.53671875 0.12262040944452864 0.128125
1 0.6213741312370111 0.85390625 0.1699135659621911 0.2
1 0.3732633632830302 0.77578125 0.13673745159900638 0.1375
1 0.3312798754814745 0.6765625 0.1556692587805987 0.16875
1 0.44641399609117516 0.5921875 0.13671927088084707 0.134375
1 0.4441964693565955 0.3453125 0.1242374515990063 0.1375
1 0.3053385024358869 0.38046875 0.1949135659621911 0.2
1 0.6210175237095175 0.25546875 0.13985336123992678 0.1359375
1 0.8053834333504378 0.25390625 0.142996541958086 0.1390625