1 0.6453125 0.2375 0.1265625 0.14453125
1 0.378125 0.15078125 0.14609375 0.13984375
1 0.503125 0.2484375 0.16328125 0.1296875
1 0.4328125 0.31875 0.19609375 0.15
1 0.36484375 0.459375 0.115625 0.1171875
1 0.6296875 0.4484375 0.1703125 0.24609375
1 0.49765625 0.4265625 0.115625 0.10078125
1 0.4640625 0.63515625 0.14453125 0.13359375
1 0.48125 0.53046875 0.17734375 0.121875
1 0.7703125 0.53359375 0.12578125 0.1265625
1 0.87421875 0.51484375 0.1015625 0.13515625
1 0.68828125 0.67109375 0.1875 0.22265625
1 0.32734375 0.76953125 0.12578125 0.13671875