1 0.68828125 0.35859375 0.1625 0.196875
1 0.54609375 0.28984375 0.1734375 0.209375
1 0.43828125 0.20390625 0.1171875 0.1390625
1 0.32890625 0.24921875 0.1765625 0.165625
1 0.14921875 0.29140625 0.1296875 0.121875
1 0.12578125 0.49609375 0.2109375 0.309375
1 0.26796875 0.60390625 0.16875 0.128125
1 0.3015625 0.3859375 0.1140625 0.1140625
1 0.290625 0.4859375 0.1125 0.1109375
1 0.4078125 0.42421875 0.1359375 0.1796875
1 0.42734375 0.6 0.128125 0.1328125
1 0.54609375 0.54453125 0.125 0.1296875
1 0.703125 0.66953125 0.125 0.1296875
1 0.25703125 0.71953125 0.1203125 0.1203125
1 0.39921875 0.77109375 0.190625 0.159375
1 0.6 0.6421875 0.1171875 0.1203125
1 0.5359375 0.68359375 0.1109375 0.11875
1 0.484375 0.73515625 0.1125 0.115625