1 0.3513736859827165 0.5046875 0.1603658491396783 0.1703125
1 0.5185515747427898 0.36875 0.1665340359079618 0.15625
1 0.3505530920093996 0.90078125 0.15546018052176755 0.1328125
1 0.7273736254814744 0.6765625 0.20848518657189175 0.115625
1 0.43198840260883753 0.6640625 0.1304783612399268 0.1359375
1 0.44780027585081683 0.83046875 0.12417381908544893 0.1265625
1 0.486779920857406 0.54765625 0.13834540339440443 0.1453125
1 0.5820702158405541 0.678125 0.09274201190385671 0.0953125
1 0.5118758905085892 0.6984375 0.0959397347764936 0.1078125
1 0.736279951108027 0.46171875 0.28456693930236626 0.3015625
1 0.6611860649802324 0.8484375 0.30120901775758924 0.2078125