1 0.3359375 0.6667955727978822 0.153125 0.1915158551898024
1 0.48671875 0.712012103146699 0.1640625 0.20251698770335996
1 0.60703125 0.7792808954975685 0.1109375 0.13345791549465283
1 0.7078125 0.7161945673369331 0.1703125 0.15880334913967822
1 0.87890625 0.6464491730177151 0.125 0.11635222872636941
1 0.8703125 0.44024916999265284 0.196875 0.3011453852440319
1 0.71328125 0.35678775108015454 0.1640625 0.12126698770335978
1 0.7140625 0.5778769559006147 0.1078125 0.1084397347764936
1 0.70859375 0.47712752215739335 0.1078125 0.1053147347764936
1 0.60234375 0.5566519165748074 0.128125 0.17574540944452863
1 0.55625 0.3866075821676561 0.121875 0.1288340480082102
1 0.446875 0.4606814073032293 0.11875 0.12569086729005097
1 0.27265625 0.36247623234060666 0.11875 0.12569086729005097
1 0.70546875 0.24120820287555259 0.115625 0.11629768657189174
1 0.55703125 0.2131655369881163 0.1859375 0.1526442527304745
1 0.37890625 0.3727955879231927 0.1125 0.11471700585373253
1 0.4359375 0.3216825398167867 0.10625 0.11468064441741407
1 0.478125 0.262843350121637 0.10625 0.11155564441741408