1 0.58828125 0.6171875 0.05078125 0.04921875
1 0.5421875 0.52265625 0.0640625 0.059375
1 0.5984375 0.51328125 0.04609375 0.046875
1 0.66328125 0.575 0.04609375 0.0484375
1 0.5453125 0.72890625 0.053125 0.05
1 0.4421875 0.5203125 0.05 0.04609375
1 0.446875 0.48125 0.04296875 0.03671875
1 0.48046875 0.4515625 0.0375 0.0390625
1 0.5484375 0.43125 0.0421875 0.040625
1 0.54453125 0.35703125 0.0484375 0.046875
1 0.25703125 0.36640625 0.05078125 0.0453125
1 0.2546875 0.540625 0.03984375 0.0390625
1 0.2453125 0.4859375 0.0421875 0.04375
1 0.3859375 0.56484375 0.0546875 0.04921875
1 0.33359375 0.52578125 0.0578125 0.05625
1 0.38125 0.490625 0.04140625 0.04140625
1 0.50859375 0.5734375 0.06015625 0.0546875
1 0.47890625 0.7609375 0.0421875 0.04765625
1 0.55 0.81484375 0.071875 0.04296875
1 0.621875 0.78984375 0.046875 0.04453125
1 0.33125 0.73671875 0.04609375 0.05390625
1 0.409375 0.75546875 0.065625 0.04296875
1 0.29140625 0.77734375 0.04609375 0.04140625
1 0.215625 0.71640625 0.04296875 0.046875
1 0.225 0.59296875 0.040625 0.0390625
1 0.26015625 0.57890625 0.04140625 0.0390625
1 0.33515625 0.58515625 0.0515625 0.04921875
1 0.1046875 0.540625 0.0640625 0.05078125
1 0.13828125 0.59453125 0.03828125 0.0390625
1 0.18515625 0.5765625 0.084375 0.1625
1 0.121875 0.70078125 0.0578125 0.04140625
1 0.19921875 0.80859375 0.04296875 0.03984375
1 0.203125 0.77890625 0.04140625 0.03359375
1 0.23125 0.75859375 0.04296875 0.0421875
1 0.27734375 0.72578125 0.0453125 0.0421875
1 0.39375 0.62734375 0.04453125 0.04453125
1 0.48203125 0.88046875 0.046875 0.04765625