1 0.546218410622879 0.6468001936039747 0.0628545240041051 0.06130111436318479
1 0.47071389569396016 0.7339552808397962 0.06438975292686636 0.056622704722264314
1 0.33806502215739337 0.7066029613615636 0.07229315651766247 0.07229315651766229
1 0.5314120638208918 0.37189564237431055 0.05497839149054773 0.05031816256778665
1 0.6197978529503073 0.35341328708631214 0.05496021077238851 0.04719316256778665
1 0.701905850121637 0.47402524805509244 0.05497839149054773 0.05031816256778665
1 0.6454694977605048 0.5063837509819586 0.050263620413308986 0.04560339149054791
1 0.5938115489901689 0.523089982831586 0.07698065651766228 0.0723204275949012
1 0.5360990429400446 0.5062388261175319 0.07072156615858276 0.07072156615858276
1 0.45941836827200955 0.5269967537124332 0.06435339149054772 0.050372704722264315
1 0.5723491185665972 0.720864407499621 0.0628454336450254 0.0597386143631848
1 0.665024515419898 0.23362296185254303 0.061246572208706954 0.05347952400410509
1 0.574376268641352 0.37242690749962104 0.05812157220870695 0.05346134328594587
1 0.5183706665748073 0.5993075700674076 0.07541815651766245 0.07231133723582168
1 0.4042677808397962 0.4726319614597596 0.07541815651766245 0.07231133723582168
1 0.4982223139190876 0.4369302899149825 0.05498748184962743 0.05188066256778665
1 0.4558075549420971 0.4762382296101322 0.07543633723582169 0.07543633723582169
1 0.44946613047045386 0.6262700458669108 0.05339771077238851 0.04718407220870695
1 0.41128032924078983 0.6100865096643615 0.050254530054229286 0.044040891490547907
1 0.8103137686413519 0.3710542632785988 0.06750566256778683 0.05507838544042354
1 0.5938444070086417 0.24888032319066564 0.04709316861791084 0.03777271077238851
1 0.3719971989667277 0.11111319935951117 0.050254530054229286 0.044040891490547775
1 0.15131095248276913 0.44519834963065763 0.0659886143631847 0.06288179508134402
1 0.6403461814055303 0.4470405672387373 0.12235678903121965 0.08352154800821018
1 0.8333558380213886 0.4388866578924045 0.048701120413308985 0.04559430113146803
1 0.7404870819712643 0.4222400342576417 0.1004545179539809 0.07870678298109546
1 0.812421169305282 0.4116656277399794 0.06749657220870695 0.05351588544042354
1 0.6457841569104459 0.18373659134103826 0.06760565651766245 0.07226588544042353
1 0.5998858496306576 0.15041100693388698 0.05345225292686617 0.056559072208707
1 0.471515409935508 0.19334391637841564 0.05504202400410509 0.06125566256778665
1 0.43653590105671347 0.29745015427816723 0.05032725292686635 0.05654089149054773
1 0.39045876913233124 0.6977046843323965 0.05499657220870695 0.05344316256778665
1 0.4125610281093217 0.6585149193052819 0.07378293364502539 0.05980224687674216
1 0.2907723865205781 0.644380217313492 0.1082579275949013 0.0771897347764936
1 0.3794036153451434 0.5837103620254936 0.13967155405833437 0.105496541958086
1 0.6594870668459538 0.37974398292978184 0.08479315651766246 0.07236587939029934