1 0.6035405521134268 0.5964683954975685 0.05500566256778665 0.05500566256778665
1 0.5148007598607532 0.5415177959651067 0.06603406615858276 0.07069429508134384
1 0.49963884729296665 0.5962916543763631 0.051862481849627426 0.051862481849627426
1 0.5539127359548439 0.6670672418085765 0.05342498184962743 0.05187157220870695
1 0.7193473592950191 0.5645457089256768 0.055023843285945874 0.05813066256778647
1 0.5239762928418488 0.44146779899016886 0.05188066256778665 0.05498748184962743
1 0.4841279976623089 0.442480853146699 0.042460210772388506 0.047120439695149584
1 0.45113823566025635 0.4731405006873711 0.04242384933607006 0.040870439695149585
1 0.4234172357584523 0.5381433319712643 0.04558521077238851 0.04713862041330898
1 0.35004336827200955 0.5276330788480064 0.05187157220870695 0.05342498184962743
1 0.3907648588040398 0.24224956987101595 0.05031816256778656 0.05497839149054773
1 0.5648927052132436 0.25686099483363856 0.04400453005422929 0.04400453005422929
1 0.5110728136245 0.24233086222188538 0.048710210772388504 0.04715680113146821
1 0.5742762746914762 0.38961440749962106 0.05503293364502539 0.05969316256778665
1 0.5410052324388026 0.3343411002198328 0.06287270472226432 0.06442611436318471
1 0.5009069523845733 0.37832290437636307 0.04557612041330898 0.0455761204133089
1 0.5688706363241863 0.5130791785768599 0.06131020472226432 0.0644170240041051
1 0.7587734736582039 0.5018184499486864 0.05183521077238851 0.04717498184962743
1 0.8044217960633027 0.5781127843558377 0.05200792759490156 0.07686248184962743
1 0.7719905702637995 0.6470491367169698 0.04873748184962743 0.051844301131468026
1 0.7510478529503073 0.35264969692362425 0.05811248184962743 0.05189884328594587
1 0.7607404946372468 0.4322781095896067 0.05040906615858276 0.07060339149054791
1 0.7957836360295987 0.3172343716898552 0.04561248184962743 0.05182612041330899
1 0.7439171298812787 0.23550764871902236 0.05184430113146821 0.04873748184962743
1 0.6197211057789778 0.23232408226585194 0.04400453005422946 0.04400453005422929
1 0.6023381630587659 0.2660178262157277 0.04400453005422929 0.04400453005422929
1 0.5995535306434044 0.3418127117543472 0.05501475292686635 0.05656816256778665
1 0.5813858345053472 0.10755134124284241 0.05664997579950324 0.06907725292686621
1 0.6311585755283567 0.14632294975229462 0.04242384933607006 0.040870439695149675
1 0.6082432502945876 0.1909860099589491 0.17090337334017516 0.10255334913967831
1 0.7382170966055955 0.1410127601553408 0.04723861436318479 0.06277271077238851
1 0.836926786497137 0.2279355223537851 0.04559430113146803 0.048701120413308985
1 0.8072347413175972 0.2288894891762978 0.039317030054229464 0.04397725897699045
1 0.7836472503927835 0.25480709456249206 0.04715680113146803 0.048710210772388504
1 0.745897265518094 0.2979940131804029 0.04716589149054773 0.050272710772388506
1 0.6351274162802197 0.404103633495516 0.048719301131468204 0.048719301131468204
1 0.8774325700674076 0.5167525826586354 0.051862481849627426 0.051862481849627426