1 0.50390625 0.3421875 0.05625 0.053125
1 0.40703125 0.28125 0.0578125 0.0484375
1 0.28828125 0.34609375 0.0640625 0.0640625
1 0.56875 0.609375 0.05 0.04375
1 0.65859375 0.60078125 0.05 0.040625
1 0.70234375 0.4609375 0.05 0.04375
1 0.6390625 0.446875 0.046875 0.0390625
1 0.584375 0.44609375 0.0703125 0.0640625
1 0.534375 0.4796875 0.0625 0.0625
1 0.45546875 0.4828125 0.059375 0.0421875
1 0.5078125 0.26328125 0.05625 0.0515625
1 0.7359375 0.70234375 0.05625 0.0453125
1 0.609375 0.596875 0.053125 0.046875
1 0.49140625 0.3953125 0.06875 0.0640625
1 0.41796875 0.55078125 0.0671875 0.0640625
1 0.51796875 0.5578125 0.05 0.0453125
1 0.46640625 0.53203125 0.0671875 0.0671875
1 0.4171875 0.390625 0.0484375 0.040625
1 0.38515625 0.4171875 0.0453125 0.0375
1 0.83515625 0.52734375 0.0625 0.046875
1 0.66328125 0.70859375 0.0421875 0.0328125
1 0.49140625 0.90703125 0.0453125 0.0375
1 0.18515625 0.653125 0.0578125 0.0546875
1 0.65078125 0.50546875 0.1140625 0.0671875
1 0.8375 0.45546875 0.04375 0.040625
1 0.75390625 0.49921875 0.09375 0.065625
1 0.82578125 0.48828125 0.0625 0.0453125
1 0.73203125 0.75546875 0.059375 0.0640625
1 0.69765625 0.8015625 0.046875 0.05
1 0.5625 0.7984375 0.046875 0.05625
1 0.5 0.709375 0.04375 0.0515625
1 0.340625 0.33984375 0.0484375 0.046875
1 0.37265625 0.3703125 0.0671875 0.0515625
1 0.2609375 0.4203125 0.1 0.0625
1 0.3625 0.45234375 0.1296875 0.0859375
1 0.68828125 0.5640625 0.0765625 0.0609375