1 0.34296875 0.51484375 0.04921875 0.05390625
1 0.275 0.42265625 0.0453125 0.0546875
1 0.33203125 0.29921875 0.06015625 0.05859375
1 0.6140625 0.5609375 0.04140625 0.046875
1 0.61171875 0.65078125 0.03828125 0.04765625
1 0.475 0.7046875 0.040625 0.04609375
1 0.45703125 0.6421875 0.0359375 0.04453125
1 0.45234375 0.58828125 0.059375 0.065625
1 0.48203125 0.5359375 0.059375 0.0578125
1 0.4796875 0.45703125 0.0390625 0.05546875
1 0.2640625 0.52421875 0.0484375 0.05390625
1 0.71796875 0.72109375 0.0421875 0.053125
1 0.60390625 0.60234375 0.04375 0.05
1 0.3953125 0.4984375 0.05859375 0.0640625
1 0.5453125 0.41484375 0.06015625 0.06171875
1 0.55859375 0.5140625 0.0421875 0.04765625
1 0.5296875 0.4640625 0.06328125 0.06328125
1 0.38515625 0.425 0.03828125 0.0453125
1 0.409375 0.39140625 0.03515625 0.04453125
1 0.55078125 0.8328125 0.0421875 0.06015625
1 0.71953125 0.6484375 0.0296875 0.03984375
1 0.90546875 0.46328125 0.034375 0.04375
1 0.63046875 0.175 0.0515625 0.0546875
1 0.515625 0.65 0.059375 0.1109375
1 0.47890625 0.83984375 0.03828125 0.04140625
1 0.5171875 0.753125 0.059375 0.0890625
1 0.5109375 0.82578125 0.040625 0.059375
1 0.77109375 0.71328125 0.0609375 0.0546875
1 0.81484375 0.67578125 0.04765625 0.04453125
1 0.80234375 0.54140625 0.05234375 0.04453125
1 0.70859375 0.48515625 0.0484375 0.040625
1 0.32890625 0.35234375 0.04375 0.0453125
1 0.36171875 0.38203125 0.04609375 0.0640625
1 0.40390625 0.2671875 0.05703125 0.09609375
1 0.44296875 0.36640625 0.07890625 0.12578125
1 0.57734375 0.68359375 0.05546875 0.0734375