1 0.57734375 0.6208598623200812 0.0546875 0.055005662567786474
1 0.53984375 0.5234217809379921 0.06875 0.06446247579950323
1 0.596875 0.5184024828315861 0.0515625 0.051862481849627426
1 0.65625 0.5852445491865605 0.0515625 0.051862481849627426
1 0.525 0.7289768893492484 0.0578125 0.055023843285945874
1 0.440625 0.5122802687395478 0.053125 0.05187157220870695
1 0.4484375 0.4739535669441497 0.046875 0.040897710772388504
1 0.484375 0.44718198868531844 0.040625 0.04242384933607006
1 0.55390625 0.4327149677062755 0.0453125 0.04401362041330899
1 0.55703125 0.35847803698811626 0.0515625 0.051862481849627426
1 0.26953125 0.3445256630587659 0.053125 0.05030907220870695
1 0.25234375 0.5172819070086417 0.04375 0.042442030054229286
1 0.24765625 0.4626216780858806 0.0453125 0.04713862041330898
1 0.38046875 0.5524739975641131 0.059375 0.05503293364502539
1 0.33203125 0.5090057986955813 0.0625 0.06130111436318479
1 0.3828125 0.47824161202549365 0.04375 0.04400453005422929
1 0.50234375 0.5712961995559029 0.0640625 0.059747704722264317
1 0.45625 0.7551581151487516 0.046875 0.050272710772388506
1 0.52265625 0.8149280248878679 0.075 0.05043633723582168
1 0.59609375 0.7957507780111258 0.05 0.04872839149054773
1 0.3109375 0.719284768543156 0.0515625 0.05654998184962743
1 0.3875 0.7446205909482548 0.06875 0.05039997579950324
1 0.26796875 0.7562535034178456 0.05 0.04560339149054791
1 0.19765625 0.6894750695764283 0.0484375 0.050281801131468205
1 0.21796875 0.5674818949083933 0.04375 0.042442030054229286
1 0.25390625 0.5563353166495622 0.04375 0.042442030054229286
1 0.328125 0.5684035245932803 0.05625 0.055014752926866174
1 0.10234375 0.5056545814802851 0.06875 0.05508747579950324
1 0.13125 0.5617364098373121 0.040625 0.04242384933607006
1 0.1796875 0.5481733587058439 0.0984375 0.16932269262201594
1 0.10546875 0.6665739007621257 0.0609375 0.04566702400410509
1 0.1734375 0.7802409701421624 0.046875 0.04402271077238851
1 0.1796875 0.7512983587058439 0.04375 0.03775453005422928
1 0.209375 0.7331568918833312 0.046875 0.04558521077238851
1 0.25859375 0.7039642955723233 0.0484375 0.04559430113146821
1 0.3828125 0.6157416120254936 0.046875 0.04714771077238851
1 0.44921875 0.8747302717646098 0.0515625 0.051862481849627426