1 0.6953125 0.7193922902095702 0.1296875 0.12419199980360815
1 0.78828125 0.6258826638443329 0.1234375 0.12415563836728971
1 0.72421875 0.5582866185665972 0.146875 0.11491699375348396
1 0.715625 0.4255241155415351 0.1875 0.1276533430895542
1 0.8453125 0.4169571157379268 0.1640625 0.16032948770335978
1 0.55625 0.3498888321676561 0.1109375 0.10689541549465283
1 0.67421875 0.23357751005714494 0.1203125 0.11944995764913058
1 0.640625 0.16424170277735675 0.109375 0.10063632513557322
1 0.49140625 0.23151608206946023 0.0984375 0.11463519262201594
1 0.55546875 0.1795808773471959 0.1359375 0.12579086123992678
1 0.31875 0.227833066747758 0.1015625 0.08809087334017515
1 0.22109375 0.33074496419023414 0.1109375 0.08814541549465282
1 0.19765625 0.39728756957642836 0.1125 0.08659200585373253