1 0.7953125 0.35618949277152545 0.0375 0.03615566861791084
1 0.7859375 0.3819162006170477 0.0359375 0.03458407825883114
1 0.74375 0.449639510921898 0.0375 0.03615566861791084
1 0.71171875 0.4213281585607659 0.0359375 0.03458407825883114
1 0.68046875 0.5742713513791735 0.0421875 0.04243293969514959
1 0.71953125 0.566686110356164 0.0375 0.033030668617910666
1 0.7484375 0.5731042819991369 0.040625 0.03617384933607006
1 0.78984375 0.6170951765147468 0.0375 0.03459316861791084
1 0.83203125 0.6032781162098965 0.0375 0.03303066861791084
1 0.86640625 0.561290604109648 0.04375 0.039317030054229284
1 0.65546875 0.7538134056338996 0.040625 0.03461134933607006
1 0.65859375 0.7882065863520589 0.0328125 0.03144089754067192
1 0.60390625 0.8175759237842722 0.0453125 0.05182612041330899
1 0.55546875 0.808700372652804 0.046875 0.03621021077238851
1 0.53359375 0.7882606076256894 0.0328125 0.03144089754067192
1 0.546875 0.6406816256778661 0.0421875 0.03618293969514959
1 0.47578125 0.7551117643397436 0.0546875 0.05188066256778647
1 0.62109375 0.852832167734148 0.0390625 0.02991475897699054