1 0.3377106409013726 0.43711261797742207 0.04243293969514968 0.04243293969514959
1 0.45551628531878663 0.5426808410464506 0.06441702400410491 0.06131020472226432
1 0.313628767168414 0.5950705637226958 0.05497839149054773 0.05031816256778647
1 0.2623293667008758 0.5063035003927835 0.04713862041330898 0.04558521077238851
1 0.16521801736480568 0.46624210265571975 0.040897710772388504 0.047111349336070064
1 0.14001400516636142 0.5656108435805335 0.048673849336070066 0.040906801131468204
1 0.16942931527482002 0.6529426719375605 0.036119307181592356 0.03145907825883114
1 0.142490086253863 0.7226330032214537 0.0455761204133089 0.04557612041330898
1 0.2646918182998821 0.6437944100337039 0.036137487899751616 0.03458407825883114
1 0.3203378303019347 0.6739404522863774 0.04085225897699045 0.039298849336070064
1 0.3382752849260031 0.8027467083365016 0.04399543969514967 0.04244203005422946
1 0.30166561923495855 0.8217103317748726 0.03460225897699045 0.03926248789975162
1 0.226797429441613 0.8448029190106944 0.028270445745273865 0.02516362646343282
1 0.4411184837945349 0.7537092446372469 0.048701120413308985 0.04559430113146803
1 0.40554914333725944 0.817199572896078 0.047120439695149584 0.042460210772388506
1 0.50288775165032 0.8963234706331417 0.05969316256778665 0.05503293364502539
1 0.08132935157556524 0.5503267320460191 0.037718168617910844 0.037718168617910844
1 0.08542649911623722 0.5831165061483201 0.04715680113146814 0.048710210772388504
1 0.0986026891059745 0.43069094291660354 0.04083407825883119 0.03617384933607006
1 0.35138680064048883 0.37062455474570544 0.040879530054229285 0.04398634933607006