1 0.5609375 0.459375 0.10546875 0.1109375
1 0.41796875 0.3125 0.0953125 0.10546875
1 0.49296875 0.32421875 0.08203125 0.09609375
1 0.57265625 0.26015625 0.08203125 0.0859375
1 0.5453125 0.1625 0.0890625 0.07890625
1 0.52890625 0.0890625 0.08828125 0.06953125
1 0.709375 0.28203125 0.075 0.08203125
1 0.64921875 0.33203125 0.08671875 0.084375
1 0.72578125 0.3484375 0.06953125 0.07890625
1 0.76953125 0.4859375 0.09296875 0.09765625
1 0.72265625 0.6 0.0890625 0.08515625
1 0.90546875 0.5640625 0.08671875 0.08828125
1 0.690625 0.71171875 0.08828125 0.08046875
1 0.7546875 0.7421875 0.08671875 0.0921875
1 0.85703125 0.37109375 0.103125 0.1109375
1 0.84765625 0.4625 0.0765625 0.0828125
1 0.90390625 0.29453125 0.0671875 0.09375
1 0.740625 0.2 0.07265625 0.06796875
1 0.815625 0.1765625 0.07265625 0.09296875
1 0.72734375 0.13046875 0.05859375 0.0578125
1 0.65703125 0.16015625 0.075 0.0734375
1 0.6703125 0.096875 0.109375 0.078125