1 0.31640625 0.225 0.03125 0.03359375
1 0.34375 0.23125 0.03125 0.0328125
1 0.41640625 0.26484375 0.03203125 0.03515625
1 0.3921875 0.3 0.03125 0.0328125
1 0.54765625 0.3125 0.03671875 0.0375
1 0.53515625 0.27421875 0.028125 0.03359375
1 0.53828125 0.2453125 0.03203125 0.0375
1 0.5765625 0.1984375 0.0296875 0.03359375
1 0.55703125 0.15859375 0.028125 0.03515625
1 0.5109375 0.1296875 0.03515625 0.040625
1 0.72890625 0.315625 0.0296875 0.03828125
1 0.76328125 0.3078125 0.028125 0.0296875
1 0.79921875 0.35859375 0.04765625 0.04140625
1 0.79609375 0.4078125 0.03203125 0.04375
1 0.77890625 0.43203125 0.02890625 0.0296875
1 0.63046875 0.43671875 0.03125 0.0390625
1 0.753125 0.49296875 0.0453125 0.05078125
1 0.83203125 0.3375 0.02578125 0.0359375