1 0.48046875 0.325 0.03359375 0.03515625
1 0.55546875 0.46484375 0.04921875 0.053125
1 0.63984375 0.3390625 0.040625 0.04609375
1 0.565625 0.26875 0.0375 0.0390625
1 0.55 0.16484375 0.040625 0.03125
1 0.65234375 0.16328125 0.03203125 0.0421875
1 0.73046875 0.2125 0.02578125 0.03046875
1 0.8046875 0.203125 0.03671875 0.0375
1 0.69921875 0.303125 0.028125 0.0296875
1 0.71484375 0.3640625 0.03203125 0.034375
1 0.8359375 0.4125 0.03359375 0.0359375
1 0.86328125 0.38125 0.03515625 0.0265625
1 0.903125 0.3140625 0.01875 0.025
1 0.7640625 0.50078125 0.0359375 0.04140625
1 0.834375 0.48125 0.0328125 0.03984375
1 0.8875 0.59453125 0.04296875 0.05
1 0.6515625 0.103125 0.03203125 0.03125
1 0.68203125 0.11484375 0.03984375 0.0375
1 0.53125 0.09140625 0.028125 0.034375
1 0.41328125 0.32265625 0.03671875 0.0328125