1 0.4467820128858153 0.5505069765850701 0.12888859016268786 0.13199540944452864
1 0.6180115973911625 0.6604445370863121 0.1179147287263694 0.12568177693097127
1 0.5421985311343838 0.6663541695016736 0.10221700585373253 0.11309087334017516
1 0.47844912764178354 0.7471910790443982 0.09902837334017515 0.10213519262201594
1 0.5271497271742452 0.8359672327333902 0.10525110226293641 0.09748405405833438
1 0.5587855465542819 0.9037496303722581 0.10049996974937905 0.08651928298109546
1 0.3408945854873058 0.7573660306434045 0.09117951190385672 0.09583974082661798
1 0.3881331998504905 0.6945933198710159 0.10527837334017516 0.10217155405833438
1 0.30999910949141085 0.6966103378249968 0.08491133118569749 0.09267837939029935
1 0.23728429303824047 0.5728188347017389 0.11317268657189175 0.11627950585373234
1 0.25830584104645066 0.45082566003370383 0.10684087334017515 0.10218064441741408
1 0.0875479134515494 0.5283790091733822 0.10529655405833438 0.10529655405833438
1 0.26444727761834236 0.3351688437769252 0.10369769262201593 0.09903746369925477
1 0.19578818120913857 0.31994381957642837 0.10688632513557321 0.109993144417414
1 0.1771411576960128 0.7051955183467643 0.1257635901626879 0.1319772287263694
1 0.1659541937021704 0.6138574460398616 0.09432269262201594 0.09898292154477702
1 0.14773948312617363 0.7905199399897372 0.086555644417414 0.10674996974937886
1 0.32789007055838704 0.8441575035160416 0.08641928903121973 0.0833124697493787
1 0.2596895164018568 0.8843966841360047 0.09125223477649361 0.10833974082661797
1 0.3564190706565829 0.9088330818730685 0.07072156615858276 0.07072156615858276
1 0.41839689589035195 0.8639427626894236 0.08958065046753827 0.08958065046753845
1 0.41958214598854787 0.928777422330344 0.12401928298109546 0.10071813836729007