1 0.7939110220591975 0.64375 0.03927157825883132 0.0359375
1 0.7839093081635511 0.6171875 0.037709078258831144 0.0359375
1 0.7413314436039746 0.55 0.03927157825883114 0.0359375
1 0.7099132719610017 0.57890625 0.037709078258831144 0.0359375
1 0.6764245819712643 0.4265625 0.04243293969514959 0.0421875
1 0.7162274253554062 0.43359375 0.0376908975406721 0.0328125
1 0.7443933319712643 0.4265625 0.04239657825883114 0.0359375
1 0.7860586572050334 0.38203125 0.03769998789975162 0.034375
1 0.828164343973317 0.39609375 0.0376908975406721 0.0328125
1 0.8622984494577072 0.4375 0.04553975897699018 0.0390625
1 0.6493404280858807 0.24765625 0.04082498789975162 0.034375
1 0.6526699611651721 0.2125 0.03299430718159222 0.03125
1 0.5973648376286051 0.184375 0.04717498184962743 0.0515625
1 0.5488727954741274 0.19375 0.048655668617910666 0.0375
1 0.5268796208060923 0.2140625 0.03299430718159222 0.03125
1 0.5424268318730685 0.36171875 0.04395907825883114 0.0359375
1 0.47042963290634077 0.2484375 0.05654998184962743 0.0515625
1 0.6139801658874363 0.1484375 0.0392352168225127 0.0296875