1 0.325 0.26015625 0.1203125 0.1125
1 0.22421875 0.34453125 0.1140625 0.1140625
1 0.28203125 0.41796875 0.1390625 0.103125
1 0.27890625 0.5515625 0.178125 0.1125
1 0.14921875 0.54765625 0.153125 0.146875
1 0.43125 0.64140625 0.103125 0.0984375
1 0.303125 0.74609375 0.1109375 0.109375
1 0.33125 0.81875 0.1015625 0.0921875
1 0.48515625 0.76484375 0.0890625 0.1078125
1 0.4171875 0.8109375 0.1265625 0.1140625
1 0.65703125 0.78515625 0.0953125 0.0796875
1 0.76328125 0.69140625 0.1046875 0.078125
1 0.7921875 0.62734375 0.10625 0.0765625