1 0.5086190803019347 0.67578125 0.03928975897699054 0.0390625
1 0.5632242461893711 0.52734375 0.056595433645025395 0.059375
1 0.6646600020431034 0.63984375 0.04717498184962743 0.0515625
1 0.601061110356164 0.71953125 0.04244203005422946 0.04375
1 0.6008934595940382 0.825 0.045521578258831144 0.0359375
1 0.7023832367214012 0.8125 0.03777271077238851 0.046875
1 0.7723457578968359 0.75234375 0.029887487899751618 0.034375
1 0.8473412127172961 0.7515625 0.04243293969514959 0.0421875
1 0.7288815833269968 0.6671875 0.0314408975406721 0.0328125
1 0.735549218963812 0.6046875 0.03616475897699054 0.0390625
1 0.8476719690620079 0.53984375 0.039298849336070064 0.040625
1 0.8798623003459014 0.5671875 0.03768180718159257 0.03125
1 0.9286543243500063 0.628125 0.022038626463433176 0.028125
1 0.7644094962875668 0.4625 0.040888620413308985 0.0453125
1 0.8363390384420445 0.471875 0.03776362041330898 0.0453125
1 0.8723623759724539 0.35234375 0.05032725292686635 0.05625
1 0.7105411703664266 0.871875 0.03614657825883114 0.0359375
1 0.7385752667756306 0.85625 0.04555793969514958 0.0421875
1 0.5927360468298598 0.9 0.03303066861791084 0.0375
1 0.44306225799503185 0.6875 0.04240566861791066 0.0375