1 0.25703125 0.32890625 0.1109375 0.11875
1 0.33984375 0.22734375 0.1125 0.11171875
1 0.4140625 0.28359375 0.09921875 0.13671875
1 0.54765625 0.278125 0.10859375 0.1765625
1 0.54140625 0.1484375 0.14375 0.15078125
1 0.63984375 0.42890625 0.09765625 0.1015625
1 0.74296875 0.29921875 0.1078125 0.109375
1 0.815625 0.32578125 0.090625 0.09921875
1 0.76484375 0.48046875 0.10703125 0.0875
1 0.809375 0.41171875 0.11171875 0.12578125
1 0.7875 0.65234375 0.07734375 0.09296875
1 0.69609375 0.76015625 0.0765625 0.103125
1 0.6328125 0.78984375 0.075 0.1046875