1 0.5484375 0.5546875 0.13125 0.134375
1 0.371875 0.66015625 0.1203125 0.1265625
1 0.44765625 0.66796875 0.103125 0.1140625
1 0.5078125 0.75078125 0.1 0.1046875
1 0.45625 0.8375 0.10625 0.0984375
1 0.421875 0.9046875 0.1015625 0.0890625
1 0.64609375 0.76484375 0.09375 0.0984375
1 0.60078125 0.70078125 0.10625 0.1046875
1 0.67890625 0.7046875 0.0859375 0.09375
1 0.75703125 0.58359375 0.115625 0.1171875
1 0.740625 0.4609375 0.1078125 0.1046875
1 0.90859375 0.54296875 0.1078125 0.109375
1 0.7390625 0.34453125 0.10625 0.1015625
1 0.80859375 0.33203125 0.1078125 0.1109375
1 0.81171875 0.7171875 0.128125 0.134375
1 0.82578125 0.6265625 0.0953125 0.1
1 0.83671875 0.803125 0.0890625 0.1078125
1 0.6546875 0.85234375 0.0875 0.084375
1 0.72109375 0.89375 0.09375 0.109375
1 0.62421875 0.915625 0.071875 0.071875
1 0.5640625 0.86875 0.0921875 0.090625
1 0.56015625 0.93359375 0.1265625 0.103125