1 0.5421875 0.55546875 0.07890625 0.08359375
1 0.5234375 0.41875 0.0671875 0.06796875
1 0.4859375 0.38125 0.06484375 0.0625
1 0.50546875 0.3140625 0.08203125 0.08203125
1 0.6828125 0.57109375 0.06171875 0.065625
1 0.7453125 0.4953125 0.08359375 0.07265625
1 0.8484375 0.4984375 0.05703125 0.065625
1 0.72421875 0.66796875 0.065625 0.071875
1 0.63984375 0.6734375 0.078125 0.084375
1 0.61875 0.77890625 0.09921875 0.0984375
1 0.48359375 0.8171875 0.09921875 0.10859375
1 0.36484375 0.584375 0.071875 0.0796875
1 0.3265625 0.50078125 0.0875 0.08203125
1 0.3109375 0.55234375 0.05390625 0.04609375
1 0.371875 0.24765625 0.06640625 0.07421875
1 0.45546875 0.21484375 0.06171875 0.06640625
1 0.54609375 0.1953125 0.06328125 0.0625
1 0.62265625 0.28046875 0.06015625 0.06015625
1 0.6578125 0.23359375 0.05859375 0.06484375
1 0.66796875 0.3671875 0.05390625 0.059375
1 0.553125 0.3734375 0.04609375 0.04765625
1 0.61328125 0.37421875 0.0625 0.08515625
1 0.7984375 0.4546875 0.04765625 0.0546875
1 0.84140625 0.37421875 0.04140625 0.0484375
1 0.75234375 0.41328125 0.0578125 0.0609375
1 0.790625 0.3796875 0.05625 0.0859375
1 0.87734375 0.34296875 0.059375 0.05625
1 0.79375 0.734375 0.08125 0.09921875
1 0.87890625 0.6078125 0.08984375 0.11875
1 0.303125 0.6484375 0.0765625 0.0765625
1 0.2421875 0.58671875 0.071875 0.084375
1 0.6703125 0.1890625 0.05 0.05
1 0.81328125 0.23125 0.06796875 0.0625
1 0.4984375 0.153125 0.0578125 0.05625
1 0.88984375 0.4015625 0.05234375 0.0640625