1 0.4453125 0.41484375 0.1140625 0.0953125
1 0.32734375 0.6203125 0.115625 0.1015625
1 0.44609375 0.5921875 0.1046875 0.0875
1 0.509375 0.278125 0.1 0.078125
1 0.625 0.3421875 0.1265625 0.1
1 0.42734375 0.7203125 0.1078125 0.0796875
1 0.51640625 0.67109375 0.1078125 0.096875
1 0.39609375 0.64375 0.0796875 0.06875
1 0.275 0.40390625 0.090625 0.071875
1 0.21796875 0.43515625 0.0875 0.0765625
1 0.22109375 0.36640625 0.075 0.0578125
1 0.03125 0.5234375 0.0625 0.078125
1 0.11015625 0.278125 0.090625 0.065625
1 0.1359375 0.4 0.1140625 0.0984375
1 0.2390625 0.24609375 0.0890625 0.0671875
1 0.23828125 0.30703125 0.1171875 0.0796875
1 0.315625 0.175 0.0890625 0.0671875
1 0.28671875 0.13046875 0.1140625 0.0703125
1 0.3828125 0.1390625 0.0765625 0.0640625
1 0.42109375 0.2 0.10625 0.096875
1 0.45 0.1 0.1015625 0.0765625
1 0.28828125 0.07734375 0.08125 0.0546875
1 0.246875 0.03671875 0.0875 0.0703125
1 0.1875 0.028125 0.090625 0.05625
1 0.33515625 0.03515625 0.1203125 0.0703125
1 0.63515625 0.2578125 0.0984375 0.078125
1 0.5890625 0.09296875 0.1640625 0.1140625
1 0.7296875 0.20390625 0.1390625 0.1015625
1 0.74609375 0.38359375 0.140625 0.1171875
1 0.7703125 0.5234375 0.165625 0.1203125
1 0.06171875 0.2359375 0.065625 0.0671875
1 0.09296875 0.078125 0.0859375 0.08125