1 0.69921875 0.61328125 0.1421875 0.153125
1 0.85390625 0.49296875 0.1 0.121875
1 0.5328125 0.490625 0.1109375 0.1125
1 0.5296875 0.415625 0.090625 0.09375
1 0.3203125 0.48203125 0.1140625 0.1171875
1 0.2921875 0.3921875 0.0734375 0.0765625
1 0.24765625 0.42734375 0.0796875 0.0859375
1 0.14921875 0.3734375 0.0890625 0.0953125
1 0.178125 0.28671875 0.0734375 0.0796875
1 0.25234375 0.27421875 0.0734375 0.0796875
1 0.33671875 0.32421875 0.0625 0.0671875
1 0.41640625 0.39375 0.0703125 0.0765625
1 0.4671875 0.3921875 0.0625 0.0671875
1 0.3515625 0.23515625 0.0859375 0.071875
1 0.44375 0.2296875 0.0578125 0.059375
1 0.38359375 0.18203125 0.053125 0.05625
1 0.4640625 0.165625 0.0515625 0.059375
1 0.365625 0.2859375 0.0734375 0.059375
1 0.41953125 0.2828125 0.0609375 0.0625
1 0.4703125 0.315625 0.0859375 0.0828125
1 0.540625 0.26796875 0.05625 0.059375
1 0.5671875 0.3046875 0.0625 0.059375
1 0.5125 0.19921875 0.05625 0.05625
1 0.5515625 0.159375 0.053125 0.0546875
1 0.56484375 0.19609375 0.0484375 0.0453125
1 0.63671875 0.209375 0.040625 0.0453125
1 0.66875 0.21484375 0.05 0.05625
1 0.70859375 0.228125 0.059375 0.065625
1 0.63671875 0.28828125 0.05625 0.0578125
1 0.61640625 0.2265625 0.0625 0.0734375
1 0.72890625 0.3015625 0.065625 0.0734375
1 0.68828125 0.321875 0.0515625 0.0515625
1 0.640625 0.3296875 0.0484375 0.05
1 0.66015625 0.3515625 0.0546875 0.0515625
1 0.659375 0.4171875 0.06875 0.0703125
1 0.7109375 0.38671875 0.071875 0.075
1 0.78828125 0.3953125 0.0828125 0.0859375
1 0.72265625 0.44609375 0.0796875 0.0796875