1 0.48841968890958276 0.5637600564942213 0.11946813836728971 0.12412836729005097
1 0.7531901951560986 0.41843041753775634 0.0928147347764936 0.10834883118569749
1 0.18148336679907162 0.4440095961146162 0.12263859016268785 0.13195904800821018
1 0.23690316158582797 0.7044794635028631 0.14456813231716562 0.14146131303532491
1 0.5008520320973328 0.6864844841873184 0.0738920179539809 0.07855224687674198
1 0.42398045988862576 0.6329140565924172 0.0770170179539809 0.07857042759490121
1 0.36729412265280414 0.5575868036655509 0.1257272287263694 0.1257272287263694
1 0.5572747489198455 0.7164992371141847 0.05503293364502539 0.05969316256778665
1 0.6041452037403057 0.7159906978865733 0.06917724687674216 0.07383747579950324
1 0.6554259026088375 0.6678531797362006 0.09899201190385672 0.09588519262201593
1 0.5177718873853312 0.7748611829576545 0.05505111436318479 0.06281816256778647
1 0.5622758663080922 0.7704327581914235 0.06598861436318479 0.06288179508134384
1 0.6682243218159235 0.316377038147457 0.0880272408266178 0.09113406010845856
1 0.7494697766363838 0.3160684868195971 0.06757838544042354 0.06757838544042354
1 0.6476072947867564 0.2639151134794219 0.07856133723582168 0.0754545179539809
1 0.6959220749391815 0.24310316461089004 0.06913179508134384 0.06602497579950324
1 0.6392993702169172 0.17871341168402383 0.07230224687674217 0.07385565651766246
1 0.5617738130353248 0.1470134389095828 0.10689541549465283 0.11155564441741399
1 0.06177939997655889 0.4136266836450255 0.10223518657189172 0.11621587334017516
1 0.07797254741903499 0.5113738372358216 0.09902837334017515 0.10213519262201594
1 0.41644573672140117 0.8148953096174794 0.0597295240041051 0.06128293364502539
1 0.47262301384876426 0.8027225625443455 0.055023843285945874 0.05813066256778683
1 0.4358224506170477 0.7884464391059745 0.05814884328594587 0.05814884328594587