1 0.55625 0.40546875 0.09375 0.1078125
1 0.57265625 0.3046875 0.06796875 0.08828125
1 0.6953125 0.359375 0.065625 0.0859375
1 0.35625 0.31796875 0.08203125 0.10703125
1 0.30078125 0.2125 0.06796875 0.09453125
1 0.35234375 0.1890625 0.06171875 0.08671875
1 0.46953125 0.234375 0.059375 0.0828125
1 0.51875 0.25546875 0.05625 0.078125
1 0.21875 0.10703125 0.071875 0.1015625
1 0.63671875 0.18046875 0.05390625 0.06953125
1 0.71015625 0.18671875 0.053125 0.07265625
1 0.79296875 0.23828125 0.05625 0.0796875
1 0.82578125 0.38125 0.06953125 0.10234375
1 0.67890625 0.61171875 0.10546875 0.14453125
1 0.85546875 0.52109375 0.0828125 0.12734375
1 0.74453125 0.42109375 0.0734375 0.08828125
1 0.7546875 0.34140625 0.0640625 0.08515625
1 0.75078125 0.24765625 0.04609375 0.071875
1 0.4109375 0.11796875 0.059375 0.0734375
1 0.54140625 0.0375 0.0515625 0.0671875
1 0.50234375 0.09765625 0.0515625 0.07265625
1 0.625 0.121875 0.04765625 0.06171875
1 0.67109375 0.03984375 0.04296875 0.05390625
1 0.7984375 0.1328125 0.0515625 0.07734375
1 0.54140625 0.15859375 0.0734375 0.0890625
1 0.7078125 0.26015625 0.0609375 0.09140625
1 0.346875 0.03203125 0.0609375 0.0640625
1 0.615625 0.02578125 0.05 0.0515625