1 0.44375 0.59453125 0.09375 0.1078125
1 0.42734375 0.6953125 0.06875 0.0875
1 0.3046875 0.640625 0.065625 0.0859375
1 0.64375 0.68203125 0.08125 0.10625
1 0.69921875 0.7875 0.06875 0.09375
1 0.64765625 0.8109375 0.0625 0.0875
1 0.53046875 0.765625 0.059375 0.0828125
1 0.48125 0.74453125 0.05625 0.078125
1 0.78125 0.89296875 0.071875 0.1015625
1 0.36328125 0.81953125 0.053125 0.06875
1 0.28984375 0.81328125 0.053125 0.071875
1 0.20703125 0.76171875 0.05625 0.0796875
1 0.17421875 0.61875 0.06875 0.103125
1 0.32109375 0.38828125 0.10625 0.14375
1 0.14453125 0.47890625 0.0828125 0.128125
1 0.25546875 0.57890625 0.0734375 0.0875
1 0.2453125 0.65859375 0.0640625 0.084375
1 0.24921875 0.75234375 0.046875 0.071875
1 0.5890625 0.88203125 0.059375 0.0734375
1 0.45859375 0.9625 0.0515625 0.0671875
1 0.49765625 0.90234375 0.0515625 0.071875
1 0.375 0.878125 0.046875 0.0625
1 0.32890625 0.96015625 0.04375 0.053125
1 0.2015625 0.8671875 0.0515625 0.078125
1 0.45859375 0.84140625 0.0734375 0.0890625
1 0.2921875 0.73984375 0.0609375 0.090625
1 0.653125 0.96796875 0.0609375 0.0640625
1 0.384375 0.97421875 0.05 0.0515625