1 0.5 0.4375 0.09609375 0.10234375
1 0.72265625 0.64375 0.071875 0.09375
1 0.175 0.47734375 0.0984375 0.1109375
1 0.28984375 0.23828125 0.11796875 0.115625
1 0.54140625 0.32109375 0.06015625 0.065625
1 0.4546875 0.35390625 0.06171875 0.065625
1 0.38125 0.41328125 0.10234375 0.103125
1 0.603125 0.30625 0.04296875 0.04921875
1 0.6484375 0.31796875 0.05625 0.0609375
1 0.68671875 0.37734375 0.08203125 0.07890625
1 0.57890625 0.23984375 0.04453125 0.05234375
1 0.62109375 0.2546875 0.0546875 0.05
1 0.61640625 0.721875 0.07265625 0.07421875
1 0.69453125 0.7421875 0.0546875 0.05625
1 0.58359375 0.76796875 0.06640625 0.0609375
1 0.62578125 0.8 0.0578125 0.053125
1 0.55546875 0.8484375 0.05859375 0.0609375
1 0.47265625 0.86015625 0.0859375 0.0921875
1 0.0515625 0.47734375 0.0796875 0.10078125
1 0.08984375 0.38671875 0.07890625 0.084375
1 0.48984375 0.17578125 0.0484375 0.05078125
1 0.54140625 0.20078125 0.04296875 0.0484375
1 0.50234375 0.20625 0.046875 0.0484375