1 0.5765625 0.434375 0.08046875 0.10234375
1 0.35703125 0.34609375 0.0875 0.1046875
1 0.4015625 0.459375 0.07578125 0.0953125
1 0.72109375 0.478125 0.06640625 0.0921875
1 0.6734375 0.6015625 0.084375 0.11640625
1 0.271875 0.45859375 0.0671875 0.1
1 0.3328125 0.53984375 0.08359375 0.09765625
1 0.34296875 0.4171875 0.059375 0.07265625
1 0.5640625 0.2640625 0.0609375 0.0828125
1 0.525 0.21171875 0.065625 0.0796875
1 0.59375 0.20546875 0.0484375 0.06953125
1 0.4109375 0.03359375 0.06953125 0.06640625
1 0.665625 0.0828125 0.0546875 0.08515625
1 0.5484375 0.12578125 0.08515625 0.10234375
1 0.71484375 0.20625 0.05546875 0.0828125
1 0.6546875 0.2140625 0.06640625 0.11015625
1 0.79609375 0.271875 0.05625 0.08046875
1 0.8359375 0.2375 0.05546875 0.1078125
1 0.84140625 0.33359375 0.0546875 0.0703125
1 0.7859375 0.38046875 0.084375 0.0953125
1 0.8890625 0.39453125 0.0640625 0.09453125
1 0.8890625 0.23125 0.0453125 0.07421875
1 0.9234375 0.18515625 0.05859375 0.0796875
1 0.9296875 0.125 0.05625 0.08359375
1 0.94453125 0.27109375 0.06953125 0.1125
1 0.75859375 0.6 0.065625 0.08984375
1 0.915625 0.53125 0.09453125 0.153125
1 0.825 0.6859375 0.08515625 0.128125
1 0.64921875 0.72734375 0.1 0.12734375
1 0.5140625 0.77109375 0.1 0.153125
1 0.70078125 0.02890625 0.06015625 0.0578125
1 0.8609375 0.03828125 0.071875 0.0765625