1 0.6927304598886257 0.6264599016458886 0.13365790339440445 0.14608518052176755
1 0.8561702702916719 0.5184741639425287 0.09286018657189174 0.11616133118569749
1 0.5364663034691592 0.4906456423743106 0.10530564441741408 0.10685905405833437
1 0.5391504210537977 0.41484621165615126 0.08488406010845857 0.08799087939029934
1 0.3253697221852659 0.46452909085005895 0.10689541549465283 0.1115556444174139
1 0.3045254361791082 0.37324101551809397 0.06916815651766246 0.07227497579950315
1 0.25705099336070064 0.40476827147002226 0.07547269867214013 0.08168633723582168
1 0.16371408381797609 0.34202789783525955 0.08490224082661783 0.09111587939029935
1 0.19916524960721654 0.2582250695764284 0.0691954275949013 0.07696247579950324
1 0.27412888817089803 0.2515387323406067 0.0691954275949012 0.07696247579950324
1 0.3541527314568439 0.3088876240275462 0.05973861436318471 0.06284543364502548
1 0.4280311138722054 0.3842416271508041 0.06605224687674216 0.07381929508134392
1 0.47883054459036456 0.3870711904807166 0.059747704722264317 0.0644079336450254
1 0.37629992134838536 0.22125581382089177 0.08319429508134384 0.06610678903121973
1 0.4692823068870048 0.22305868745565452 0.05501475292686635 0.05656816256778665
1 0.4127277798578376 0.17104219038252072 0.05030907220870695 0.053415891490547776
1 0.4939232377033599 0.1611944917103806 0.047202252926866174 0.056522710772388504
1 0.3859749031980127 0.272763771666414 0.07063066256778665 0.05509656615858276
1 0.4398902435570923 0.27401265427816723 0.056595433645025395 0.05970225292686617
1 0.48854136699546336 0.3104496031466991 0.0817045179539809 0.07859769867214013
1 0.5625192224798535 0.2686115610904173 0.05345225292686635 0.05655907220870695
1 0.5854072766363837 0.30832350088376276 0.05969316256778647 0.055032933645025484
1 0.5394493611417308 0.1976496212970717 0.053434072208706954 0.053434072208706995
1 0.5814277828828998 0.161466681601922 0.05029998184962743 0.051853391490547775
1 0.5918067466803503 0.1996888442679045 0.04555793969514958 0.042451120413308896
1 0.6630141261688455 0.21880648292978186 0.03775453005422928 0.04396816861791084
1 0.6943095779642435 0.22643717574818956 0.04718407220870695 0.05339771077238851
1 0.7326908219141194 0.2434019619507389 0.056613614363184794 0.06282725292686626
1 0.6564373941228264 0.29697238954564015 0.05344316256778665 0.05499657220870695
1 0.6412300297596417 0.23455874795689655 0.05822156615858276 0.07064884328594587
1 0.7471896591499411 0.31832014871902237 0.06133747579950324 0.06910452400410509
1 0.7050976079202771 0.33497183841417205 0.04871930113146803 0.048719301131468204
1 0.6566782886384364 0.3383786395456402 0.04714771077238851 0.04714771077238851
1 0.6740066892041703 0.3624973955957643 0.051844301131468026 0.04873748184962743
1 0.6689197342855143 0.42815421185254304 0.06445338544042371 0.06756020472226432
1 0.7226759933607007 0.40205934446429625 0.06759656615858275 0.07070338544042354
1 0.799324851771957 0.41645766686939495 0.07859769867214013 0.0817045179539809
1 0.729271427005726 0.4613979830279778 0.07543633723582169 0.07543633723582169