1 0.4382746212970717 0.53828125 0.08955337939029935 0.084375
1 0.5766104134515494 0.52890625 0.07385565651766246 0.071875
1 0.6166541513513011 0.49453125 0.06759656615858275 0.0703125
1 0.6821382507855669 0.51875 0.08800906010845858 0.0875
1 0.41246557933898575 0.67734375 0.07070338544042354 0.0671875
1 0.48316389871902227 0.7453125 0.07864315046753809 0.0890625
1 0.47241223019930734 0.84765625 0.06910452400410509 0.0609375
1 0.3130468414392341 0.71171875 0.07697156615858276 0.0703125
1 0.31353772082953346 0.62734375 0.08955337939029935 0.084375
1 0.2097950972929666 0.59921875 0.105305644417414 0.10625
1 0.18168879889197295 0.46171875 0.1162522347764936 0.1078125
1 0.42290921741168785 0.359375 0.0848204275949012 0.0765625
1 0.5090376149523599 0.3265625 0.0880363311856975 0.0921875
1 0.4591466992613153 0.3078125 0.05032725292686617 0.05625
1 0.7586694554096354 0.38984375 0.08009656615858277 0.0703125
1 0.7847319856602564 0.47578125 0.07070338544042372 0.0671875
1 0.7974814496540987 0.5671875 0.06757838544042354 0.0671875
1 0.706447383495516 0.6375 0.06443520472226431 0.0640625
1 0.7507559196980653 0.67578125 0.07068520472226432 0.0640625
1 0.6171576245185255 0.6765625 0.06283634328594587 0.0578125
1 0.6193882659108774 0.56171875 0.05029089149054773 0.05
1 0.6135695370863121 0.621875 0.08946247579950324 0.06875
1 0.5195599409716959 0.80078125 0.058103391490547905 0.05
1 0.5966218898402278 0.84921875 0.05181703005422929 0.04375
1 0.5643411758463854 0.7578125 0.0644261143631848 0.0625
1 0.5953548265103153 0.7984375 0.08942611436318479 0.0625
1 0.6253054260427771 0.8875 0.06130111436318479 0.0625
1 0.24157584153742998 0.7765625 0.10519656010845857 0.0875
1 0.36134291999265294 0.8703125 0.12557269262201592 0.0984375
1 0.36392055767257164 0.29296875 0.08172269867214013 0.08125
1 0.42987281059943794 0.23671875 0.0895170179539809 0.078125
1 0.7944150161072692 0.69140625 0.053434072208706954 0.053125
1 0.7412576789696435 0.83125 0.06761474687674215 0.0734375
1 0.8430530248878678 0.52265625 0.05972952400410492 0.0609375
1 0.5658804290678392 0.89609375 0.06752384328594588 0.0578125