1 0.66875 0.65546875 0.115625 0.13046875
1 0.84609375 0.57265625 0.07890625 0.10546875
1 0.534375 0.4984375 0.0921875 0.09453125
1 0.54765625 0.42421875 0.07578125 0.078125
1 0.32890625 0.4421875 0.09296875 0.0984375
1 0.321875 0.3484375 0.06015625 0.0640625
1 0.2703125 0.37265625 0.065625 0.0734375
1 0.18671875 0.29765625 0.0734375 0.08046875
1 0.234375 0.21953125 0.059375 0.06796875
1 0.309375 0.22421875 0.06015625 0.06875
1 0.38046875 0.2921875 0.0515625 0.05546875
1 0.4421875 0.37734375 0.0578125 0.065625
1 0.4921875 0.3875 0.0515625 0.0578125
1 0.41484375 0.20859375 0.075 0.05703125
1 0.50625 0.22421875 0.0484375 0.05078125
1 0.4578125 0.1640625 0.04453125 0.04765625
1 0.53984375 0.16640625 0.040625 0.0515625
1 0.4171875 0.2609375 0.0640625 0.04609375
1 0.4703125 0.2703125 0.04921875 0.053125
1 0.5125 0.31328125 0.071875 0.06953125
1 0.5921875 0.2828125 0.046875 0.05
1 0.609375 0.325 0.05234375 0.0484375
1 0.5796875 0.209375 0.046875 0.04609375
1 0.6265625 0.1796875 0.04453125 0.0453125
1 0.63125 0.21875 0.040625 0.03671875
1 0.6984375 0.24765625 0.0328125 0.0390625
1 0.72890625 0.26015625 0.040625 0.0484375
1 0.7640625 0.28203125 0.0484375 0.05546875
1 0.68125 0.32421875 0.046875 0.0484375
1 0.675 0.26015625 0.04921875 0.0640625
1 0.76796875 0.35859375 0.05234375 0.0625
1 0.7234375 0.36875 0.0421875 0.04453125
1 0.675 0.365625 0.040625 0.0421875
1 0.6890625 0.39140625 0.046875 0.0421875
1 0.67421875 0.45546875 0.05703125 0.06015625
1 0.73125 0.4375 0.059375 0.06171875
1 0.8046875 0.46328125 0.06796875 0.071875
1 0.72890625 0.49765625 0.0671875 0.065625