1 0.565625 0.5798532099868217 0.096875 0.11462610226293642
1 0.334375 0.6316328368430382 0.103125 0.11778746369925486
1 0.39609375 0.527304406026683 0.0890625 0.1067681504675381
1 0.71484375 0.560408839278925 0.0796875 0.10202610831306061
1 0.6875 0.4305622579950318 0.1015625 0.12871587334017515
1 0.26796875 0.5070277465821544 0.08125 0.10984769867214013
1 0.34140625 0.4363612434588965 0.0984375 0.10994769262201594
1 0.33203125 0.5589629513044188 0.0703125 0.08009656615858277
1 0.5265625 0.7460322010098311 0.0734375 0.09105224687674215
1 0.4796875 0.7910719902374426 0.0765625 0.0895079275949012
1 0.546875 0.8086503756778661 0.059375 0.0753454336450254
1 0.3390625 0.9488476079202769 0.0796875 0.0770261083130606
1 0.5984375 0.9417628575274936 0.0671875 0.09257838544042371
1 0.4890625 0.8801890323919203 0.1015625 0.11621587334017533
1 0.66640625 0.8273145381474569 0.06875 0.09102497579950324
1 0.6078125 0.8097861496819713 0.08125 0.11922269867214012
1 0.75703125 0.7762792789740748 0.06875 0.08946247579950306
1 0.790625 0.8163184716942865 0.071875 0.11604315651766228
1 0.8109375 0.7226866463623216 0.065625 0.07850679508134384
1 0.7640625 0.6669451855899331 0.0984375 0.10838519262201593
1 0.86796875 0.6698934444687277 0.078125 0.1051420179539809
1 0.8421875 0.831462203543914 0.05625 0.08157725292686635
1 0.86875 0.8823979896482674 0.071875 0.08791815651766229
1 0.865625 0.9425360589301082 0.06875 0.09258747579950324
1 0.903125 0.800566727548019 0.0859375 0.12237496974937905
1 0.77109375 0.4458923422057913 0.0796875 0.10046360831306042
1 0.915625 0.5397019504206559 0.1171875 0.16630677693097126
1 0.85 0.37213265533931206 0.103125 0.13966246369925478
1 0.6828125 0.3024099869177929 0.11875 0.14287836729005096
1 0.55625 0.2376111678323439 0.1234375 0.1679056383672898
1 0.62421875 0.9837493278660479 0.0671875 0.03250134426790439
1 0.78359375 0.9865339602814093 0.0828125 0.0269320794371815