1 0.5984081453993727 0.5421875 0.1209397347764936 0.1078125
1 0.7007382598607532 0.54453125 0.09733860831306043 0.0796875
1 0.6624837600571449 0.67421875 0.09419542759490121 0.0765625
1 0.6582245486955813 0.33203125 0.11774201190385654 0.0953125
1 0.7555040696746242 0.2625 0.10359769867214012 0.08125
1 0.7856955637226959 0.31015625 0.09573974687674217 0.0734375
1 0.7560757205349459 0.4328125 0.09103406615858275 0.0703125
1 0.7417132386853185 0.484375 0.08632838544042372 0.0671875
1 0.8490318767580206 0.16640625 0.1114374697493787 0.0859375
1 0.8317200942679044 0.590625 0.07536361436318444 0.0625
1 0.8359758022116226 0.66484375 0.0784886143631848 0.0625
1 0.7956139017440844 0.75390625 0.08789088544042353 0.0671875
1 0.6585906247149171 0.80625 0.11141928903121964 0.0828125
1 0.41003092574818956 0.69296875 0.1585397287263694 0.125
1 0.5239338235834492 0.8546875 0.13964428298109546 0.1
1 0.6082457119507388 0.73125 0.09736587939029935 0.084375
1 0.6879377571302787 0.73046875 0.09262383723582168 0.075
1 0.7810065010801545 0.71328125 0.07845225292686635 0.05625
1 0.8635387625912276 0.35859375 0.08164997579950324 0.06875
1 0.9605132356602564 0.47578125 0.07379202400410492 0.0609375
1 0.895842202482769 0.44609375 0.07847952400410492 0.0609375
1 0.8888649737563998 0.57109375 0.06907725292686635 0.05625
1 0.971482031036188 0.6046875 0.05029089149054755 0.05
1 0.9011371938985622 0.74453125 0.08473861436318444 0.0625
1 0.8408774465308408 0.49375 0.09892837939029953 0.084375
1 0.7624928504162246 0.67265625 0.09886474687674199 0.0734375
1 0.9405375998270493 0.28359375 0.07227497579950323 0.06875
1 0.9749342839630541 0.5484375 0.04407725292686635 0.05625