1 0.4390625 0.46307060909862746 0.09375 0.08960792154477701
1 0.57734375 0.4622661123200812 0.078125 0.07701701795398072
1 0.61953125 0.49405192262493164 0.0703125 0.07384656615858276
1 0.68359375 0.4647729679026673 0.0921875 0.09272383118569749
1 0.40390625 0.3265563921779188 0.0734375 0.07073974687674198
1 0.4703125 0.25351380191703504 0.0828125 0.09423178903121973
1 0.453125 0.15205129586691085 0.0734375 0.06448974687674203
1 0.30234375 0.299803515518094 0.0796875 0.07546360831306043
1 0.30859375 0.3841421540817755 0.09375 0.0896079215447771
1 0.20703125 0.4198892774219507 0.1109375 0.11314541549465282
1 0.18828125 0.5590608617309061 0.121875 0.11477154800821018
1 0.43515625 0.6427808349963264 0.0890625 0.0833306504675381
1 0.5234375 0.6688297297083281 0.0921875 0.0989738311856975
1 0.47421875 0.691772326019336 0.053125 0.05968407220870695
1 0.76796875 0.586938338512368 0.0828125 0.07548178903121965
1 0.78828125 0.5001014138443328 0.0734375 0.07073974687674198
1 0.7953125 0.40709175722847457 0.0703125 0.07072156615858276
1 0.7 0.34358376913233124 0.0671875 0.06757838544042354
1 0.7421875 0.3027133294371816 0.0734375 0.06761474687674199
1 0.6078125 0.31130760031802873 0.065625 0.06131929508134393
1 0.61796875 0.42609226298401115 0.053125 0.053434072208706954
1 0.60859375 0.3667718051384889 0.0921875 0.07397383118569749
1 0.503125 0.19551040437636308 0.0609375 0.05504202400410509
1 0.57734375 0.14117236232008126 0.053125 0.047184072208707
1 0.55078125 0.23507689842443477 0.06875 0.06602497579950324
1 0.57890625 0.19194452196100162 0.0921875 0.06772383118569744
1 0.603125 0.10117862139526757 0.0640625 0.06756020472226432
1 0.22734375 0.24008360275391563 0.1109375 0.09439541549465283
1 0.340625 0.13786205172064334 0.1296875 0.10700449980360824
1 0.38046875 0.713411497564113 0.0859375 0.08643746974937905
1 0.45 0.7645694765850701 0.09375 0.08335792154477702
1 0.784375 0.28371788974203194 0.05625 0.056577252926866176
1 0.72265625 0.1481394589256768 0.071875 0.07698065651766242
1 0.84375 0.4482162060970064 0.0640625 0.06599770472226432
1 0.54296875 0.09684110021983283 0.0703125 0.061346566158582805