1 0.50234375 0.4375 0.1 0.10625
1 0.27265625 0.6359375 0.075 0.096875
1 0.82578125 0.4890625 0.1015625 0.1140625
1 0.71953125 0.24609375 0.1234375 0.1203125
1 0.46484375 0.31953125 0.0609375 0.0671875
1 0.55 0.35546875 0.0640625 0.0671875
1 0.621875 0.4171875 0.10625 0.10625
1 0.40390625 0.303125 0.0453125 0.0515625
1 0.3578125 0.31328125 0.0578125 0.0625
1 0.31796875 0.37109375 0.084375 0.08125
1 0.43046875 0.2375 0.0453125 0.0546875
1 0.3875 0.25078125 0.05625 0.0515625
1 0.37578125 0.71796875 0.075 0.078125
1 0.296875 0.73515625 0.05625 0.0578125
1 0.40703125 0.76484375 0.0671875 0.0625
1 0.3640625 0.7953125 0.059375 0.0546875
1 0.43203125 0.84609375 0.0609375 0.0625
1 0.51484375 0.8609375 0.0890625 0.0953125
1 0.94921875 0.49296875 0.0828125 0.103125
1 0.9140625 0.40078125 0.08125 0.0875
1 0.52109375 0.1765625 0.05 0.0515625
1 0.46875 0.19921875 0.0453125 0.05
1 0.5078125 0.20625 0.0484375 0.05