1 0.20382197511213213 0.5238243611417308 0.10212610226293632 0.09746587334017516
1 0.18862474286972128 0.7315414123713949 0.09731133723582168 0.07556360226293624
1 0.18582245061704772 0.7869919816532357 0.0769715661585828 0.07075792759490138
1 0.2581241766129426 0.7264771833504379 0.0817045179539809 0.07859769867214013
1 0.24682812831014483 0.7990652556573408 0.06602497579950324 0.06913179508134401
1 0.300779830105543 0.8071913730455875 0.07706246974937905 0.08638292759490121
1 0.3823105894753168 0.5873606620768073 0.08961701190385671 0.09583065046753828
1 0.2749293606507516 0.5265817224798536 0.08650110226293632 0.09737496974937905
1 0.40277710469882316 0.4796708819243822 0.07854315651766228 0.07232951795398072
1 0.44749925223949527 0.5127424571581513 0.07391928903121965 0.08323974687674199
1 0.4902947645361353 0.3489344872123805 0.09910109621281223 0.11463519262201594
1 0.5692282856133742 0.3540810503459012 0.10064541549465282 0.11151928298109555
1 0.5503884237842722 0.6070878756778662 0.11314541549465282 0.11159200585373234
1 0.5523196042078439 0.8047486708574059 0.10372496369925485 0.10372496369925485
1 0.6248485891807293 0.7832963725546083 0.09587610226293623 0.09742951190385671
1 0.6830241826630669 0.711762261020094 0.11153746369925485 0.10377041549465282