1 0.40625 0.8898240066392994 0.1015625 0.09590337334017533
1 0.38515625 0.8102592264868742 0.1203125 0.11944995764913066
1 0.5375 0.7812479164766115 0.1 0.10526928298109546
1 0.5703125 0.8802757689359396 0.1078125 0.11625223477649342
1 0.6328125 0.8338184045727548 0.0953125 0.1036795119038569
1 0.69140625 0.8076962661072692 0.0921875 0.0958488311856975
1 0.73046875 0.7504377571302786 0.103125 0.10216246369925486
1 0.6 0.7230718021134268 0.0921875 0.10209883118569749
1 0.6625 0.6852081877502421 0.096875 0.10056360226293641
1 0.75703125 0.6237207210259251 0.1125 0.11784200585373235
1 0.83125 0.5475076789696434 0.1125 0.11940450585373234
1 0.66328125 0.5016098925707023 0.1140625 0.11472609621281223
1 0.721875 0.3856440041052166 0.103125 0.09903746369925467
1 0.6234375 0.34871669672723254 0.1046875 0.10842155405833438
1 0.69140625 0.31707126610726916 0.0953125 0.09586701190385671