1 0.77734375 0.21155370364210985 0.103125 0.09747496369925476
1 0.75546875 0.2911139386149951 0.1203125 0.1194499576491305
1 0.61015625 0.2387060352205907 0.1 0.10526928298109554
1 0.63125 0.13570375506816557 0.1078125 0.1162522347764936
1 0.55390625 0.1446287822937245 0.0953125 0.10367951190385667
1 0.490625 0.13722937275099995 0.0921875 0.09584883118569745
1 0.42734375 0.16654871320827547 0.103125 0.10216246369925477
1 0.5265625 0.2569697010098312 0.0921875 0.10209883118569749
1 0.45390625 0.25810949931262894 0.0984375 0.10057269262201593
1 0.34140625 0.26292374345889646 0.1140625 0.11785109621281205
1 0.2390625 0.2904533249391815 0.1125 0.11940450585373252
1 0.36171875 0.4153856681269315 0.1140625 0.11472609621281205
1 0.25234375 0.4858430929913583 0.103125 0.09903746369925485
1 0.31875 0.5682606832522421 0.1046875 0.10842155405833438
1 0.24453125 0.5607976411959601 0.0953125 0.09586701190385653