1 0.2734375 0.24296875 0.11875 0.1109375
1 0.27265625 0.15234375 0.0921875 0.078125
1 0.43046875 0.11484375 0.08515625 0.09609375
1 0.42578125 0.21640625 0.08203125 0.08203125
1 0.4984375 0.13671875 0.06640625 0.07578125
1 0.50703125 0.25390625 0.0765625 0.08984375
1 0.57578125 0.265625 0.06796875 0.08828125
1 0.56875 0.14375 0.07265625 0.08203125
1 0.6234375 0.1828125 0.071875 0.08125
1 0.6859375 0.29609375 0.09140625 0.10234375
1 0.6328125 0.4375 0.10859375 0.09765625
1 0.7765625 0.34609375 0.0953125 0.10078125
1 0.7265625 0.53125 0.09453125 0.08359375
1 0.63828125 0.60390625 0.09609375 0.11640625
1 0.721875 0.615625 0.0875 0.09921875