1 0.3078125 0.1453125 0.08515625 0.0765625
1 0.30859375 0.228125 0.0984375 0.096875
1 0.4625 0.215625 0.08125 0.0859375
1 0.46875 0.1109375 0.08515625 0.096875
1 0.540625 0.13984375 0.075 0.0859375
1 0.60390625 0.14921875 0.07421875 0.078125
1 0.65703125 0.19453125 0.08359375 0.0828125
1 0.53828125 0.25546875 0.071875 0.0859375
1 0.6078125 0.27578125 0.07890625 0.0828125
1 0.71484375 0.31015625 0.09140625 0.09765625
1 0.80625 0.3640625 0.08984375 0.0984375
1 0.65625 0.45234375 0.09296875 0.09296875
1 0.74296875 0.54921875 0.0859375 0.07734375
1 0.6578125 0.6109375 0.08515625 0.0890625
1 0.73125 0.6234375 0.07734375 0.07890625