1 0.23175593482337584 0.71875 0.13512040944452863 0.128125
1 0.21639403435583765 0.8078125 0.1036613311856975 0.0921875
1 0.3660349651721927 0.86953125 0.1006363251355733 0.109375
1 0.37755879333282805 0.76875 0.09272383118569741 0.0921875
1 0.4364110976857501 0.85859375 0.07861587939029935 0.084375
1 0.4644184438985621 0.74453125 0.08965337334017516 0.1015625
1 0.5339587842576418 0.74296875 0.08181360226293641 0.096875
1 0.507482121788051 0.8625 0.08647383118569749 0.0921875
1 0.5678110886105637 0.8328125 0.08491133118569749 0.0921875
1 0.6473127571302787 0.73046875 0.10692268657189175 0.115625
1 0.6177030460633025 0.5828125 0.12409200585373234 0.1125
1 0.74517354020957 0.6953125 0.11003859621281205 0.1140625
1 0.7259700640172835 0.5046875 0.10682269262201594 0.0984375
1 0.6506887837666625 0.41875 0.11481699980360816 0.1296875
1 0.7350546934075828 0.4203125 0.10221700585373235 0.1125