1 0.3828125 0.45546875 0.07890625 0.07421875
1 0.3640625 0.52578125 0.08515625 0.07734375
1 0.62109375 0.55625 0.08671875 0.084375
1 0.52578125 0.39296875 0.0578125 0.0625
1 0.5421875 0.4390625 0.06953125 0.06875
1 0.63046875 0.3875 0.0765625 0.0765625
1 0.58984375 0.2734375 0.07890625 0.0765625
1 0.5984375 0.20234375 0.0765625 0.075
1 0.8078125 0.228125 0.05625 0.07734375
1 0.7890625 0.2953125 0.0640625 0.06484375
1 0.859375 0.23828125 0.06015625 0.0578125
1 0.8609375 0.3 0.059375 0.0515625
1 0.8625 0.34921875 0.06640625 0.06328125
1 0.81484375 0.590625 0.075 0.07734375
1 0.7796875 0.6578125 0.0765625 0.075
1 0.7 0.69765625 0.08671875 0.07734375