1 0.4285087358566481 0.60546875 0.08959883118569749 0.0921875
1 0.4931615883159761 0.63828125 0.09432269262201594 0.0984375
1 0.5781825246914762 0.39296875 0.10059996369925486 0.103125
1 0.3981495910464507 0.45234375 0.07384656615858276 0.0703125
1 0.44662345248276913 0.44609375 0.08172269867214013 0.08125
1 0.41515580474570546 0.34921875 0.0911522408266178 0.090625
1 0.2947524011549093 0.36484375 0.0911613311856975 0.0921875
1 0.22769671136156372 0.3421875 0.08958974082661779 0.090625
1 0.2976102773237548 0.1421875 0.08791815651766247 0.071875
1 0.3591381297830828 0.175 0.0785704275949013 0.0765625
1 0.3182045784552229 0.09375 0.06915906615858276 0.0703125
1 0.37907390076212577 0.10546875 0.06289997579950324 0.06875
1 0.42746140378718794 0.1140625 0.07544542759490121 0.0765625
1 0.6526790515242515 0.2109375 0.09270565046753809 0.0890625
1 0.7109910003927835 0.259375 0.08958974082661797 0.090625
1 0.7331472806434045 0.3453125 0.09590337334017515 0.1015625