1 0.6531355102535367 0.80390625 0.1429783612399266 0.1359375
1 0.6315281549655383 0.8921875 0.10838519262201593 0.0984375
1 0.4690372453246178 0.890625 0.10691359621281223 0.1140625
1 0.49851164276709403 0.79296875 0.09901019262201594 0.0984375
1 0.4083179139425287 0.853125 0.0833306504675381 0.0890625
1 0.4293076456939602 0.73671875 0.0974931444174139 0.10625
1 0.3654042269778535 0.709375 0.08652837334017516 0.1015625
1 0.34205256450826277 0.82890625 0.09118860226293624 0.096875
1 0.29859800117835034 0.778125 0.08962610226293624 0.096875
1 0.26651272990471975 0.653125 0.11477154800821018 0.121875
1 0.35317745863108924 0.528125 0.13038745764913057 0.1203125
1 0.19114054606330258 0.5828125 0.11788745764913058 0.1203125
1 0.2850865096643615 0.41484375 0.11154655405833439 0.1046875
1 0.38849785597536945 0.365625 0.12266586123992677 0.1359375
1 0.31055466315696184 0.334375 0.11006586729005097 0.11875