1 0.5640625 0.20703125 0.084375 0.090625
1 0.771875 0.21953125 0.0625 0.0890625
1 0.82734375 0.22421875 0.06171875 0.06953125
1 0.75703125 0.2875 0.06875 0.07265625
1 0.83046875 0.2859375 0.06171875 0.0578125
1 0.83125 0.340625 0.07734375 0.06640625
1 0.60078125 0.3921875 0.0859375 0.07890625
1 0.55625 0.27734375 0.0875 0.075
1 0.49140625 0.39765625 0.0625 0.0703125
1 0.51796875 0.446875 0.07421875 0.0640625
1 0.34921875 0.4671875 0.10234375 0.08515625
1 0.34296875 0.54609375 0.10078125 0.08671875
1 0.59609375 0.5609375 0.0984375 0.10078125
1 0.7921875 0.5890625 0.090625 0.090625
1 0.76015625 0.6578125 0.0859375 0.08515625
1 0.68125 0.70625 0.090625 0.09921875