1 0.3939515505422929 0.43522286505055574 0.08956246974937905 0.08645565046753809
1 0.36465039080317674 0.5018018318730685 0.0958397408266178 0.09117951190385672
1 0.6142782069617596 0.5706644195998696 0.10056360226293641 0.09745678298109546
1 0.5445055415653025 0.3952831453993727 0.06759656615858275 0.07070338544042354
1 0.5541577975172308 0.4428848532448949 0.07857951795398091 0.07857951795398091
1 0.6484754240788598 0.40561613652057804 0.08800906010845858 0.08800906010845858
1 0.6259095567888089 0.2869934015476927 0.08957156010845857 0.08801815046753828
1 0.6450362858097659 0.21734852205919752 0.08799996974937904 0.08644656010845857
1 0.8485021742752515 0.2747605253788472 0.0676874697493787 0.08632838544042354
1 0.8191828338179761 0.3382144922013599 0.07387383723582168 0.07542724687674199
1 0.8978254634046671 0.29244292906783925 0.0675692950813442 0.06601588544042354
1 0.8895862374087724 0.35343042604277713 0.06754202400410492 0.06132838544042354
1 0.8836225837197802 0.4026855374790956 0.07541815651766229 0.07231133723582168
1 0.8005929568635637 0.634426416869395 0.08645565046753809 0.08956246974937905
1 0.7556349808676688 0.6956275372827039 0.08799996974937904 0.08644656010845857
1 0.6706332669720222 0.722685461852543 0.09896474082661796 0.09119769262201594