1 0.59921875 0.21370134729296658 0.0953125 0.10055451190385671
1 0.80390625 0.25001051025353666 0.0734375 0.09573974687674199
1 0.85859375 0.2614110976857501 0.0703125 0.07697156615858276
1 0.78125 0.3157673204601911 0.0765625 0.08013292759490129
1 0.85390625 0.3231571187629889 0.06875 0.06602497579950314
1 0.8484375 0.3770951850197676 0.0859375 0.07549996974937896
1 0.61328125 0.40190078406125007 0.0953125 0.08805451190385653
1 0.5828125 0.28254679606330263 0.0953125 0.08492951190385671
1 0.50390625 0.3947246091968233 0.0703125 0.07853406615858276
1 0.52421875 0.44616893452878825 0.0828125 0.07391928903121983
1 0.3546875 0.4471552384889268 0.1125 0.09752950585373235
1 0.33828125 0.5245944372592628 0.109375 0.0990738251355733
1 0.58828125 0.5684524798065239 0.109375 0.1115738251355733
1 0.77890625 0.6196872059988106 0.1015625 0.10215337334017516
1 0.7390625 0.6839815101553408 0.0953125 0.09430451190385672
1 0.6546875 0.7227536395456402 0.1015625 0.11152837334017515