1 0.8628888019170351 0.4652764410698918 0.07696247579950324 0.0691954275949012
1 0.734808732831586 0.5925798053348806 0.0628636143631848 0.0628636143631848
1 0.6723496394474443 0.5859121696980653 0.04557612041330898 0.04557612041330898
1 0.6172258022116226 0.6612303322658519 0.06598861436318479 0.06288179508134384
1 0.7941171177810303 0.20084175722847458 0.06913179508134401 0.06602497579950314
1 0.8489904492613153 0.30286279948114814 0.05341589149054791 0.05030907220870695
1 0.6280285094679698 0.28149283529091407 0.04558521077238851 0.04713862041330889
1 0.6464467113615637 0.33841500098195865 0.03616475897699054 0.03927157825883123
1 0.6836012777165383 0.39757183236404786 0.040843168617910666 0.03773634933607006
1 0.6454700186413519 0.3720132961614985 0.03769998789975162 0.03459316861791084
1 0.5809313165513663 0.1856763412428424 0.05341589149054773 0.05030907220870699
1 0.5414915666495622 0.25074735021983285 0.04397725897699054 0.039317030054229284
1 0.5879029583365016 0.3301621394474443 0.03143180718159222 0.0314318071815924
1 0.5634978559753694 0.3623342900131784 0.03457498789975162 0.03457498789975162
1 0.5482228347999347 0.30226894360397455 0.03458407825883114 0.036137487899751616
1 0.5621626149523599 0.323280880372258 0.03457498789975162 0.03457498789975162
1 0.5253443918833313 0.20631154899016885 0.04242384933607006 0.040870439695149675
1 0.49467110880403986 0.24164506099222138 0.037727258976990544 0.03928066861791084
1 0.49418477459328025 0.3252388109922214 0.04082498789975162 0.03461134933607006
1 0.5408790091733822 0.08747519057891247 0.07383747579950324 0.06917724687674202
1 0.5303591448101974 0.15003427791292995 0.05497839149054791 0.05031816256778665
1 0.3860000907518631 0.25555809094825477 0.040870439695149675 0.04242384933607006
1 0.2816206211988758 0.4717830546475096 0.06915906615858276 0.07071247579950324
1 0.733600756835691 0.5316513956939602 0.04710225897699054 0.03933521077238851
1 0.7510109706331417 0.49327015174408445 0.040861349336070066 0.040861349336070066
1 0.7793359585328934 0.45873152528065136 0.037718168617910844 0.03771816861791066
1 0.7197251300776705 0.36533150410521664 0.03455680718159222 0.03144998789975162
1 0.67778306977282 0.32338944380036627 0.03143180718159222 0.0314318071815924
1 0.47216328708631217 0.6191069856602563 0.05813066256778665 0.055023843285945874
1 0.44146481645317037 0.12164617838046818 0.05183521077238851 0.04717498184962739
1 0.4645159761922867 0.1879160729942739 0.0314227168225127 0.029869307181592353
1 0.364310401351301 0.49239501561628984 0.04397725897699045 0.039317030054229284
1 0.6646512898167867 0.4320559166730032 0.0314227168225127 0.029869307181592218
1 0.652563859393215 0.6297757991865606 0.04400453005422929 0.04400453005422929