1 0.15 0.46796875 0.0859375 0.0890625
1 0.65703125 0.26796875 0.065625 0.059375
1 0.52421875 0.33671875 0.0703125 0.06875
1 0.646875 0.3328125 0.08125 0.075
1 0.37265625 0.33359375 0.0703125 0.06875
1 0.42265625 0.4140625 0.0640625 0.0625
1 0.51171875 0.3984375 0.0640625 0.0640625
1 0.221875 0.4296875 0.065625 0.0671875
1 0.24296875 0.346875 0.084375 0.075
1 0.21953125 0.2046875 0.075 0.075
1 0.2828125 0.20625 0.0671875 0.0640625
1 0.29296875 0.27265625 0.0625 0.0609375
1 0.2296875 0.26015625 0.0640625 0.059375
1 0.34140625 0.5109375 0.0640625 0.0609375
1 0.44921875 0.4734375 0.0609375 0.0609375
1 0.26875 0.54296875 0.0703125 0.065625
1 0.13203125 0.546875 0.0671875 0.0578125
1 0.13671875 0.59296875 0.0734375 0.059375
1 0.18671875 0.6609375 0.06875 0.0796875
1 0.2765625 0.65703125 0.0453125 0.0609375
1 0.240625 0.6640625 0.0453125 0.06875
1 0.50078125 0.59453125 0.06875 0.0703125
1 0.35703125 0.67578125 0.0578125 0.0640625
1 0.48671875 0.65390625 0.046875 0.04375
1 0.509375 0.7078125 0.075 0.078125
1 0.42578125 0.69453125 0.10625 0.078125
1 0.57890625 0.66484375 0.0765625 0.065625
1 0.6390625 0.5921875 0.0734375 0.071875