1 0.378125 0.3234375 0.08125 0.08125
1 0.4703125 0.3390625 0.0546875 0.05859375
1 0.30703125 0.44609375 0.0578125 0.0609375
1 0.28671875 0.51484375 0.0515625 0.05234375
1 0.28671875 0.55859375 0.040625 0.04453125
1 0.3109375 0.6296875 0.05390625 0.05703125
1 0.4 0.42421875 0.0484375 0.05078125
1 0.43515625 0.415625 0.03046875 0.0390625
1 0.36171875 0.46484375 0.06171875 0.03984375
1 0.40390625 0.4875 0.04296875 0.05234375
1 0.38359375 0.55703125 0.03671875 0.06328125
1 0.359375 0.596875 0.03515625 0.040625
1 0.60859375 0.23828125 0.0625 0.0484375
1 0.646875 0.2640625 0.06171875 0.05703125
1 0.72421875 0.2703125 0.0578125 0.05703125
1 0.621875 0.33515625 0.04140625 0.0546875
1 0.5921875 0.3546875 0.05078125 0.0421875
1 0.5046875 0.3921875 0.07734375 0.04453125
1 0.61953125 0.790625 0.03828125 0.040625
1 0.65625 0.759375 0.03046875 0.03359375
1 0.6625 0.81875 0.03984375 0.0390625
1 0.70859375 0.77890625 0.02421875 0.0296875
1 0.7421875 0.81328125 0.02578125 0.0296875
1 0.5765625 0.79140625 0.0390625 0.0484375
1 0.328125 0.546875 0.03671875 0.0421875
1 0.4328125 0.53828125 0.0296875 0.0328125