1 0.3741888745185255 0.6787623668972674 0.08172269867214013 0.08172269867214013
1 0.46646727810932165 0.663673698082965 0.05503293364502539 0.05969316256778665
1 0.3038087177062755 0.555692505559145 0.058167024004105096 0.06127384328594587
1 0.2838961935057787 0.4868243308911099 0.05187157220870695 0.05342498184962743
1 0.284150723560008 0.4430743308911098 0.040879530054229285 0.04398634933607006
1 0.3087830848981306 0.3721214814568439 0.05345225292686626 0.05655907220870695
1 0.3966502026791609 0.5781083819243822 0.04872839149054773 0.05028180113146803
1 0.431756455704223 0.5869066650036736 0.03147725897699054 0.03924430718159222
1 0.35860530201523094 0.5372606681269316 0.06273634933607006 0.040988614363184794
1 0.40092461222188536 0.5148498578220811 0.04405907220870695 0.05337953005422928
1 0.3810166332009284 0.4452004331540461 0.03786361436318471 0.06271816861791084
1 0.35702968735745866 0.40521578258831203 0.03461134933607006 0.04082498789975162
1 0.6041621999486864 0.7652594448615112 0.06278180113146803 0.048801114363184794
1 0.6425934408735001 0.7397009086589618 0.06282725292686635 0.056613614363184794
1 0.7199735523098185 0.7339008814334028 0.05813975292686635 0.056586343285945875
1 0.6180070522116227 0.6684617129136878 0.04094316256778665 0.054923849336070064
1 0.5884331817001179 0.6487577460911751 0.05024543969514959 0.04247839149054773
1 0.5011513503180287 0.6107486859827166 0.07837953005422946 0.044204517953980726
1 0.6183131418833312 0.21297932737506842 0.03773634933607006 0.04084316861791084
1 0.6548500847017389 0.24444295081343945 0.03144998789975162 0.034556807181592396
1 0.6614455183467645 0.1851043122497579 0.04085225897699054 0.039298849336070064
1 0.7073074641902342 0.22521622784260664 0.025172716822512698 0.029832945745273863
1 0.7411012020899858 0.19103667056281842 0.025172716822512698 0.029832945745273863
1 0.575348937062871 0.21194809250037894 0.03934430113146803 0.04866475897699045
1 0.3254887958669109 0.45503397540671975 0.03774543969514967 0.04240566861791084
1 0.43012629889197296 0.4642367794650541 0.029878397540671918 0.032985216822512695