1 0.34296875 0.34375 0.0703125 0.075
1 0.4625 0.33515625 0.06640625 0.07109375
1 0.48125 0.39921875 0.0609375 0.0625
1 0.61015625 0.3203125 0.06953125 0.06953125
1 0.5109375 0.59453125 0.07578125 0.08046875
1 0.7390625 0.32265625 0.09140625 0.07421875
1 0.57109375 0.41015625 0.0609375 0.059375
1 0.54921875 0.47265625 0.05625 0.05703125
1 0.37265625 0.60703125 0.0640625 0.06171875
1 0.321875 0.2828125 0.0640625 0.0578125
1 0.690625 0.1875 0.05703125 0.059375
1 0.75625 0.1796875 0.06015625 0.06171875
1 0.6875 0.253125 0.05546875 0.05703125
1 0.74609375 0.23515625 0.05546875 0.04921875
1 0.77109375 0.40546875 0.0578125 0.06328125
1 0.8484375 0.43671875 0.0671875 0.06875
1 0.66171875 0.5015625 0.059375 0.0625
1 0.73515625 0.5234375 0.05625 0.05703125
1 0.86875 0.51640625 0.06484375 0.0546875
1 0.86953125 0.5609375 0.0640625 0.0515625
1 0.82578125 0.6359375 0.06484375 0.06328125
1 0.73828125 0.63984375 0.04296875 0.059375
1 0.77421875 0.64375 0.0375 0.065625
1 0.6609375 0.6640625 0.05078125 0.0625
1 0.5265625 0.65703125 0.0421875 0.03984375
1 0.5 0.72421875 0.04453125 0.046875
1 0.4234375 0.66484375 0.040625 0.04296875
1 0.45078125 0.6828125 0.04921875 0.04765625
1 0.390625 0.70625 0.04453125 0.0453125
1 0.5921875 0.69453125 0.09921875 0.07421875