1 0.35106111035616394 0.71953125 0.08005111436318471 0.0625
1 0.39355768256487095 0.77265625 0.05029089149054773 0.05
1 0.6776554266129426 0.725 0.04874657220870695 0.053125
1 0.8150907523376911 0.4453125 0.07549087939029916 0.084375
1 0.7148049269075303 0.53046875 0.05187157220870695 0.053125
1 0.7716725504440971 0.50234375 0.058167024004104916 0.0609375
1 0.7144913095192834 0.4765625 0.040861349336070066 0.040625
1 0.7634418939264347 0.43046875 0.05352497579950324 0.06875
1 0.7228896167990716 0.44296875 0.04402271077238851 0.046875
1 0.6198691559284872 0.4609375 0.03769998789975162 0.034375
1 0.67503337889932 0.40859375 0.056622704722264314 0.0640625
1 0.5722492673648057 0.4671875 0.03617384933607006 0.040625
1 0.6607486859827165 0.5046875 0.050354524004105096 0.0609375
1 0.3444702218906783 0.6609375 0.03461134933607006 0.040625
1 0.3011060412707149 0.59296875 0.04402271077238851 0.046875
1 0.2593361769075302 0.53046875 0.05029998184962743 0.0515625
1 0.4048395744482022 0.56328125 0.0298602168225127 0.0296875
1 0.396649824546398 0.4984375 0.028297716822512697 0.0296875
1 0.41708958957351266 0.5203125 0.026726126463433177 0.028125
1 0.26986915592848726 0.4609375 0.037718168617910844 0.0375
1 0.28180607454639806 0.4984375 0.03457498789975162 0.034375
1 0.2945151528052293 0.534375 0.03144089754067201 0.0328125
1 0.3915224838927308 0.69140625 0.0298602168225127 0.0296875
1 0.4352861194313503 0.69375 0.025154536104353475 0.0265625
1 0.34092147843178183 0.31953125 0.051862481849627426 0.0515625
1 0.4665709182251273 0.296875 0.03774543969514958 0.0421875
1 0.451527701206223 0.396875 0.026735216822512696 0.0296875
1 0.6423395744482022 0.56328125 0.03615566861791084 0.0375
1 0.42373099589478336 0.721875 0.02831589754067192 0.0328125
1 0.5618577097904299 0.6953125 0.025136355386194253 0.0234375
1 0.5411482165279251 0.22421875 0.04873748184962743 0.0515625