1 0.298331398228043 0.4228436441228264 0.09743860226293632 0.09743860226293624
1 0.3337689284786641 0.5089902223816576 0.07070338544042354 0.06759656615858275
1 0.40202000049097936 0.3265686078220812 0.07228406615858277 0.07073065651766246
1 0.46472453357027066 0.29177597218526585 0.0644261143631848 0.06287270472226432
1 0.5077523709042883 0.2818697070599554 0.051853391490547726 0.05029998184962743
1 0.5819256691088902 0.29011399911623725 0.06756020472226432 0.06445338544042353
1 0.4014654885871226 0.42188110782208116 0.05971134328594587 0.05815793364502557
1 0.4004751603282914 0.45781406264254143 0.045539758976990544 0.03932612041330898
1 0.43220240417997136 0.3759646198241337 0.05353406615858276 0.07062157220870695
1 0.46402457592114016 0.4120884721852659 0.06125566256778665 0.05504202400410509
1 0.5275149041799714 0.3765191317279904 0.06904089149054773 0.05039997579950315
1 0.5605137565411035 0.34467877926866236 0.047120439695149584 0.042460210772388506
1 0.26566330221162265 0.6664118369412341 0.06135565651766246 0.0722295240041051
1 0.29907524503003036 0.6978572796614457 0.06917724687674198 0.07383747579950324
1 0.32208095297374845 0.7722123850476401 0.06758747579950315 0.06914088544042354
1 0.3633740943661004 0.6576049843837101 0.06279998184962743 0.0519261143631848
1 0.37528374190677233 0.6248606620768073 0.05346134328594587 0.05812157220870695
1 0.3930166634515494 0.5312106560266832 0.061437469749378956 0.0862920240041051
1 0.8069518984244347 0.5554946011827818 0.048701120413308985 0.04559430113146821
1 0.7840456635497453 0.5983315409761273 0.04084316861791084 0.03773634933607006
1 0.8434615701656035 0.5916457246211528 0.04715680113146803 0.048710210772388504
1 0.8150229527773568 0.6453883481577197 0.034556807181592576 0.03144998789975162
1 0.8555025070320827 0.6706246974937897 0.034556807181592576 0.03144998789975162
1 0.7978177929400447 0.5140338090283041 0.05653180113146803 0.04876475292686635
1 0.5051586360295988 0.32482482152133596 0.050263620413308986 0.04560339149054773
1 0.5193978771508041 0.42881742993259236 0.03927157825883114 0.03616475897699054