1 0.84609375 0.4375 0.07890625 0.0828125
1 0.3234375 0.2828125 0.0609375 0.0546875
1 0.46171875 0.3390625 0.06640625 0.06328125
1 0.3390625 0.34609375 0.07421875 0.06953125
1 0.6125 0.3234375 0.065625 0.06328125
1 0.56953125 0.4078125 0.059375 0.0578125
1 0.4796875 0.4 0.05859375 0.05859375
1 0.77109375 0.40546875 0.06015625 0.06171875
1 0.74296875 0.325 0.078125 0.06875
1 0.75390625 0.18125 0.06953125 0.06796875
1 0.690625 0.18828125 0.0625 0.05859375
1 0.68671875 0.25546875 0.0578125 0.05625
1 0.7484375 0.2375 0.06015625 0.0546875
1 0.65859375 0.496875 0.05859375 0.05703125
1 0.5484375 0.46875 0.05703125 0.05546875
1 0.734375 0.52265625 0.06484375 0.06015625
1 0.8703125 0.51484375 0.06171875 0.053125
1 0.8703125 0.5609375 0.06875 0.053125
1 0.82578125 0.6328125 0.0625 0.07578125
1 0.7359375 0.63671875 0.04140625 0.0578125
1 0.77265625 0.640625 0.0390625 0.06484375
1 0.5078125 0.59453125 0.06171875 0.065625
1 0.6578125 0.6625 0.05234375 0.05859375
1 0.5265625 0.65234375 0.04375 0.040625
1 0.50859375 0.7078125 0.06953125 0.071875
1 0.590625 0.6875 0.10078125 0.0703125
1 0.4359375 0.67109375 0.07109375 0.06015625
1 0.36953125 0.60390625 0.06796875 0.06484375