1 0.50859375 0.13359375 0.0625 0.0703125
1 0.62109375 0.2734375 0.05703125 0.05703125
1 0.6078125 0.334375 0.03984375 0.03984375
1 0.6765625 0.396875 0.05546875 0.059375
1 0.23828125 0.17578125 0.05859375 0.06171875
1 0.3453125 0.13125 0.0453125 0.0484375
1 0.3 0.3484375 0.0421875 0.04140625
1 0.35859375 0.3359375 0.0359375 0.0328125
1 0.421875 0.3046875 0.034375 0.03671875
1 0.3921875 0.33984375 0.03203125 0.03359375
1 0.19921875 0.3859375 0.0453125 0.0484375
1 0.26015625 0.43125 0.03515625 0.040625
1 0.34375 0.39296875 0.02734375 0.028125
1 0.3734375 0.42109375 0.03203125 0.03125
1 0.31171875 0.4296875 0.0328125 0.03203125
1 0.334375 0.41796875 0.03125 0.03046875
1 0.2140625 0.44296875 0.0375 0.0390625
1 0.2453125 0.47734375 0.0359375 0.03515625
1 0.32890625 0.4859375 0.03203125 0.0375
1 0.096875 0.415625 0.0625 0.0671875
1 0.15859375 0.4328125 0.0453125 0.04921875
1 0.24765625 0.58671875 0.0390625 0.03828125
1 0.45078125 0.71171875 0.0640625 0.0625
1 0.56015625 0.26796875 0.03515625 0.04453125
1 0.52421875 0.246875 0.0375 0.03671875
1 0.49296875 0.215625 0.034375 0.03359375
1 0.39375 0.265625 0.028125 0.03046875
1 0.346875 0.303125 0.028125 0.02890625
1 0.61875 0.53671875 0.05078125 0.05234375
1 0.1203125 0.51796875 0.0421875 0.04609375
1 0.1890625 0.5015625 0.0265625 0.02890625
1 0.48046875 0.63125 0.034375 0.040625
1 0.45390625 0.32734375 0.0265625 0.02734375
1 0.64921875 0.35859375 0.0390625 0.03984375