1 0.36640625 0.26796875 0.075 0.05625
1 0.41328125 0.21875 0.046875 0.0453125
1 0.6921875 0.290625 0.04375 0.04921875
1 0.80625 0.58203125 0.06953125 0.078125
1 0.71328125 0.48828125 0.046875 0.05
1 0.76796875 0.52109375 0.05234375 0.05625
1 0.70859375 0.54140625 0.0375 0.03671875
1 0.75390625 0.5921875 0.04765625 0.06484375
1 0.71484375 0.57578125 0.04140625 0.04296875
1 0.61328125 0.54921875 0.034375 0.03203125
1 0.6640625 0.60625 0.0515625 0.059375
1 0.56640625 0.5390625 0.0328125 0.03671875
1 0.6578125 0.509375 0.0453125 0.0578125
1 0.35546875 0.32578125 0.03125 0.03671875
1 0.30625 0.38984375 0.04140625 0.04296875
1 0.26015625 0.4484375 0.0453125 0.0484375
1 0.4078125 0.428125 0.0265625 0.028125
1 0.39375 0.4921875 0.02578125 0.02734375
1 0.41640625 0.47265625 0.025 0.0265625
1 0.26484375 0.51875 0.034375 0.034375
1 0.2796875 0.48203125 0.03203125 0.03125
1 0.2953125 0.44765625 0.02734375 0.03203125
1 0.4046875 0.29921875 0.0265625 0.02890625
1 0.4484375 0.30078125 0.0234375 0.025
1 0.32421875 0.665625 0.04609375 0.04765625
1 0.44765625 0.69921875 0.034375 0.0390625
1 0.440625 0.5984375 0.0234375 0.028125
1 0.64375 0.44921875 0.0328125 0.034375
1 0.4390625 0.271875 0.02578125 0.03046875
1 0.575 0.31015625 0.0234375 0.02265625
1 0.515625 0.778125 0.04296875 0.0484375