1 0.61796875 0.6839047629840111 0.0859375 0.08956246974937905
1 0.49921875 0.6658456302740621 0.0796875 0.0848386083130606
1 0.4953125 0.5994621061717612 0.0734375 0.07542724687674199
1 0.35234375 0.6479501240275463 0.0828125 0.08329428903121965
1 0.5109375 0.40249620258096497 0.090625 0.0958397408266178
1 0.22734375 0.6174273527539156 0.1046875 0.09435905405833438
1 0.41015625 0.5694887807416004 0.0734375 0.07230224687674217
1 0.44609375 0.5130297024827691 0.0671875 0.06757838544042354
1 0.6484375 0.4204462509819587 0.0765625 0.07544542759490121
1 0.625 0.747926356368153 0.075 0.07074883723582168
1 0.24375 0.7603006539835796 0.06875 0.07071247579950324
1 0.178125 0.7536511990649236 0.071875 0.07541815651766229
1 0.26171875 0.6969148648541641 0.0671875 0.06757838544042354
1 0.20078125 0.7011756388582692 0.065625 0.06131929508134384
1 0.21484375 0.5300000756265526 0.0703125 0.07384656615858276
1 0.14609375 0.4827438014260557 0.08125 0.08328519867214013
1 0.34296875 0.45972341618202395 0.071875 0.07541815651766245
1 0.27578125 0.42261430162244745 0.0671875 0.06757838544042354
1 0.14453125 0.39994039178513535 0.0765625 0.0691954275949013
1 0.15390625 0.35691709963065765 0.0734375 0.06448974687674207
1 0.21328125 0.29329041598563216 0.078125 0.0754545179539809
1 0.29921875 0.3084154462362532 0.05625 0.06751475292686626
1 0.26484375 0.29689668413600484 0.0515625 0.07217498184962742
1 0.38046875 0.3016927475641131 0.0625 0.07223861436318471
1 0.509375 0.3384427929400446 0.05 0.04872839149054773
1 0.55078125 0.2780456484244348 0.053125 0.05655907220870695
1 0.61171875 0.3526911244203297 0.05 0.051853391490547726
1 0.5890625 0.3293854346269841 0.059375 0.056595433645025485
1 0.653125 0.3196377299047198 0.053125 0.05499657220870695
1 0.45390625 0.28720300068737104 0.1140625 0.09597609621281204