1 0.6875 0.38203125 0.0890625 0.0859375
1 0.66875 0.50078125 0.084375 0.0796875
1 0.60234375 0.5046875 0.075 0.0734375
1 0.65 0.64765625 0.0828125 0.0828125
1 0.40546875 0.4890625 0.0953125 0.090625
1 0.61875 0.77265625 0.09375 0.1046875
1 0.571875 0.58984375 0.071875 0.0734375
1 0.515625 0.55390625 0.0671875 0.0671875
1 0.42421875 0.3515625 0.075 0.0765625
1 0.7515625 0.375 0.0703125 0.075
1 0.76171875 0.75625 0.0703125 0.06875
1 0.7546875 0.821875 0.075 0.071875
1 0.6984375 0.73828125 0.0671875 0.0671875
1 0.70234375 0.79921875 0.0609375 0.065625
1 0.53125 0.78515625 0.0734375 0.0703125
1 0.48359375 0.85390625 0.0828125 0.08125
1 0.46171875 0.65703125 0.075 0.071875
1 0.42421875 0.72421875 0.0671875 0.0671875
1 0.40078125 0.85546875 0.06875 0.0765625
1 0.3578125 0.84609375 0.0640625 0.0734375
1 0.29453125 0.78671875 0.075 0.078125
1 0.31015625 0.70078125 0.0671875 0.05625
1 0.2984375 0.73515625 0.071875 0.0515625
1 0.30390625 0.61953125 0.071875 0.0625
1 0.34140625 0.490625 0.0484375 0.05
1 0.28125 0.44921875 0.05625 0.053125
1 0.35625 0.38828125 0.0515625 0.05
1 0.3328125 0.4109375 0.05625 0.059375
1 0.3234375 0.346875 0.0546875 0.053125
1 0.28984375 0.54609375 0.0953125 0.1140625