1 0.19375 0.2222209545258726 0.06875 0.07227497579950315
1 0.43828125 0.09786234572183278 0.0859375 0.07237496974937899
1 0.40625 0.1961134933607006 0.05 0.04716589149054777
1 0.40390625 0.3421936078220812 0.0328125 0.029878397540671918
1 0.43203125 0.3704822342855143 0.0296875 0.0314227168225127
1 0.4453125 0.31118450233769107 0.0359375 0.03302157825883114
1 0.4296875 0.3321873487468949 0.0296875 0.0298602168225127
1 0.3453125 0.35279021935659555 0.0359375 0.02989657825883114
1 0.34765625 0.387178854895215 0.0328125 0.028315897540672007
1 0.31171875 0.41431352663638377 0.0359375 0.03302157825883114
1 0.36328125 0.2997697584860111 0.0421875 0.039307939695149674
1 0.27421875 0.38518910801847295 0.0328125 0.02831589754067192
1 0.26875 0.6093760417616942 0.053125 0.05499657220870695
1 0.39140625 0.6702458849494443 0.059375 0.05347043364502539
1 0.3515625 0.643451580792914 0.0421875 0.04243293969514959
1 0.3328125 0.6019362464839586 0.0359375 0.03302157825883114
1 0.52734375 0.6210367461893711 0.05625 0.05657725292686635
1 0.63359375 0.47556114060678495 0.05 0.06591589149054791
1 0.453125 0.15888620413308913 0.0453125 0.04713862041330889
1 0.46328125 0.21675779146710666 0.0390625 0.03616475897699045
1 0.4484375 0.2604214330558503 0.0421875 0.03774543969514967
1 0.49375 0.2450600534691592 0.0390625 0.03772725897699045
1 0.496875 0.33023448418731843 0.0390625 0.039289758976990455
1 0.71640625 0.46823042963800476 0.0546875 0.05344316256778647
1 0.67890625 0.45551226102009396 0.0390625 0.04241475897699054
1 0.709375 0.4267832730221464 0.040625 0.039298849336070064
1 0.60390625 0.2613259237842723 0.0359375 0.03614657825883114
1 0.5203125 0.1936520895735127 0.0296875 0.02673521682251274
1 0.63046875 0.33726170988862575 0.034375 0.03144998789975162
1 0.4921875 0.1411447131100796 0.028125 0.032976126463433085
1 0.53984375 0.12501571906200792 0.053125 0.053434072208706995
1 0.55546875 0.1493253726528041 0.040625 0.03617384933607006
1 0.134375 0.4867192708808471 0.059375 0.06597043364502539
1 0.1421875 0.32895222267624524 0.0421875 0.04243293969514968
1 0.21015625 0.2910664032962086 0.028125 0.029851126463433176
1 0.2328125 0.33572946350286303 0.0390625 0.03616475897699045
1 0.24296875 0.37563230083688054 0.0234375 0.026698855386194254
1 0.259375 0.36479024960721657 0.0265625 0.025154536104353475
1 0.31328125 0.3377601169954634 0.0296875 0.0298602168225127
1 0.3171875 0.31122034289316236 0.0296875 0.0298602168225127
1 0.2703125 0.30235388212077385 0.03125 0.0314318071815924
1 0.21796875 0.4778306050916067 0.0328125 0.03300339754067192
1 0.24609375 0.5139317315550398 0.0328125 0.034565897540672096
1 0.26640625 0.5492061562230749 0.046875 0.03777271077238851
1 0.33125 0.44489590612487895 0.0265625 0.023592036104353474
1 0.41328125 0.4274043999765588 0.03125 0.03611930718159222
1 0.58828125 0.4432662701934761 0.0265625 0.029842036104353476