1 0.55 0.15476230639602545 0.0859375 0.08174996974937895
1 0.7234375 0.672958836253863 0.05625 0.06282725292686635
1 0.6625 0.5366668122497579 0.0640625 0.06756020472226432
1 0.659375 0.6593048815315987 0.071875 0.07854315651766246
1 0.67265625 0.38516339958377543 0.0640625 0.06756020472226432
1 0.58984375 0.43077536055255566 0.059375 0.06128293364502539
1 0.60078125 0.5206827430661131 0.0609375 0.06129202400410509
1 0.58515625 0.22918558947531684 0.0640625 0.06131020472226432
1 0.66640625 0.25465828814745695 0.071875 0.08166815651766246
1 0.809375 0.23986505600324196 0.071875 0.07229315651766247
1 0.8046875 0.3031190349260031 0.0609375 0.0644170240041051
1 0.7375 0.30897814948557956 0.0578125 0.05971134328594587
1 0.75390625 0.24657359825591554 0.05625 0.06126475292686617
1 0.49765625 0.34430152936685826 0.0578125 0.06127384328594587
1 0.5296875 0.45386288172799044 0.0578125 0.05814884328594587
1 0.46953125 0.26913790290342515 0.0609375 0.0675420240041051
1 0.471875 0.13321403844204455 0.0546875 0.06438066256778666
1 0.4265625 0.13451291802873563 0.05625 0.07063975292686622
1 0.35625 0.18097885187015283 0.0765625 0.06607042759490125
1 0.35546875 0.27081805669061304 0.059375 0.042532933645025396
1 0.35 0.23406749043383437 0.0671875 0.04101588544042354
1 0.40546875 0.49767144818116077 0.0671875 0.06445338544042353
1 0.33203125 0.3495879513044188 0.0609375 0.05504202400410509
1 0.346875 0.48092430971567507 0.0421875 0.04555793969514958
1 0.2921875 0.5001373971478885 0.075 0.07231133723582168
1 0.309375 0.4174248910977643 0.0734375 0.10355224687674199
1 0.33125 0.5722396561248789 0.0625 0.07380111436318479
1 0.40078125 0.6367066771039219 0.06875 0.07071247579950324