1 0.27265625 0.3570074823406067 0.059375 0.07690793364502539
1 0.221875 0.40261541901069425 0.046875 0.048710210772388504
1 0.284375 0.6827205546475096 0.0515625 0.04561248184962743
1 0.57109375 0.8052712237563997 0.08125 0.07234769867214012
1 0.48046875 0.7097047145830175 0.0515625 0.04873748184962743
1 0.51171875 0.7657729074014252 0.0578125 0.055023843285945874
1 0.534375 0.7070473471947707 0.0390625 0.039289758976990365
1 0.58359375 0.7536360008837628 0.0671875 0.04882838544042354
1 0.56796875 0.7138831544745589 0.0453125 0.042451120413308986
1 0.5453125 0.6116712146812133 0.0328125 0.0361283975406721
1 0.60078125 0.664473506933887 0.0609375 0.05347952400410509
1 0.53671875 0.5648462116561512 0.0390625 0.03460225897699054
1 0.50390625 0.6548808591968233 0.059375 0.04722043364502539
1 0.33125 0.34729159387512104 0.0390625 0.03303975897699045
1 0.396875 0.30003479879377715 0.0453125 0.042451120413308986
1 0.45703125 0.2559348199692118 0.05 0.04716589149054773
1 0.43125 0.4029598108940255 0.0296875 0.028297716822512697
1 0.49609375 0.3908638109922214 0.0296875 0.026735216822512786
1 0.47578125 0.41285698566025636 0.028125 0.026726126463433177
1 0.5265625 0.2625615489901688 0.0359375 0.03614657825883123
1 0.48984375 0.2760564224285399 0.0328125 0.03300339754067192
1 0.4546875 0.29110470550783124 0.0328125 0.029878397540671918
1 0.30234375 0.395897265518094 0.0296875 0.028297716822512697
1 0.30234375 0.43964726551809397 0.0265625 0.025154536104353475
1 0.671875 0.32655989559576437 0.0484375 0.048719301131468204
1 0.70078125 0.4506104739527914 0.040625 0.03617384933607006
1 0.60078125 0.44025475693388694 0.0296875 0.025172716822512698
1 0.44453125 0.6396012928418487 0.0359375 0.03458407825883114
1 0.27421875 0.4296546419815271 0.0328125 0.02675339754067192
1 0.3078125 0.5661779492613153 0.0234375 0.023573855386194255
1 0.77734375 0.5204775463578901 0.05 0.04560339149054791