1 0.8635109706331419 0.49765625 0.07224770472226431 0.0640625
1 0.7266791120254936 0.3828125 0.05814884328594587 0.0578125
1 0.6648876391528568 0.3953125 0.040861349336070066 0.040625
1 0.6043592053114395 0.325 0.06127384328594587 0.0578125
1 0.8150678836919077 0.7671875 0.06441702400410491 0.0609375
1 0.8617797781093216 0.6609375 0.050272710772388506 0.046875
1 0.6443513835937118 0.70234375 0.040870439695149585 0.0421875
1 0.6579689768796577 0.64453125 0.03302157825883114 0.0359375
1 0.6903683864223822 0.58125 0.03769998789975162 0.034375
1 0.6550394195998696 0.6109375 0.03455680718159222 0.03125
1 0.6039258506126164 0.80234375 0.050272710772388506 0.046875
1 0.5605349197962612 0.740625 0.04082498789975162 0.034375
1 0.6000792088274809 0.6578125 0.028288626463433175 0.028125
1 0.5729081756499937 0.628125 0.03143180718159222 0.03125
1 0.5631741064663488 0.68984375 0.03144089754067192 0.0328125
1 0.5750246666730032 0.6671875 0.03143180718159222 0.03125
1 0.5477667542034125 0.78671875 0.03928066861791084 0.0375
1 0.5135781065645446 0.7546875 0.03458407825883114 0.0359375
1 0.5070331907753042 0.67109375 0.0376818071815924 0.03125
1 0.5720804320929014 0.9046875 0.06912270472226431 0.0640625
1 0.5560377964560861 0.8421875 0.05183521077238851 0.046875
1 0.4042258324622437 0.75078125 0.03772725897699036 0.0390625
1 0.2843274646812134 0.5453125 0.06444429508134393 0.065625
1 0.7302308380213886 0.44375 0.043949987899751616 0.034375
1 0.7503297145830176 0.48046875 0.037718168617910844 0.0375
1 0.7813979074014252 0.51171875 0.03457498789975162 0.034375
1 0.7292627147794093 0.61015625 0.031413626463433174 0.028125
1 0.6907132991865605 0.65625 0.028288626463433175 0.028125
1 0.4634114975641131 0.38046875 0.05498748184962743 0.0515625
1 0.4706633778381752 0.8796875 0.047129530054229284 0.04375
1 0.48825085363767845 0.8109375 0.02827953610435365 0.0265625
1 0.36574109114464654 0.5171875 0.04082498789975162 0.034375
1 0.6686797387835144 0.54921875 0.028279536104353475 0.0265625
1 0.6416955788480063 0.353125 0.04085225897699054 0.0390625