1 0.2375 0.1796875 0.06796875 0.06640625
1 0.09921875 0.4171875 0.0671875 0.0828125
1 0.19921875 0.390625 0.04453125 0.0484375
1 0.3453125 0.3953125 0.028125 0.03203125
1 0.371875 0.425 0.0296875 0.02890625
1 0.31171875 0.43515625 0.03046875 0.03359375
1 0.33359375 0.42109375 0.02734375 0.028125
1 0.359375 0.3375 0.028125 0.03359375
1 0.39296875 0.3421875 0.0265625 0.03125
1 0.42265625 0.30703125 0.03125 0.034375
1 0.3046875 0.353125 0.03828125 0.04140625
1 0.3953125 0.26875 0.0265625 0.03125
1 0.61953125 0.275 0.0515625 0.05078125
1 0.6734375 0.4 0.05 0.05625
1 0.64921875 0.359375 0.04140625 0.04140625
1 0.60859375 0.33828125 0.03125 0.034375
1 0.61640625 0.53359375 0.053125 0.05234375
1 0.46484375 0.63203125 0.06328125 0.04765625
1 0.159375 0.43515625 0.0453125 0.04453125
1 0.21640625 0.4484375 0.03515625 0.0375
1 0.2609375 0.4359375 0.0359375 0.04140625
1 0.24296875 0.48046875 0.0359375 0.0375
1 0.328125 0.4875 0.03671875 0.03828125
1 0.453125 0.7140625 0.05078125 0.0515625
1 0.4421875 0.67578125 0.03984375 0.03828125
1 0.41171875 0.7046875 0.03828125 0.0390625
1 0.25234375 0.59140625 0.034375 0.03515625
1 0.18984375 0.50390625 0.02578125 0.02890625
1 0.32734375 0.621875 0.0296875 0.0328125
1 0.1390625 0.4734375 0.03203125 0.0265625
1 0.1203125 0.5203125 0.05078125 0.04921875
1 0.14375 0.53671875 0.03359375 0.0390625
1 0.50546875 0.134375 0.06171875 0.05625
1 0.346875 0.13359375 0.040625 0.04140625
1 0.30546875 0.19921875 0.028125 0.0265625
1 0.3484375 0.22421875 0.03515625 0.03671875
1 0.3875 0.23671875 0.02421875 0.02265625
1 0.37578125 0.25234375 0.0234375 0.02421875
1 0.34609375 0.3046875 0.02734375 0.02734375
1 0.31953125 0.3078125 0.028125 0.02890625
1 0.31328125 0.26015625 0.0296875 0.0296875
1 0.49140625 0.2171875 0.03046875 0.03203125
1 0.52578125 0.246875 0.0328125 0.03203125
1 0.56015625 0.26953125 0.0359375 0.0453125
1 0.4515625 0.328125 0.02109375 0.02421875
1 0.4296875 0.409375 0.03515625 0.0296875
1 0.43515625 0.58515625 0.028125 0.02578125