1 0.7633843692349587 0.8190241306668457 0.07859769867214013 0.08170451795398073
1 0.5029468389843375 0.9064797206331416 0.09579428903121964 0.08336701190385654
1 0.54928550779864 0.8140195098607531 0.05655907220870695 0.05345225292686635
1 0.5742304447633153 0.6701195189359396 0.036137487899751616 0.03458407825883114
1 0.5506020472226433 0.6374433743221338 0.03457498789975162 0.03457498789975162
1 0.5282775953290493 0.6946064345287882 0.040843168617910666 0.03773634933607006
1 0.5469185110200939 0.6757473502198328 0.033003397540672094 0.03300339754067192
1 0.6335918092246958 0.667430335290914 0.03926248789975162 0.03460225897699054
1 0.635740116504484 0.6338229497522946 0.03612839754067192 0.03302157825883114
1 0.6762378514773694 0.6117116004162246 0.04084316861791084 0.03773634933607006
1 0.6073247458947834 0.7183661213952676 0.04713862041330898 0.04558521077238851
1 0.7084736345566608 0.6466814980550923 0.03612839754067192 0.03302157825883114
1 0.7478123487468948 0.4253513987190224 0.0597295240041051 0.06128293364502539
1 0.6356345356133742 0.34709510939321503 0.06597952400410509 0.06131929508134402
1 0.6709816831540462 0.37970307631392364 0.048719301131468204 0.04871930113146812
1 0.6829549632082754 0.42338489862082646 0.04084316861791084 0.03773634933607006
1 0.4936106620768072 0.3760473320694602 0.0628636143631848 0.0628636143631847
1 0.36623107152133594 0.5049177415139889 0.05978406615858276 0.0706579336450254
1 0.4978957246211528 0.8440069917103805 0.05187157220870695 0.05342498184962743
1 0.49599233615566707 0.7854223320694602 0.04399543969514959 0.042442030054229106
1 0.5176264416400572 0.7438888170423456 0.047129530054229284 0.04402271077238851
1 0.47002018861499517 0.7527598229942739 0.04399543969514959 0.042442030054229286
1 0.4804668092246958 0.6683211904807166 0.04400453005422929 0.04400453005422929
1 0.2841680052645573 0.49992623536566877 0.06128293364502548 0.0597295240041051
1 0.31943333957351266 0.5184717022863774 0.04558521077238851 0.04713862041330898
1 0.284413444959707 0.5421137353656688 0.0455761204133089 0.04557612041330898
1 0.363583836253863 0.721346717411688 0.040861349336070066 0.040861349336070066
1 0.43669914938738363 0.7998302657144857 0.032985216822512695 0.0298783975406721
1 0.34827647794080246 0.6417455758229443 0.037709078258831144 0.03615566861791084
1 0.45577640231425 0.8559711814055302 0.03302157825883114 0.0361283975406721
1 0.4066076492891878 0.8648512777165382 0.05972043364502557 0.0597204336450254
1 0.39473436318483435 0.8383569554096354 0.04555793969514958 0.042451120413308986
1 0.8619117310640604 0.56531734768575 0.0691772468767418 0.07383747579950324
1 0.8307849717924825 0.7209724500468822 0.04871930113146803 0.04871930113146803
1 0.7582878030763757 0.7487389017440844 0.0314408975406721 0.032994307181592394
1 0.7423855471244474 0.7011735553348807 0.04399543969514959 0.042442030054229286
1 0.7382429477883774 0.6605712812325797 0.026735216822512696 0.029842036104353476
1 0.7203196495837755 0.6684883203619952 0.029851126463433176 0.028297716822512697
1 0.6633974838927308 0.6875701184684013 0.03300339754067192 0.03300339754067192
1 0.6549491796380048 0.7126201154433393 0.033003397540672094 0.03300339754067192
1 0.7003571284083406 0.7287627450300302 0.03614657825883114 0.03614657825883114
1 0.7782998003459012 0.5626786818965096 0.03771816861791066 0.037718168617910844
1 0.7561929961893711 0.5229621969236242 0.037727258976990544 0.03928066861791084
1 0.7411265323919203 0.48476730533488066 0.05182612041330899 0.04561248184962743
1 0.6612032039366974 0.578985458827481 0.029842036104353476 0.026735216822512696
1 0.5776367250139363 0.5841592930382404 0.03616475897699054 0.03927157825883114
1 0.4063020804983264 0.5437484373574586 0.029878397540671918 0.032985216822512695