0 0.64765625 0.57421875 0.06171875 0.06953125
0 0.51875 0.48203125 0.05703125 0.0609375
0 0.6390625 0.484375 0.040625 0.04765625
0 0.47265625 0.37265625 0.04609375 0.04453125
0 0.4328125 0.42421875 0.0421875 0.0453125
0 0.41640625 0.36640625 0.04609375 0.0484375
0 0.41328125 0.45703125 0.03828125 0.04140625
0 0.41640625 0.4984375 0.04140625 0.04296875
0 0.490625 0.54296875 0.0359375 0.03828125
0 0.48359375 0.5 0.03828125 0.0421875
0 0.5890625 0.596875 0.04296875 0.0484375
0 0.5375 0.69609375 0.040625 0.04609375
0 0.571875 0.73984375 0.06640625 0.06640625
0 0.59921875 0.2375 0.08046875 0.0921875
0 0.7328125 0.31171875 0.065625 0.05625
0 0.78828125 0.40546875 0.1078125 0.11328125
0 0.33828125 0.43828125 0.121875 0.13671875
0 0.39453125 0.65 0.1015625 0.07734375
0 0.3875 0.740625 0.109375 0.11640625
0 0.48828125 0.78125 0.09609375 0.1140625
0 0.30234375 0.234375 0.096875 0.11796875
0 0.10703125 0.53671875 0.121875 0.1078125
0 0.59375 0.30078125 0.046875 0.04765625
0 0.67578125 0.31953125 0.0421875 0.0421875
0 0.64921875 0.309375 0.0359375 0.03515625
0 0.6984375 0.26640625 0.04375 0.03984375
0 0.62578125 0.4015625 0.04296875 0.04453125
0 0.37265625 0.58828125 0.04140625 0.03984375