0 0.35477125400702075 0.65703125 0.07220225292686626 0.05625
0 0.3410269165748073 0.60234375 0.050272710772388506 0.046875
0 0.27826277528065135 0.78203125 0.05343407220870704 0.053125
0 0.2272911486208265 0.68046875 0.06130111436318471 0.0625
0 0.300343350121637 0.478125 0.06282725292686617 0.05625
0 0.1991712146812134 0.5453125 0.04243293969514968 0.0421875
0 0.14855865720503347 0.38203125 0.050281801131468115 0.0484375
0 0.16912114207972295 0.3390625 0.061346566158582805 0.0703125
0 0.28670861787922614 0.2703125 0.06127384328594587 0.0578125
0 0.3138432896203949 0.30625 0.053434072208706954 0.053125
0 0.39259500351604143 0.3328125 0.0706579336450254 0.059375
0 0.32434899756411306 0.38046875 0.06604315651766238 0.071875
0 0.264833096998379 0.4046875 0.05029998184962743 0.0515625
0 0.22667456684595386 0.38359375 0.051862481849627426 0.0515625
0 0.22376721458301754 0.48046875 0.0455761204133089 0.0453125
0 0.24731834407151276 0.4609375 0.03933521077238851 0.046875
0 0.28652174463724683 0.43671875 0.056531801131468204 0.0484375
0 0.2040496122218854 0.5125 0.048692030054229285 0.04375
0 0.392598506933887 0.60078125 0.050290891490547815 0.05
0 0.47282636241827714 0.6421875 0.06128293364502539 0.059375
0 0.5433030097625574 0.4796875 0.058167024004105096 0.0609375
0 0.3919132265850701 0.45 0.14139768052176754 0.1328125
0 0.3463654190106943 0.221875 0.05341589149054773 0.05
0 0.32095687373295856 0.1578125 0.05969316256778665 0.0546875
0 0.4383125453759315 0.12890625 0.0675420240041051 0.0609375
0 0.6423995607958297 0.36640625 0.09106133723582169 0.075
0 0.6526916453011768 0.47734375 0.07230224687674217 0.0734375
0 0.7294950398167867 0.4359375 0.039317030054229284 0.04375
0 0.7581790969001831 0.33984375 0.07070338544042354 0.0671875
0 0.5746479376520461 0.59765625 0.06123748184962743 0.0515625
0 0.5920581514494969 0.559375 0.04714771077238851 0.046875
0 0.43050757309246973 0.53046875 0.059774975799503235 0.06875
0 0.6131968323640479 0.6859375 0.05030907220870695 0.053125
0 0.6428070643118711 0.69921875 0.04558521077238851 0.046875
0 0.6767507931364364 0.6390625 0.08954428903121965 0.0828125
0 0.6700558864223822 0.58125 0.05971134328594587 0.0578125
0 0.7453649586310892 0.528125 0.04714771077238851 0.046875
0 0.7815615338648584 0.48359375 0.05187157220870695 0.053125
0 0.570296260057145 0.67421875 0.04401362041330899 0.0453125
0 0.5177859010567134 0.3 0.07089428298109546 0.1
0 0.456324142767094 0.79296875 0.048692030054229285 0.04375
0 0.4725304048673424 0.82734375 0.04400453005422929 0.04375
0 0.4165642895221991 0.24140625 0.0644261143631848 0.0625
0 0.3820443646577723 0.13203125 0.050272710772388506 0.046875
0 0.3775432170189045 0.1 0.05340680113146821 0.0484375
0 0.19670630747617995 0.16328125 0.08158634328594587 0.0578125
0 0.45981990671405415 0.0578125 0.05495112041330898 0.0453125