0 0.4578125 0.33984375 0.0796875 0.075
0 0.52109375 0.48515625 0.071875 0.0671875
0 0.54453125 0.3671875 0.0546875 0.05
0 0.61875 0.553125 0.053125 0.0546875
0 0.56015625 0.58125 0.053125 0.05
0 0.61328125 0.609375 0.0578125 0.05625
0 0.52421875 0.59375 0.046875 0.0453125
0 0.484375 0.58203125 0.0515625 0.0484375
0 0.45625 0.5 0.04375 0.0421875
0 0.496875 0.51640625 0.0484375 0.0453125
0 0.4234375 0.39296875 0.05625 0.053125
0 0.315625 0.42265625 0.0546875 0.05
0 0.28046875 0.3796875 0.078125 0.078125
0 0.77734375 0.4578125 0.1078125 0.0984375
0 0.7328125 0.31171875 0.06875 0.0765625
0 0.65234375 0.2375 0.1328125 0.128125
0 0.5265625 0.67109375 0.159375 0.1484375
0 0.33125 0.571875 0.096875 0.115625
0 0.24140625 0.56015625 0.1359375 0.13125
0 0.22265625 0.453125 0.13125 0.11875
0 0.71875 0.7484375 0.1359375 0.11875
0 0.38203125 0.8765625 0.13125 0.1421875
0 0.7140625 0.45 0.05625 0.05625
0 0.71328125 0.365625 0.05 0.05
0 0.7171875 0.39375 0.040625 0.0421875
0 0.76953125 0.3546875 0.0484375 0.0515625
0 0.62265625 0.39765625 0.0515625 0.0515625
0 0.3875 0.60625 0.0484375 0.0484375