0 0.3671875 0.3359375 0.046875 0.06640625
0 0.4234375 0.33046875 0.04140625 0.04453125
0 0.25546875 0.24140625 0.046875 0.04765625
0 0.3640625 0.20625 0.0546875 0.05390625
0 0.55234375 0.30859375 0.0484375 0.05703125
0 0.5015625 0.19921875 0.03671875 0.03828125
0 0.67109375 0.1734375 0.0421875 0.04296875
0 0.71015625 0.2 0.0625 0.0515625
0 0.76015625 0.3265625 0.05078125 0.053125
0 0.7203125 0.3484375 0.04609375 0.04765625
0 0.68203125 0.421875 0.05 0.0625
0 0.6453125 0.34765625 0.0640625 0.05703125
0 0.63046875 0.28515625 0.0453125 0.04296875
0 0.65703125 0.25078125 0.0453125 0.0453125
0 0.56171875 0.2328125 0.0390625 0.0390625
0 0.57734375 0.259375 0.0421875 0.0328125
0 0.5953125 0.3015625 0.040625 0.04921875
0 0.53359375 0.20859375 0.0375 0.04296875
0 0.41640625 0.38125 0.04453125 0.04453125
0 0.36328125 0.4546875 0.0515625 0.05234375
0 0.5125 0.5484375 0.05234375 0.05
0 0.565625 0.40390625 0.11640625 0.1234375
0 0.7984375 0.39296875 0.04296875 0.046875
0 0.865625 0.37734375 0.04765625 0.05234375
0 0.87578125 0.49765625 0.0515625 0.05859375
0 0.609375 0.66328125 0.0625 0.08125
0 0.4984375 0.65703125 0.0640625 0.06328125
0 0.52734375 0.7390625 0.0390625 0.0328125
0 0.6171875 0.78203125 0.0578125 0.06171875
0 0.39140625 0.56171875 0.04375 0.0546875
0 0.4265625 0.58515625 0.040625 0.04140625
0 0.48046875 0.4296875 0.0609375 0.04921875
0 0.29765625 0.58671875 0.04609375 0.04375
0 0.28046875 0.6140625 0.03984375 0.0390625
0 0.334375 0.65625 0.071875 0.07734375
0 0.39296875 0.65859375 0.04921875 0.0515625
0 0.43359375 0.74140625 0.040625 0.03984375
0 0.471875 0.78359375 0.04609375 0.0453125
0 0.31640625 0.54609375 0.03984375 0.03671875
0 0.69453125 0.55078125 0.0921875 0.05703125
0 0.21640625 0.415625 0.03828125 0.04453125
0 0.18046875 0.4265625 0.03671875 0.0390625
0 0.76796875 0.459375 0.0546875 0.05703125
0 0.88203125 0.4421875 0.03984375 0.04296875
0 0.9140625 0.4421875 0.0421875 0.04609375
0 0.8796875 0.25390625 0.04609375 0.07578125
0 0.94296875 0.5296875 0.03671875 0.05