0 0.4321422750842596 0.6498075398167866 0.07382838544042354 0.06761474687674199
0 0.5165223411446466 0.514164955606027 0.0644170240041051 0.06131020472226432
0 0.5212911334955159 0.6344456393492484 0.050254530054229286 0.044040891490547907
0 0.6223001633533535 0.46042635636815293 0.04716589149054791 0.050272710772388506
0 0.5686075367917246 0.42402122375639967 0.048701120413308985 0.04559430113146803
0 0.6249757114597596 0.40338147082953346 0.051853391490547907 0.05029998184962743
0 0.5343325307416004 0.40703371165615126 0.04398634933607006 0.040879530054229285
0 0.4936711693052819 0.4135200609922213 0.047129530054229284 0.04402271077238851
0 0.4533774465308408 0.49109561514875166 0.040852258976990366 0.039298849336070064
0 0.4964052838648583 0.4806893802740621 0.04554884933607006 0.040888620413308985
0 0.4059115731906656 0.5929308259211401 0.05183521077238851 0.04717498184962743
0 0.3038268984244348 0.5489949944408551 0.050254530054229286 0.044040891490547907
0 0.26220247980652395 0.586735888956465 0.07072156615858276 0.07072156615858276
0 0.765372931601922 0.575996293332828 0.09738406010845857 0.08806360226293641
0 0.6997246848233758 0.7146547932346322 0.06133747579950324 0.06910452400410509
0 0.6095173204601911 0.7776774888817102 0.12098518657189175 0.11632495764913049
0 0.5480546631569618 0.3311751936039745 0.14607609016268785 0.13209540339440445
0 0.3406098018188392 0.4034734161820239 0.08499314441741408 0.10674087939029935
0 0.249989346998379 0.40321940700864173 0.12411927693097127 0.11790563836728989
0 0.21579563329912427 0.5065398497288536 0.12092155405833438 0.10538745764913067
0 0.7499080546475095 0.28000253728270386 0.1256090540583344 0.10541472872636941
0 0.4352920845053472 0.10840128981678665 0.11637949980360815 0.1303601865718917
0 0.7020962267814619 0.5755832028755525 0.05029089149054773 0.05029089149054773
0 0.6883331877502421 0.6584729709277294 0.04557612041330898 0.04557612041330898
0 0.6970814738545956 0.6318604739527915 0.037718168617910844 0.03771816861791066
0 0.7429070582617469 0.6776860583599428 0.04402271077238851 0.047129530054229284
0 0.6034314678044714 0.6152183954975685 0.04714771077238851 0.04714771077238851
0 0.4009205879231927 0.37656093735745866 0.04400453005422929 0.04400453005422929