0 0.6203144407753042 0.67109375 0.05039997579950324 0.06875
0 0.5640508052366847 0.6734375 0.042451120413308986 0.0453125
0 0.7259826577942087 0.77109375 0.05029089149054773 0.05
0 0.6156536909716959 0.80078125 0.05813975292686635 0.05625
0 0.4334956968254284 0.68828125 0.0519079336450254 0.059375
0 0.4781582361512358 0.8 0.03928975897699054 0.0390625
0 0.3069644922013599 0.8171875 0.04401362041330899 0.0453125
0 0.2696326638443328 0.78828125 0.06594316256778665 0.0546875
0 0.22741386846840134 0.659375 0.05345225292686626 0.05625
0 0.2681524979568965 0.63984375 0.05029089149054773 0.05
0 0.31075360929501916 0.56875 0.05350679508134393 0.065625
0 0.3431252268796577 0.64453125 0.06753293364502548 0.059375
0 0.3544758173369332 0.7078125 0.04713862041330889 0.0453125
0 0.3261599197962612 0.740625 0.04714771077238851 0.046875
0 0.4197781095896067 0.76328125 0.040861349336070066 0.040625
0 0.40587469087350003 0.7359375 0.043949987899751616 0.034375
0 0.39049967574818956 0.69296875 0.044049981849627426 0.0515625
0 0.446971868664793 0.7890625 0.03932612041330898 0.0453125
0 0.5737212419067724 0.62265625 0.04557612041330898 0.0453125
0 0.6311615580653551 0.55234375 0.05501475292686635 0.05625
0 0.48722118140553033 0.45078125 0.05655907220870695 0.053125
0 0.42624225390882486 0.5921875 0.12262949980360834 0.1296875
0 0.1926530490883647 0.59140625 0.04715680113146816 0.0484375
0 0.12461612139526754 0.603125 0.05032725292686626 0.05625
0 0.12219107904439812 0.4828125 0.0550511143631847 0.0625
0 0.39729159387512103 0.33125 0.06767837939029935 0.084375
0 0.508160916182024 0.34296875 0.06756929508134384 0.065625
0 0.48364270521324365 0.26015625 0.04082498789975162 0.034375
0 0.396419961165172 0.2125 0.06131929508134393 0.065625
0 0.6091370880213886 0.44375 0.04720225292686635 0.05625
0 0.5756887837666624 0.41875 0.04243293969514959 0.0421875
0 0.5123024737563997 0.57109375 0.06437157220870696 0.053125
0 0.7037819675098838 0.42421875 0.048710210772388504 0.046875
0 0.7226865036142373 0.39765625 0.04242384933607006 0.040625
0 0.6713876240275461 0.35234375 0.07703519867214012 0.08125
0 0.6128256902843249 0.346875 0.05344316256778665 0.0546875
0 0.5773790696746243 0.2625 0.04243293969514959 0.0421875
0 0.5417006449083933 0.21796875 0.048719301131468204 0.0484375
0 0.6832422085328933 0.46328125 0.04241475897699036 0.0390625
0 0.3060393590986274 0.4390625 0.0956670240041051 0.0609375
0 0.7754200972929667 0.59921875 0.03932612041330898 0.0453125
0 0.8121933894474443 0.58984375 0.039298849336070064 0.040625
0 0.22740529899016884 0.5265625 0.058157933645025486 0.059375
0 0.11249791647661152 0.5375 0.042451120413308896 0.0453125
0 0.08047575683569111 0.5359375 0.04559430113146814 0.0484375
0 0.10359002820751755 0.72578125 0.050454517953980905 0.078125
0 0.05677515730322933 0.446875 0.04092498184962738 0.0515625