0 0.46249232953537744 0.80703125 0.07068520472226432 0.0640625
0 0.5818508627128647 0.83671875 0.06126475292686635 0.05625
0 0.3137558894474443 0.58984375 0.07381929508134402 0.065625
0 0.1934126149523599 0.3265625 0.05498748184962743 0.0515625
0 0.234673419207086 0.3515625 0.059865879390299345 0.084375
0 0.33223876561628984 0.3671875 0.06126475292686617 0.05625
0 0.2792950519170351 0.4703125 0.05496930113146821 0.0484375
0 0.2439524495559029 0.50234375 0.05971134328594587 0.0578125
0 0.26248428093799203 0.53984375 0.050345433645025396 0.059375
0 0.3121888442679045 0.590625 0.06913179508134401 0.065625
0 0.32894455221162267 0.66484375 0.05813066256778665 0.0546875
0 0.23330934446429624 0.7203125 0.07543633723582169 0.075
0 0.2814241367169698 0.77578125 0.06132838544042354 0.0671875
0 0.3392911788714475 0.76640625 0.05344316256778665 0.0546875
0 0.3153587751824555 0.7171875 0.05664088544042354 0.0671875
0 0.31146563984022774 0.84921875 0.055014752926866174 0.05625
0 0.36402301327859876 0.8125 0.05029998184962743 0.0515625
0 0.40906280250621024 0.859375 0.047129530054229284 0.04375
0 0.43581217574818953 0.69296875 0.05344316256778665 0.0546875
0 0.47801785646634876 0.68984375 0.07238406010845858 0.0875
0 0.5349354769778536 0.709375 0.05351588544042372 0.0671875
0 0.5543627087292851 0.59296875 0.06595225292686635 0.05625
0 0.5699109615579555 0.471875 0.06911361436318479 0.0625
0 0.47581604879377704 0.396875 0.08640110831306061 0.0796875
0 0.41434728366846657 0.35390625 0.05031816256778665 0.0546875
0 0.4140972987937771 0.396875 0.042442030054229286 0.04375
0 0.6238495486955813 0.33203125 0.07063066256778647 0.0546875
0 0.5673455395221991 0.24140625 0.0722386143631848 0.0625
0 0.621301786497137 0.2328125 0.04871930113146803 0.0484375
0 0.7687216871610669 0.2734375 0.08165906615858276 0.0703125
0 0.8207922055078314 0.4546875 0.05813066256778683 0.0546875
0 0.7132882568356911 0.5359375 0.06141928903121965 0.0828125
0 0.7607576335937118 0.70234375 0.08023292154477701 0.09375
0 0.7122837721573934 0.70859375 0.05500566256778665 0.0546875
0 0.7212087993829522 0.7859375 0.05812157220870695 0.053125
0 0.4987955274219507 0.20703125 0.05496930113146803 0.0484375
0 0.5013392653217024 0.17265625 0.04555793969514958 0.0421875
0 0.5118909459416656 0.1046875 0.07378293364502539 0.059375
0 0.5288920935805335 0.13671875 0.05495112041330898 0.0453125
0 0.5458432442444634 0.17734375 0.05031816256778665 0.0546875
0 0.44964040993550797 0.19609375 0.058257927594901206 0.0765625
0 0.34884552439688854 0.1984375 0.05656816256778665 0.0546875
0 0.3132483919815271 0.27421875 0.09406816256778665 0.0546875
0 0.20549497931554458 0.2640625 0.05811248184962743 0.0515625
0 0.24755521428842994 0.2859375 0.05188066256778665 0.0546875
0 0.2972375726014905 0.20625 0.07560905405833437 0.1046875
0 0.2447574672152962 0.2296875 0.06289088544042354 0.0671875
0 0.36077335265571975 0.1625 0.06128293364502548 0.059375
0 0.4032381086076481 0.11484375 0.09112496974937905 0.0859375
0 0.4578887262904825 0.25546875 0.050272710772388506 0.046875
0 0.5071392925472612 0.25 0.05496930113146821 0.0484375
0 0.5506665787498106 0.28828125 0.04558521077238851 0.046875
0 0.5715876119272978 0.31796875 0.04403180113146821 0.0484375
0 0.758964892079723 0.3390625 0.15525110226293642 0.096875
0 0.7234313921779189 0.40390625 0.0989647408266178 0.090625
0 0.7786274314055304 0.45078125 0.04722952400410492 0.0609375
0 0.6036132749860638 0.5875 0.05188066256778647 0.0546875
0 0.17881832894620225 0.41796875 0.0628636143631847 0.0625
0 0.12536607601933603 0.47421875 0.0628636143631847 0.0625
0 0.28222356743512905 0.77265625 0.06288179508134392 0.065625
0 0.4660041906771083 0.60625 0.05495112041330898 0.0453125
0 0.5995559922995557 0.88203125 0.05496930113146803 0.0484375
0 0.6299025433328281 0.76875 0.047129530054229284 0.04375
0 0.6161082089256767 0.72265625 0.04559430113146803 0.0484375
0 0.1404183833973201 0.57265625 0.05496930113146812 0.0484375
0 0.18216954616149844 0.64765625 0.05188066256778665 0.0546875