0 0.6109375 0.7910543304001305 0.071875 0.06760565651766245
0 0.50390625 0.8505878908031768 0.0640625 0.05818520472226467
0 0.7 0.5439162308676687 0.075 0.06918633723582168
0 0.75 0.25748837235821653 0.05625 0.055014752926866264
0 0.715625 0.2924446344584649 0.0640625 0.08787270472226431
0 0.62578125 0.3325469388113869 0.0640625 0.058185204722264315
0 0.70234375 0.4189298664062882 0.05625 0.05188975292686617
0 0.7453125 0.4410548512809777 0.0625 0.06130111436318479
0 0.73671875 0.48162985430603983 0.0515625 0.06123748184962743
0 0.7015625 0.5439253212267483 0.0703125 0.06915906615858276
0 0.70390625 0.6197202067653678 0.0609375 0.058167024004105096
0 0.8109375 0.6492491463623216 0.078125 0.07857951795398073
0 0.778125 0.7154644988216496 0.0640625 0.07068520472226432
0 0.7203125 0.7205969055357038 0.05625 0.056577252926866176
0 0.73046875 0.6667497428697213 0.059375 0.0706579336450254
0 0.7671875 0.7943071163080923 0.0578125 0.05971134328594587
0 0.7078125 0.7720866826630669 0.0515625 0.05342498184962743
0 0.67578125 0.8289315803019346 0.05 0.045603391490547554
0 0.6078125 0.6746298996819713 0.05625 0.05657725292686635
0 0.56640625 0.6822015051663615 0.0765625 0.09107042759490121
0 0.51640625 0.7155043636758137 0.05625 0.06907725292686635
0 0.46796875 0.6074100625443455 0.06875 0.059774975799503235
0 0.42265625 0.4938651921310366 0.0703125 0.06603406615858276
0 0.49453125 0.397408348648699 0.0890625 0.08333065046753818
0 0.54296875 0.34065889978016717 0.053125 0.05655907220870695
0 0.55390625 0.3813475322937244 0.04375 0.04556703005422928
0 0.334375 0.37225783684303815 0.071875 0.05823065651766246
0 0.36640625 0.2701004392041703 0.0734375 0.06605224687674198
0 0.3125 0.2752555718159235 0.05 0.05029089149054773
0 0.18046875 0.35261243647369583 0.084375 0.07392837939029935
0 0.17578125 0.541647665396457 0.0609375 0.058167024004105096
0 0.3 0.5923703489432867 0.0640625 0.08631020472226432
0 0.296875 0.7657896682251273 0.0828125 0.09735678903121965
0 0.34453125 0.7598169241770557 0.0578125 0.05814884328594587
0 0.35625 0.8364476018701528 0.059375 0.056595433645025395
0 0.42421875 0.2196555324901162 0.05625 0.05188975292686626
0 0.41328125 0.18677939997655887 0.046875 0.04402271077238851
0 0.38515625 0.12333452351312577 0.0765625 0.06294542759490125
0 0.37734375 0.15844532171772768 0.05625 0.04876475292686626
0 0.37109375 0.2029402102814092 0.053125 0.05655907220870704
0 0.46875 0.19647710772388532 0.0609375 0.0784795240041051
0 0.5671875 0.17283105034590124 0.059375 0.058157933645025486
0 0.62109375 0.23798841773414808 0.0953125 0.059929511903856716
0 0.721875 0.20029349589478337 0.059375 0.055032933645025484
0 0.6875 0.2321247579950318 0.0546875 0.05656816256778665
0 0.61875 0.16766228219552862 0.0796875 0.10827610831306052
0 0.675 0.17736453512239486 0.065625 0.06913179508134393
0 0.54609375 0.1414583304983264 0.0640625 0.06131020472226432
0 0.49296875 0.1059930082896194 0.09375 0.09117042154477706
0 0.47578125 0.25589301433974365 0.0515625 0.04873748184962743
0 0.42734375 0.2634237132082754 0.05625 0.05188975292686617
0 0.39453125 0.3108890656676035 0.046875 0.048710210772388504
0 0.38203125 0.34519134279496655 0.0453125 0.0518261204133089
0 0.20625 0.4129186773985095 0.1578125 0.10404312626704133
0 0.25703125 0.46712036406859714 0.1015625 0.09434087334017516
0 0.215625 0.5262544695529872 0.0484375 0.06278180113146803
0 0.41875 0.6149362162333375 0.0546875 0.056568162567786476
0 0.78671875 0.3428582457965875 0.0640625 0.06443520472226431
0 0.85234375 0.3830837908779315 0.0640625 0.06443520472226431
0 0.7765625 0.71311165846257 0.065625 0.06756929508134384
0 0.55703125 0.5977719630118837 0.05625 0.04876475292686635
0 0.49765625 0.8989890293668583 0.05625 0.05188975292686635
0 0.43984375 0.7970901860809124 0.05 0.04560339149054773
0 0.44140625 0.749443026439992 0.046875 0.050272710772388506
0 0.8625 0.483142878211949 0.05625 0.05188975292686617
0 0.8421875 0.5666184535439139 0.0546875 0.05656816256778665