0 0.8015625 0.43515625 0.0578125 0.0640625
0 0.84375 0.55078125 0.04921875 0.05703125
0 0.5703125 0.30859375 0.05859375 0.0671875
0 0.2953125 0.21484375 0.046875 0.05078125
0 0.325 0.25390625 0.0796875 0.0515625
0 0.35078125 0.34921875 0.04921875 0.05546875
0 0.44765625 0.28671875 0.04453125 0.05
0 0.47578125 0.24765625 0.05234375 0.0546875
0 0.51484375 0.2625 0.0546875 0.04375
0 0.57109375 0.30703125 0.059375 0.06328125
0 0.64609375 0.31640625 0.05 0.05390625
0 0.69140625 0.215625 0.06875 0.06953125
0 0.7515625 0.25859375 0.06328125 0.0546875
0 0.7484375 0.31640625 0.04921875 0.0484375
0 0.696875 0.29765625 0.0625 0.05078125
0 0.828125 0.28125 0.0515625 0.05078125
0 0.796875 0.33671875 0.04609375 0.0453125
0 0.8484375 0.37734375 0.0390625 0.04296875
0 0.6859375 0.4203125 0.05 0.0484375
0 0.68671875 0.4625 0.08125 0.0640625
0 0.7125 0.5171875 0.06171875 0.046875
0 0.5984375 0.54765625 0.05078125 0.0609375
0 0.4796875 0.575 0.05625 0.06171875
0 0.3953125 0.4890625 0.07265625 0.07734375
0 0.34609375 0.43203125 0.05 0.0453125
0 0.38828125 0.42734375 0.04140625 0.03671875
0 0.34609375 0.64296875 0.0484375 0.06640625
0 0.25 0.5953125 0.05546875 0.06484375
0 0.246875 0.65 0.04453125 0.04453125
0 0.303125 0.7921875 0.06171875 0.07578125
0 0.4890625 0.8265625 0.05078125 0.053125
0 0.55859375 0.71171875 0.07890625 0.053125
0 0.72890625 0.7421875 0.0875 0.0703125
0 0.73046875 0.69375 0.05 0.04921875
0 0.8078125 0.69453125 0.0484375 0.05234375
0 0.20859375 0.53046875 0.04375 0.04921875
0 0.175 0.53671875 0.0375 0.0421875
0 0.1078125 0.55390625 0.05390625 0.06875
0 0.14140625 0.5671875 0.040625 0.05
0 0.184375 0.58046875 0.04921875 0.0453125
0 0.19296875 0.4828125 0.071875 0.05
0 0.184375 0.38203125 0.05078125 0.0515625
0 0.25625 0.3390625 0.0453125 0.0890625
0 0.234375 0.23359375 0.04609375 0.053125
0 0.2609375 0.27265625 0.05078125 0.04765625
0 0.18671875 0.33046875 0.0984375 0.06640625
0 0.2046875 0.27578125 0.0609375 0.05703125
0 0.15 0.39765625 0.05390625 0.05703125
0 0.10703125 0.44453125 0.07890625 0.0828125
0 0.25234375 0.48515625 0.0421875 0.0453125
0 0.25234375 0.534375 0.04375 0.04921875
0 0.29453125 0.57421875 0.0421875 0.04140625
0 0.3265625 0.5921875 0.0453125 0.0390625
0 0.3671875 0.7765625 0.08203125 0.14765625
0 0.428125 0.734375 0.08125 0.090625
0 0.48046875 0.78515625 0.05703125 0.04140625
0 0.5984375 0.59765625 0.04921875 0.04609375
0 0.38515625 0.19140625 0.05546875 0.05625
0 0.43515625 0.1328125 0.05625 0.05546875
0 0.74921875 0.259375 0.06015625 0.05703125
0 0.60234375 0.45859375 0.03984375 0.04921875
0 0.890625 0.5640625 0.04296875 0.05
0 0.78125 0.60546875 0.0390625 0.04296875
0 0.734375 0.59609375 0.04453125 0.040625
0 0.53515625 0.13828125 0.04453125 0.05
0 0.6140625 0.171875 0.04921875 0.04765625