3 0.453125 0.18125 0.0546875 0.06328125
3 0.24765625 0.2875 0.04609375 0.05234375
3 0.20625 0.25 0.05 0.05546875
3 0.18515625 0.48828125 0.046875 0.0515625
3 0.21953125 0.44375 0.04921875 0.05546875
3 0.36171875 0.453125 0.0515625 0.06015625
3 0.12109375 0.521875 0.0453125 0.04921875
3 0.1125 0.48125 0.04921875 0.05390625
3 0.2203125 0.64921875 0.046875 0.0546875
3 0.24921875 0.696875 0.04765625 0.0609375
3 0.37890625 0.77265625 0.0546875 0.05234375
3 0.4265625 0.6671875 0.05 0.05625
3 0.46796875 0.6890625 0.04765625 0.0578125
3 0.6125 0.184375 0.0515625 0.05546875
3 0.6828125 0.21484375 0.0484375 0.05234375
3 0.71015625 0.19765625 0.05 0.0515625
3 0.4 0.0875 0.05625 0.06015625
3 0.41875 0.44765625 0.0484375 0.05625
2 0.5921875 0.56328125 0.06484375 0.07265625