6 0.128125 0.31796875 0.046875 0.0484375
6 0.51171875 0.296875 0.0484375 0.0484375
6 0.59453125 0.2875 0.04453125 0.04609375
6 0.378125 0.30625 0.040625 0.04609375
6 0.34921875 0.3046875 0.0328125 0.03984375
6 0.27421875 0.35 0.0421875 0.0453125
6 0.490625 0.37890625 0.046875 0.0484375
6 0.5890625 0.3640625 0.0515625 0.0484375
6 0.359375 0.39609375 0.04296875 0.04296875
6 0.43671875 0.43828125 0.04140625 0.0421875
6 0.4765625 0.4640625 0.040625 0.04296875
6 0.56875 0.42265625 0.04375 0.04375
6 0.67578125 0.37578125 0.03671875 0.0390625
6 0.678125 0.41640625 0.0375 0.03671875
6 0.64296875 0.2171875 0.04140625 0.04140625
6 0.3125 0.51484375 0.03984375 0.0421875
6 0.38203125 0.48046875 0.03828125 0.040625
6 0.43203125 0.4765625 0.0359375 0.0359375
6 0.55546875 0.515625 0.04375 0.04453125
6 0.61328125 0.4984375 0.03828125 0.040625
6 0.76875 0.496875 0.0359375 0.03671875
6 0.58828125 0.57890625 0.04140625 0.04296875
6 0.51328125 0.59375 0.0515625 0.04609375
6 0.62734375 0.55859375 0.0421875 0.04921875
6 0.659375 0.27890625 0.03515625 0.03828125
6 0.6796875 0.25625 0.03671875 0.03515625
6 0.68671875 0.28125 0.028125 0.02734375
6 0.3421875 0.08828125 0.04765625 0.04921875
6 0.475 0.1234375 0.0390625 0.03671875
6 0.5140625 0.09296875 0.0421875 0.04375
6 0.4765625 0.096875 0.0390625 0.03515625
6 0.2359375 0.29296875 0.0359375 0.040625
6 0.20625 0.30234375 0.03203125 0.040625
6 0.18828125 0.3421875 0.03671875 0.0390625
6 0.20859375 0.39609375 0.03828125 0.0390625
6 0.22109375 0.45859375 0.0375 0.03984375
6 0.17578125 0.4328125 0.0375 0.03984375
6 0.27265625 0.478125 0.03828125 0.0390625
6 0.2484375 0.38984375 0.0359375 0.0375
6 0.23671875 0.42265625 0.03046875 0.0296875
6 0.2609375 0.4203125 0.03046875 0.0328125
6 0.10234375 0.46953125 0.03984375 0.04765625
6 0.12421875 0.5625 0.046875 0.046875
6 0.1625 0.61640625 0.040625 0.04375
6 0.25390625 0.59140625 0.04609375 0.04453125
6 0.21171875 0.52578125 0.03671875 0.03515625
6 0.234375 0.54609375 0.040625 0.03828125
6 0.34453125 0.490625 0.03828125 0.040625
6 0.41640625 0.6703125 0.0515625 0.05078125
6 0.29140625 0.63984375 0.05 0.04921875
6 0.465625 0.53203125 0.0421875 0.040625
6 0.42734375 0.61171875 0.0390625 0.03828125
6 0.44375 0.58359375 0.03515625 0.0359375
6 0.471875 0.55625 0.040625 0.0390625