6 0.6921875 0.65859375 0.04609375 0.0484375
6 0.48984375 0.78828125 0.04296875 0.0515625
6 0.159375 0.67578125 0.04921875 0.053125
6 0.53515625 0.703125 0.04453125 0.04765625
6 0.65078125 0.65234375 0.053125 0.0640625
6 0.38046875 0.73125 0.04140625 0.04296875
6 0.3875 0.69296875 0.03359375 0.03515625
6 0.60625 0.79375 0.03984375 0.0453125
6 0.75 0.5046875 0.05234375 0.0484375
6 0.76796875 0.334375 0.0421875 0.04296875
6 0.72109375 0.303125 0.04375 0.04375
6 0.284375 0.63671875 0.0515625 0.05625
6 0.2203125 0.41171875 0.03359375 0.03671875
6 0.3515625 0.265625 0.03828125 0.04140625
6 0.60625 0.57578125 0.03984375 0.040625
6 0.6328125 0.584375 0.03125 0.03515625
6 0.4765625 0.5125 0.0265625 0.0296875
6 0.42265625 0.471875 0.0328125 0.0375
6 0.56484375 0.65703125 0.03515625 0.03671875
6 0.58125 0.6671875 0.0328125 0.03359375
6 0.5734375 0.728125 0.03828125 0.04140625
6 0.23125 0.465625 0.02890625 0.03125
6 0.20078125 0.61171875 0.0328125 0.0359375
6 0.51953125 0.09453125 0.0359375 0.03828125
6 0.53671875 0.121875 0.0359375 0.03671875
6 0.50546875 0.16328125 0.0328125 0.0328125
6 0.5109375 0.18515625 0.025 0.028125
6 0.4734375 0.14296875 0.03125 0.03203125
6 0.63515625 0.15078125 0.0421875 0.04375