4 0.34921875 0.7328125 0.04453125 0.04765625
4 0.39921875 0.57265625 0.05390625 0.0578125
4 0.459375 0.3609375 0.0328125 0.0359375
4 0.47421875 0.3171875 0.0234375 0.0265625
4 0.6515625 0.521875 0.0234375 0.0234375
4 0.24765625 0.4421875 0.03203125 0.03359375
4 0.46015625 0.55703125 0.02734375 0.03046875
4 0.66171875 0.42578125 0.01640625 0.01875
6 0.3203125 0.546875 0.05390625 0.059375
6 0.54140625 0.484375 0.0390625 0.04296875
6 0.44765625 0.53515625 0.03984375 0.0375
6 0.3015625 0.290625 0.034375 0.03828125