4 0.2609375 0.68125 0.02109375 0.0234375
4 0.284375 0.69296875 0.01953125 0.021875
4 0.3296875 0.753125 0.02421875 0.02734375
4 0.25625 0.4609375 0.01640625 0.01875
0 0.31640625 0.515625 0.053125 0.06171875
0 0.48125 0.57734375 0.0453125 0.0546875
0 0.3078125 0.64921875 0.04453125 0.05625
0 0.58125 0.56953125 0.046875 0.053125
0 0.52265625 0.36875 0.040625 0.053125
0 0.55 0.29140625 0.05 0.059375
0 0.4171875 0.378125 0.040625 0.0484375
0 0.5921875 0.74765625 0.04453125 0.05234375
0 0.3828125 0.56796875 0.04375 0.053125
0 0.35703125 0.39296875 0.04375 0.05390625
4 0.7546875 0.47734375 0.02578125 0.0328125
4 0.81796875 0.49921875 0.025 0.028125
4 0.703125 0.515625 0.02421875 0.02890625
4 0.67734375 0.4875 0.02265625 0.02578125
4 0.696875 0.4796875 0.02265625 0.0265625
4 0.74921875 0.51875 0.02109375 0.0265625
6 0.32265625 0.26875 0.04453125 0.05625
6 0.4296875 0.19375 0.0453125 0.053125
6 0.2390625 0.39921875 0.0546875 0.065625
6 0.1265625 0.45 0.0515625 0.05703125