4 0.41484375 0.2390625 0.0375 0.04375
4 0.21328125 0.24296875 0.03203125 0.03828125
2 0.3578125 0.596875 0.05625 0.059375
2 0.2921875 0.57421875 0.059375 0.06484375
2 0.2484375 0.60390625 0.0703125 0.0703125
2 0.221875 0.50234375 0.06484375 0.08515625
2 0.21796875 0.43359375 0.053125 0.05859375
2 0.26640625 0.4234375 0.05 0.06015625
2 0.36328125 0.3890625 0.05859375 0.0671875
2 0.32890625 0.4546875 0.05546875 0.06171875
2 0.49375 0.31796875 0.05625 0.065625
2 0.57265625 0.14375 0.06484375 0.0703125
2 0.703125 0.19375 0.0609375 0.0703125
2 0.6671875 0.30546875 0.05234375 0.059375
2 0.66015625 0.26171875 0.06171875 0.06328125
2 0.7734375 0.3140625 0.07578125 0.0765625
2 0.8140625 0.52265625 0.065625 0.071875
2 0.7203125 0.58359375 0.0640625 0.06328125
2 0.26015625 0.321875 0.084375 0.08515625
2 0.3171875 0.265625 0.0640625 0.08125
2 0.33828125 0.1453125 0.0640625 0.06953125
2 0.409375 0.115625 0.0703125 0.08828125
2 0.346875 0.08046875 0.0671875 0.06875
4 0.60234375 0.1859375 0.0328125 0.03515625
4 0.19609375 0.35 0.075 0.09375
4 0.16875 0.2546875 0.071875 0.10625
2 0.24609375 0.7359375 0.0609375 0.06796875
2 0.2953125 0.69921875 0.06171875 0.06484375
2 0.23046875 0.6828125 0.06171875 0.07109375
2 0.64921875 0.7390625 0.0625 0.0625
2 0.70703125 0.665625 0.05703125 0.059375
4 0.63203125 0.8921875 0.04140625 0.040625
2 0.878125 0.40859375 0.0546875 0.0671875
4 0.684375 0.5015625 0.03046875 0.0359375
2 0.61796875 0.55546875 0.04453125 0.0515625
2 0.15546875 0.43515625 0.06171875 0.06484375
2 0.4 0.86640625 0.07265625 0.07421875
2 0.53125 0.88828125 0.06484375 0.06484375
2 0.31796875 0.35703125 0.05 0.059375
2 0.596875 0.08203125 0.0546875 0.06015625