0 0.75390625 0.5328125 0.053125 0.06171875
0 0.36484375 0.32734375 0.0515625 0.05546875
0 0.4390625 0.22109375 0.05625 0.05625
0 0.5703125 0.2359375 0.0515625 0.0546875
0 0.27578125 0.20859375 0.05390625 0.05390625
0 0.3203125 0.146875 0.05078125 0.05390625
0 0.340625 0.20546875 0.04140625 0.04453125
0 0.4 0.3671875 0.034375 0.0390625
0 0.51015625 0.3234375 0.040625 0.05
0 0.68125 0.309375 0.05 0.04453125
0 0.525 0.56640625 0.03984375 0.04296875
0 0.2109375 0.575 0.0421875 0.040625
0 0.190625 0.3921875 0.04609375 0.04921875
0 0.359375 0.6875 0.03984375 0.03984375
2 0.28828125 0.43671875 0.040625 0.04453125
2 0.47421875 0.5625 0.03984375 0.03984375
2 0.3 0.62265625 0.04609375 0.05234375
2 0.22578125 0.2171875 0.0296875 0.034375
2 0.78359375 0.36484375 0.03203125 0.0328125
5 0.734375 0.43671875 0.03203125 0.03125
5 0.62421875 0.61171875 0.03671875 0.04296875
2 0.76171875 0.39921875 0.03359375 0.03515625
4 0.28828125 0.5125 0.02578125 0.028125
0 0.70703125 0.45390625 0.0421875 0.04609375
0 0.6484375 0.4203125 0.04921875 0.04921875
0 0.61328125 0.3734375 0.046875 0.046875
0 0.3640625 0.40078125 0.04140625 0.03828125
0 0.32265625 0.40234375 0.040625 0.03359375
0 0.328125 0.3734375 0.0375 0.03828125
0 0.27109375 0.41015625 0.0453125 0.04921875
5 0.26953125 0.465625 0.03046875 0.03828125
2 0.3296875 0.81875 0.04765625 0.05390625
2 0.32109375 0.72265625 0.034375 0.0359375