6 0.4265625 0.35234375 0.05859375 0.0609375
6 0.5296875 0.409375 0.05703125 0.0625
6 0.3203125 0.253125 0.04921875 0.05625
6 0.28046875 0.203125 0.0546875 0.059375
6 0.25703125 0.3984375 0.0484375 0.05234375
6 0.14375 0.32890625 0.0453125 0.046875
6 0.14921875 0.36875 0.05234375 0.046875
6 0.16015625 0.42578125 0.04921875 0.05
6 0.16953125 0.45703125 0.05 0.0453125
6 0.22734375 0.41953125 0.05078125 0.05625
6 0.21171875 0.51484375 0.05546875 0.05703125
6 0.184375 0.5703125 0.04765625 0.059375
6 0.2625 0.59921875 0.05546875 0.05625
6 0.36953125 0.465625 0.05234375 0.06015625
6 0.48203125 0.4796875 0.05078125 0.05234375
6 0.42890625 0.52265625 0.0484375 0.05703125
6 0.37734375 0.5984375 0.053125 0.05390625
6 0.40625 0.65 0.0515625 0.05390625
6 0.4625 0.61875 0.05234375 0.05703125
6 0.60390625 0.54453125 0.05 0.05390625
6 0.73828125 0.6296875 0.0578125 0.0609375
6 0.68359375 0.48359375 0.05546875 0.05703125
6 0.7828125 0.47421875 0.0546875 0.05625
6 0.496875 0.290625 0.0484375 0.05390625
6 0.584375 0.24375 0.0515625 0.04921875
6 0.64765625 0.29375 0.0515625 0.05078125
6 0.6953125 0.31953125 0.05546875 0.05546875
6 0.63359375 0.35390625 0.04453125 0.0453125
6 0.6625 0.36953125 0.046875 0.0484375
6 0.6453125 0.4046875 0.05234375 0.053125
6 0.715625 0.396875 0.053125 0.05234375
6 0.4578125 0.25 0.046875 0.05234375
6 0.48984375 0.2375 0.046875 0.0453125
6 0.29765625 0.7078125 0.05234375 0.04921875
6 0.41875 0.75703125 0.053125 0.05078125
6 0.3875 0.51953125 0.04296875 0.0484375
6 0.37421875 0.54921875 0.0453125 0.04375
6 0.16875 0.67421875 0.0484375 0.05234375
6 0.215625 0.20859375 0.04765625 0.05
6 0.33828125 0.17578125 0.04296875 0.0453125
6 0.3984375 0.1234375 0.0515625 0.05390625
6 0.3484375 0.13359375 0.05078125 0.05