4 0.04453125 0.475 0.06875 0.0734375
4 0.15859375 0.20859375 0.0609375 0.06015625
4 0.340625 0.15625 0.0671875 0.06640625
4 0.55234375 0.03203125 0.0671875 0.0640625
4 0.5765625 0.37578125 0.05859375 0.06015625
4 0.38046875 0.35078125 0.06875 0.06875
4 0.37421875 0.478125 0.06640625 0.06640625
4 0.27890625 0.5890625 0.0640625 0.06484375
4 0.365625 0.5671875 0.04375 0.04453125
4 0.378125 0.709375 0.06171875 0.065625
4 0.615625 0.5484375 0.0359375 0.040625
4 0.6625 0.55234375 0.0546875 0.059375
4 0.6875 0.48046875 0.0703125 0.06484375
4 0.8125 0.3453125 0.06640625 0.0671875
4 0.828125 0.53984375 0.06796875 0.0734375