2 0.5671875 0.24921875 0.09609375 0.1171875
2 0.6 0.41328125 0.090625 0.1125
2 0.70859375 0.39453125 0.08671875 0.1109375
2 0.321875 0.58203125 0.10234375 0.10390625
2 0.490625 0.75859375 0.09375 0.1109375
2 0.51953125 0.846875 0.0890625 0.09453125
2 0.80234375 0.4640625 0.0796875 0.115625
2 0.64140625 0.6453125 0.0828125 0.10234375
2 0.353125 0.64921875 0.05625 0.06875
2 0.3296875 0.815625 0.046875 0.05546875
2 0.45625 0.48984375 0.05625 0.0671875
2 0.60703125 0.18671875 0.05625 0.06484375
2 0.5328125 0.46875 0.0640625 0.0796875