4 0.3453125 0.7265625 0.04296875 0.046875
4 0.39453125 0.56953125 0.05234375 0.05703125
4 0.453125 0.3625 0.03203125 0.03515625
4 0.46796875 0.31953125 0.0234375 0.0265625
4 0.64140625 0.5203125 0.02265625 0.02265625
4 0.24609375 0.4421875 0.03125 0.0328125
4 0.4546875 0.5546875 0.0265625 0.0296875
4 0.6515625 0.42578125 0.015625 0.01875
6 0.31796875 0.54453125 0.05234375 0.0578125
6 0.53359375 0.48359375 0.03828125 0.0421875
6 0.44140625 0.5328125 0.0390625 0.03671875
6 0.29921875 0.29375 0.03359375 0.0375