4 0.26640625 0.67734375 0.02109375 0.0234375
4 0.2890625 0.6890625 0.01953125 0.021875
4 0.334375 0.7484375 0.02421875 0.0265625
4 0.26171875 0.46015625 0.01640625 0.01796875
0 0.32109375 0.5140625 0.05234375 0.0609375
0 0.48359375 0.575 0.04453125 0.05390625
0 0.3125 0.64609375 0.04375 0.05546875
0 0.5828125 0.5671875 0.04609375 0.05234375
0 0.525 0.36875 0.040625 0.053125
0 0.55234375 0.2921875 0.04921875 0.05859375
0 0.42109375 0.378125 0.03984375 0.04765625
0 0.59453125 0.74296875 0.04375 0.0515625
0 0.38671875 0.565625 0.04296875 0.05234375
0 0.3609375 0.3921875 0.04375 0.053125
4 0.7546875 0.47578125 0.02578125 0.0328125
4 0.8171875 0.49765625 0.02421875 0.02734375
4 0.703125 0.51328125 0.0234375 0.02890625
4 0.678125 0.4859375 0.021875 0.02578125
4 0.69765625 0.47890625 0.02265625 0.0265625
4 0.74921875 0.5171875 0.0203125 0.0265625
6 0.32734375 0.26953125 0.04453125 0.05546875
6 0.43359375 0.19609375 0.04453125 0.05234375
6 0.24453125 0.3984375 0.0546875 0.06484375
6 0.13359375 0.44921875 0.0515625 0.05625