4 0.65546875 0.27890625 0.04140625 0.046875
4 0.4734375 0.2 0.02421875 0.0296875
4 0.53125 0.19375 0.0390625 0.04140625
4 0.3546875 0.2546875 0.02734375 0.03515625
4 0.1796875 0.39609375 0.0296875 0.03515625
4 0.23984375 0.74453125 0.03203125 0.040625
4 0.5 0.721875 0.02578125 0.03203125
4 0.59296875 0.6171875 0.02109375 0.02890625
4 0.65703125 0.5703125 0.02578125 0.03046875
4 0.5921875 0.521875 0.021875 0.028125
4 0.271875 0.2953125 0.02265625 0.03125
4 0.1484375 0.6265625 0.025 0.03046875
4 0.21875 0.5375 0.02265625 0.02890625