4 0.0421875 0.48046875 0.06875 0.0734375
4 0.15703125 0.2140625 0.0609375 0.06015625
4 0.3390625 0.1625 0.0671875 0.06640625
4 0.5515625 0.0359375 0.06796875 0.06796875
4 0.57421875 0.38125 0.05859375 0.06015625
4 0.378125 0.35625 0.06875 0.06875
4 0.37265625 0.48359375 0.06640625 0.06640625
4 0.2765625 0.59453125 0.0640625 0.06484375
4 0.3640625 0.5734375 0.04375 0.04453125
4 0.3765625 0.715625 0.06171875 0.065625
4 0.61328125 0.55390625 0.0359375 0.040625
4 0.6609375 0.5578125 0.0546875 0.059375
4 0.6859375 0.4859375 0.0703125 0.06484375
4 0.81015625 0.35078125 0.06640625 0.0671875
4 0.82578125 0.5453125 0.06796875 0.0734375