0 0.75 0.53046875 0.05234375 0.0609375
0 0.36484375 0.328125 0.0515625 0.0546875
0 0.43828125 0.22265625 0.05546875 0.05546875
0 0.56796875 0.2375 0.05078125 0.05390625
0 0.27734375 0.2109375 0.053125 0.053125
0 0.32109375 0.14921875 0.05 0.053125
0 0.34140625 0.2078125 0.040625 0.04375
0 0.4 0.3671875 0.03359375 0.03828125
0 0.50859375 0.32421875 0.03984375 0.05
0 0.67734375 0.31015625 0.05 0.04453125
0 0.5234375 0.56484375 0.03984375 0.0421875
0 0.2125 0.57265625 0.04140625 0.040625
0 0.1921875 0.3921875 0.0453125 0.04921875
0 0.359375 0.68359375 0.0390625 0.03984375
2 0.2890625 0.4359375 0.040625 0.04375
2 0.47265625 0.5609375 0.0390625 0.0390625
2 0.30078125 0.61953125 0.0453125 0.0515625
2 0.22734375 0.21875 0.0296875 0.034375
2 0.77890625 0.36484375 0.03125 0.03203125
5 0.73046875 0.4359375 0.03125 0.03125
5 0.621875 0.609375 0.03671875 0.0421875
2 0.7578125 0.39921875 0.03359375 0.034375
4 0.2890625 0.5109375 0.02578125 0.02734375
0 0.70390625 0.453125 0.04140625 0.04609375
0 0.6453125 0.41953125 0.0484375 0.04921875
0 0.61015625 0.3734375 0.04609375 0.046875
0 0.3640625 0.40078125 0.040625 0.0375
0 0.3234375 0.4015625 0.03984375 0.0328125
0 0.32890625 0.3734375 0.0375 0.03828125
0 0.27265625 0.409375 0.0453125 0.04921875
5 0.27109375 0.46484375 0.0296875 0.0375
2 0.3296875 0.81328125 0.046875 0.05390625
2 0.321875 0.71875 0.034375 0.0359375