6 0.13125 0.3203125 0.046875 0.0484375
6 0.5125 0.29921875 0.0484375 0.0484375
6 0.5953125 0.28984375 0.04453125 0.04609375
6 0.38046875 0.309375 0.040625 0.0453125
6 0.3515625 0.30703125 0.0328125 0.03984375
6 0.2765625 0.35234375 0.0421875 0.0453125
6 0.4921875 0.38125 0.046875 0.0484375
6 0.58984375 0.365625 0.05078125 0.04765625
6 0.36171875 0.39765625 0.04296875 0.0421875
6 0.4390625 0.43984375 0.04140625 0.0421875
6 0.478125 0.465625 0.03984375 0.0421875
6 0.56953125 0.42421875 0.04375 0.04296875
6 0.67578125 0.37734375 0.03671875 0.0390625
6 0.678125 0.41875 0.0375 0.0359375
6 0.64375 0.2203125 0.04140625 0.04140625
6 0.31484375 0.51640625 0.03984375 0.0421875
6 0.38359375 0.48203125 0.03828125 0.040625
6 0.43359375 0.478125 0.0359375 0.0359375
6 0.55625 0.51640625 0.04375 0.04453125
6 0.6140625 0.49921875 0.03828125 0.040625
6 0.76875 0.4984375 0.0359375 0.03671875
6 0.5890625 0.58046875 0.04140625 0.04296875
6 0.51484375 0.59453125 0.0515625 0.04609375
6 0.628125 0.559375 0.0421875 0.0484375
6 0.659375 0.28125 0.034375 0.03828125
6 0.68046875 0.259375 0.0359375 0.03515625
6 0.6875 0.284375 0.028125 0.02734375
6 0.34453125 0.09140625 0.046875 0.04921875
6 0.4765625 0.1265625 0.0390625 0.03671875
6 0.51484375 0.096875 0.0421875 0.04296875
6 0.478125 0.10078125 0.0390625 0.03515625
6 0.2390625 0.29609375 0.0359375 0.03984375
6 0.209375 0.3046875 0.03203125 0.040625
6 0.19140625 0.34453125 0.03671875 0.03828125
6 0.21171875 0.3984375 0.03828125 0.0390625
6 0.22421875 0.46015625 0.0375 0.03984375
6 0.17890625 0.43515625 0.0375 0.03984375
6 0.275 0.4796875 0.0375 0.03828125
6 0.25078125 0.39140625 0.0359375 0.0375
6 0.23984375 0.42421875 0.0296875 0.0296875
6 0.2640625 0.421875 0.03046875 0.0328125
6 0.10546875 0.47109375 0.0390625 0.046875
6 0.128125 0.56328125 0.046875 0.04609375
6 0.165625 0.6171875 0.040625 0.04375
6 0.25703125 0.5921875 0.04609375 0.04375
6 0.21484375 0.5265625 0.03671875 0.034375
6 0.2375 0.546875 0.040625 0.03828125
6 0.346875 0.4921875 0.0375 0.040625
6 0.41875 0.6703125 0.05078125 0.05
6 0.29375 0.640625 0.04921875 0.04921875
6 0.4671875 0.53359375 0.04140625 0.040625
6 0.42890625 0.6125 0.0390625 0.03828125
6 0.4453125 0.584375 0.03515625 0.03515625
6 0.4734375 0.55703125 0.040625 0.0390625