4 0.47734375 0.12734375 0.03203125 0.0359375
6 0.46875 0.2625 0.06796875 0.06953125
4 0.45234375 0.20703125 0.03203125 0.03671875
4 0.171875 0.40546875 0.03359375 0.0359375
4 0.27265625 0.35546875 0.02890625 0.03125
4 0.2671875 0.415625 0.03046875 0.0328125
4 0.38125 0.48671875 0.0296875 0.0359375
2 0.3875 0.4265625 0.0625 0.071875
4 0.428125 0.403125 0.03046875 0.0328125
4 0.46875 0.32421875 0.034375 0.0359375
2 0.4921875 0.5765625 0.07421875 0.0859375
2 0.42109375 0.5296875 0.071875 0.08359375
2 0.51484375 0.41328125 0.06875 0.07578125
4 0.53203125 0.61328125 0.02578125 0.02734375
4 0.31953125 0.65234375 0.02578125 0.0265625
4 0.36328125 0.73515625 0.025 0.02578125
4 0.5578125 0.43203125 0.01953125 0.021875
4 0.47109375 0.3796875 0.015625 0.015625
2 0.175 0.2046875 0.0875 0.09453125
6 0.3046875 0.34609375 0.0609375 0.06796875
6 0.234375 0.38515625 0.0625 0.06875
6 0.2828125 0.56640625 0.07578125 0.065625
6 0.246875 0.6265625 0.059375 0.06171875
6 0.61171875 0.28515625 0.0625 0.065625
6 0.59765625 0.2328125 0.05234375 0.05703125
6 0.5671875 0.321875 0.05078125 0.0578125
6 0.2671875 0.7 0.06015625 0.06171875
6 0.403125 0.6390625 0.05546875 0.0578125