4 0.04375 0.4765625 0.06796875 0.07265625
4 0.15703125 0.21328125 0.06015625 0.06015625
4 0.3375 0.16171875 0.0671875 0.065625
4 0.54765625 0.03671875 0.0671875 0.0671875
4 0.5703125 0.37890625 0.0578125 0.06015625
4 0.3765625 0.35390625 0.06796875 0.06796875
4 0.3703125 0.4796875 0.06640625 0.065625
4 0.27578125 0.58984375 0.06328125 0.0640625
4 0.3625 0.56796875 0.04296875 0.04375
4 0.37421875 0.70859375 0.0609375 0.06484375
4 0.609375 0.54921875 0.03515625 0.040625
4 0.65546875 0.553125 0.0546875 0.059375
4 0.68046875 0.48203125 0.06953125 0.06484375
4 0.80390625 0.3484375 0.065625 0.06640625
4 0.81953125 0.540625 0.0671875 0.07265625