4 0.65625 0.27578125 0.04140625 0.04609375
4 0.475 0.196875 0.02421875 0.0296875
4 0.5328125 0.19140625 0.0390625 0.040625
4 0.35625 0.2515625 0.0265625 0.03515625
4 0.1828125 0.3921875 0.0296875 0.03515625
4 0.2421875 0.73828125 0.03203125 0.03984375
4 0.5015625 0.715625 0.02578125 0.03203125
4 0.59375 0.61171875 0.02109375 0.02890625
4 0.65703125 0.565625 0.02578125 0.03046875
4 0.59296875 0.51640625 0.021875 0.028125
4 0.27421875 0.29140625 0.02265625 0.03125
4 0.1515625 0.62109375 0.025 0.0296875
4 0.221875 0.53203125 0.021875 0.028125