5 0.2578125 0.2453125 0.04296875 0.04375
5 0.3015625 0.26171875 0.040625 0.04140625
5 0.41484375 0.22421875 0.03828125 0.04375
5 0.45234375 0.24921875 0.04453125 0.04296875
5 0.60390625 0.346875 0.04140625 0.04453125
5 0.30234375 0.33984375 0.03984375 0.04375
5 0.25625 0.34921875 0.03515625 0.03671875
5 0.171875 0.35390625 0.0375 0.0390625
5 0.20234375 0.38515625 0.03984375 0.03984375
5 0.11875 0.40078125 0.04140625 0.04453125
5 0.1015625 0.44609375 0.03359375 0.03828125
5 0.1578125 0.46875 0.0375 0.0390625
5 0.11796875 0.5953125 0.0375 0.040625
5 0.1796875 0.71484375 0.03125 0.034375
5 0.16640625 0.73125 0.0296875 0.02890625
5 0.38359375 0.78828125 0.0375 0.03984375
5 0.54375 0.71484375 0.03359375 0.0359375
5 0.58359375 0.70390625 0.03359375 0.0375
5 0.61328125 0.67734375 0.0390625 0.0390625
5 0.68125 0.6234375 0.03828125 0.04140625
5 0.7265625 0.5359375 0.0390625 0.03828125
5 0.7578125 0.61953125 0.034375 0.03515625
5 0.66171875 0.56015625 0.03671875 0.0375
5 0.71875 0.43046875 0.04296875 0.04140625
5 0.64453125 0.46328125 0.0390625 0.03984375
5 0.59296875 0.48828125 0.034375 0.0375
5 0.621875 0.55234375 0.03828125 0.03984375
5 0.44140625 0.18203125 0.0375 0.0375
5 0.471875 0.17890625 0.028125 0.0328125
5 0.48203125 0.19140625 0.03671875 0.034375
5 0.53125 0.39375 0.03046875 0.03203125
5 0.50546875 0.39375 0.028125 0.03359375
5 0.46875 0.4453125 0.03046875 0.03359375
5 0.45078125 0.46875 0.0328125 0.03046875
5 0.31328125 0.38828125 0.03125 0.0296875
5 0.30859375 0.40859375 0.03125 0.03203125
5 0.23515625 0.47890625 0.03046875 0.03125
5 0.259375 0.46796875 0.0328125 0.03671875
5 0.3375 0.4609375 0.03203125 0.03203125
5 0.346875 0.4875 0.03515625 0.03046875
5 0.38359375 0.49765625 0.0390625 0.03828125
5 0.44921875 0.503125 0.0328125 0.03359375
5 0.48046875 0.50234375 0.03515625 0.034375
5 0.490625 0.53984375 0.034375 0.02890625
5 0.45078125 0.5546875 0.03203125 0.03046875
6 0.48515625 0.571875 0.05546875 0.04375
5 0.23828125 0.65625 0.03125 0.034375
5 0.22265625 0.57890625 0.03671875 0.0328125
5 0.271875 0.6359375 0.03125 0.03203125
5 0.30625 0.61328125 0.02890625 0.028125
5 0.33046875 0.59453125 0.025 0.0265625
5 0.30703125 0.58828125 0.02890625 0.028125
5 0.32890625 0.54375 0.02890625 0.028125
5 0.26796875 0.5296875 0.03203125 0.03203125
5 0.24765625 0.53828125 0.03046875 0.0296875
5 0.33671875 0.57109375 0.03125 0.03046875
5 0.3453125 0.553125 0.02421875 0.021875
5 0.58203125 0.7734375 0.03203125 0.03203125
2 0.5046875 0.3109375 0.07109375 0.07265625
2 0.36875 0.38515625 0.05625 0.06171875
2 0.3453125 0.6484375 0.0515625 0.0625