5 0.2578125 0.2453125 0.04375 0.04375
5 0.30234375 0.26171875 0.040625 0.04140625
5 0.415625 0.22421875 0.0390625 0.04375
5 0.45390625 0.24921875 0.04453125 0.04296875
5 0.60546875 0.346875 0.0421875 0.04453125
5 0.30234375 0.340625 0.03984375 0.04453125
5 0.25625 0.35 0.0359375 0.03671875
5 0.171875 0.3546875 0.0375 0.03984375
5 0.20234375 0.3859375 0.03984375 0.03984375
5 0.11796875 0.4015625 0.04140625 0.04453125
5 0.10078125 0.446875 0.03359375 0.03828125
5 0.15703125 0.4703125 0.03828125 0.0390625
5 0.1171875 0.596875 0.03828125 0.040625
5 0.1796875 0.7171875 0.03125 0.034375
5 0.165625 0.73359375 0.0296875 0.02890625
5 0.384375 0.79140625 0.03828125 0.03984375
5 0.5453125 0.71796875 0.03359375 0.0359375
5 0.58515625 0.70625 0.03359375 0.0375
5 0.615625 0.68046875 0.0390625 0.0390625
5 0.68359375 0.62578125 0.0390625 0.04140625
5 0.7296875 0.5375 0.0390625 0.03828125
5 0.7609375 0.621875 0.034375 0.03515625
5 0.6640625 0.5625 0.03671875 0.0375
5 0.721875 0.43203125 0.04296875 0.0421875
5 0.646875 0.46484375 0.0390625 0.040625
5 0.5953125 0.4890625 0.034375 0.0375
5 0.62421875 0.5546875 0.03828125 0.040625
5 0.4421875 0.18203125 0.0375 0.0375
5 0.4734375 0.17890625 0.02890625 0.0328125
5 0.48359375 0.19140625 0.03671875 0.03515625
5 0.5328125 0.39453125 0.03046875 0.03203125
5 0.50703125 0.39453125 0.028125 0.03359375
5 0.46953125 0.446875 0.03125 0.03359375
5 0.4515625 0.4703125 0.0328125 0.03125
5 0.31328125 0.3890625 0.03125 0.0296875
5 0.30859375 0.409375 0.03203125 0.03203125
5 0.23515625 0.4796875 0.03046875 0.03125
5 0.26015625 0.46953125 0.0328125 0.03671875
5 0.33828125 0.4625 0.03203125 0.03203125
5 0.34765625 0.4890625 0.03515625 0.03046875
5 0.384375 0.49921875 0.0390625 0.03828125
5 0.45 0.50390625 0.0328125 0.03359375
5 0.48203125 0.50390625 0.03515625 0.034375
5 0.49140625 0.54140625 0.034375 0.02890625
5 0.4515625 0.55625 0.03203125 0.03046875
6 0.4859375 0.57421875 0.05546875 0.04453125
5 0.23828125 0.65859375 0.03125 0.034375
5 0.22265625 0.58125 0.03671875 0.0328125
5 0.271875 0.63828125 0.03125 0.03203125
5 0.30703125 0.615625 0.02890625 0.028125
5 0.33046875 0.596875 0.025 0.02734375
5 0.3078125 0.590625 0.02890625 0.028125
5 0.3296875 0.5453125 0.02890625 0.028125
5 0.26796875 0.53125 0.03203125 0.03203125
5 0.24765625 0.53984375 0.03046875 0.0296875
5 0.3375 0.57265625 0.03125 0.03046875
5 0.34609375 0.5546875 0.02421875 0.021875
5 0.584375 0.7765625 0.03203125 0.0328125
2 0.50625 0.31171875 0.071875 0.07265625
2 0.36953125 0.3859375 0.05625 0.06171875
2 0.34609375 0.65078125 0.05234375 0.0625