6 0.484375 0.7875 0.05546875 0.0578125
6 0.68515625 0.65859375 0.04765625 0.05078125
6 0.15703125 0.67421875 0.05078125 0.06171875
6 0.37578125 0.72890625 0.05546875 0.053125
6 0.384375 0.68828125 0.04375 0.04375
6 0.309375 0.76796875 0.0375 0.04453125
6 0.52890625 0.70234375 0.05234375 0.0578125
6 0.565625 0.725 0.04921875 0.04921875
6 0.725 0.540625 0.05 0.046875
6 0.7421875 0.50625 0.05859375 0.0578125
6 0.284375 0.6375 0.05703125 0.06171875
6 0.71171875 0.3078125 0.0515625 0.05234375
6 0.7296875 0.253125 0.04921875 0.05390625
6 0.62265625 0.2046875 0.040625 0.04296875
6 0.76328125 0.33671875 0.053125 0.05234375
6 0.228125 0.46484375 0.03671875 0.0390625