4 0.05078125 0.4828125 0.053125 0.06015625
4 0.16640625 0.2203125 0.04921875 0.05390625
4 0.34375 0.17265625 0.05703125 0.05859375
4 0.55703125 0.04140625 0.05546875 0.053125
4 0.3828125 0.35859375 0.0546875 0.05390625
4 0.37734375 0.48515625 0.05859375 0.059375
4 0.28125 0.590625 0.053125 0.05390625
4 0.3796875 0.71640625 0.05390625 0.0578125
4 0.36640625 0.57421875 0.0375 0.04140625
4 0.578125 0.38515625 0.04453125 0.04609375
4 0.66015625 0.559375 0.05546875 0.053125
4 0.6875 0.4953125 0.06171875 0.0625
4 0.8125 0.3609375 0.0625 0.06171875
4 0.825 0.55078125 0.06328125 0.06484375
4 0.615625 0.55703125 0.02421875 0.02578125