4 0.27421875 0.67734375 0.02265625 0.02578125
4 0.296875 0.6875 0.021875 0.02734375
4 0.3421875 0.74765625 0.0265625 0.02734375
4 0.26875 0.46015625 0.0140625 0.01796875
0 0.328125 0.51796875 0.06171875 0.07421875
0 0.53203125 0.36875 0.04765625 0.06640625
0 0.5515625 0.29453125 0.06640625 0.0734375
0 0.5859375 0.56484375 0.05390625 0.06796875
0 0.48671875 0.57734375 0.05390625 0.059375
0 0.6015625 0.7453125 0.04921875 0.0625
0 0.54609375 0.771875 0.0578125 0.0640625
0 0.36875 0.39453125 0.05390625 0.071875
0 0.4265625 0.38203125 0.05390625 0.06875
0 0.3890625 0.565625 0.0484375 0.06328125
0 0.53359375 0.5109375 0.05078125 0.06015625
0 0.39609375 0.83671875 0.05625 0.07109375
6 0.334375 0.2734375 0.0484375 0.05703125
6 0.43984375 0.20390625 0.053125 0.06640625
0 0.5984375 0.21015625 0.05 0.05625
6 0.14375 0.44609375 0.0609375 0.065625