6 0.68984375 0.659375 0.04609375 0.0484375
6 0.48828125 0.78828125 0.04296875 0.0515625
6 0.16015625 0.6765625 0.0484375 0.053125
6 0.53359375 0.703125 0.04375 0.04765625
6 0.6484375 0.653125 0.05234375 0.0640625
6 0.3796875 0.73125 0.04140625 0.04296875
6 0.38671875 0.69375 0.03359375 0.03515625
6 0.6046875 0.79375 0.03984375 0.04453125
6 0.746875 0.50625 0.05234375 0.04765625
6 0.76484375 0.33671875 0.0421875 0.0421875
6 0.71875 0.30546875 0.04296875 0.04375
6 0.28359375 0.63671875 0.0515625 0.05546875
6 0.2203125 0.4140625 0.03359375 0.03671875
6 0.35078125 0.26875 0.03828125 0.04140625
6 0.60390625 0.5765625 0.0390625 0.040625
6 0.63046875 0.58515625 0.03125 0.03515625
6 0.475 0.5140625 0.0265625 0.02890625
6 0.421875 0.4734375 0.0328125 0.0375
6 0.56328125 0.65703125 0.03515625 0.03671875
6 0.57890625 0.66796875 0.0328125 0.03359375
6 0.571875 0.728125 0.03828125 0.04140625
6 0.23125 0.4671875 0.02890625 0.03125
6 0.2015625 0.6125 0.03203125 0.0359375
6 0.51796875 0.09765625 0.0359375 0.03828125
6 0.53515625 0.12578125 0.0359375 0.03671875
6 0.5046875 0.16640625 0.0328125 0.0328125
6 0.51015625 0.18828125 0.025 0.028125
6 0.47265625 0.146875 0.03125 0.03203125
6 0.6328125 0.15390625 0.04140625 0.04375