6 0.12421875 0.48203125 0.04921875 0.05703125
6 0.059375 0.384375 0.04609375 0.0625
6 0.240625 0.3546875 0.0453125 0.0515625
6 0.24375 0.309375 0.0390625 0.0421875
6 0.34296875 0.378125 0.05234375 0.06640625
6 0.359375 0.24453125 0.04375 0.053125
6 0.5625 0.24453125 0.04375 0.05234375
6 0.659375 0.18125 0.0375 0.0453125
6 0.39921875 0.1296875 0.0515625 0.0578125
6 0.61484375 0.4453125 0.0390625 0.05078125
6 0.590625 0.56796875 0.04609375 0.05859375
6 0.65625 0.48828125 0.03125 0.03515625
6 0.4046875 0.61640625 0.0421875 0.0484375
6 0.3984375 0.67109375 0.0453125 0.05625
6 0.31484375 0.68671875 0.04140625 0.05078125
6 0.61328125 0.284375 0.04140625 0.04296875
6 0.61796875 0.253125 0.03359375 0.0375