5 0.2515625 0.23984375 0.04375 0.04453125
5 0.29609375 0.25625 0.04140625 0.0421875
5 0.41015625 0.21796875 0.0390625 0.04375
5 0.44921875 0.24375 0.0453125 0.04375
5 0.60234375 0.34296875 0.0421875 0.0453125
5 0.29609375 0.3359375 0.040625 0.04453125
5 0.24921875 0.3453125 0.0359375 0.0375
5 0.16328125 0.35 0.03828125 0.03984375
5 0.19453125 0.38203125 0.040625 0.040625
5 0.109375 0.39765625 0.0421875 0.0453125
5 0.0921875 0.44375 0.03359375 0.0390625
5 0.14921875 0.4671875 0.03828125 0.03984375
5 0.10859375 0.5953125 0.03828125 0.04140625
5 0.171875 0.71640625 0.03125 0.03515625
5 0.1578125 0.73359375 0.03046875 0.0296875
5 0.37890625 0.7921875 0.03828125 0.040625
5 0.54140625 0.7171875 0.03359375 0.03671875
5 0.58203125 0.70625 0.034375 0.03828125
5 0.6125 0.67890625 0.03984375 0.0390625
5 0.68125 0.62421875 0.0390625 0.04140625
5 0.72734375 0.53515625 0.0390625 0.03828125
5 0.759375 0.6203125 0.03515625 0.0359375
5 0.66171875 0.56015625 0.0375 0.03828125
5 0.71953125 0.428125 0.04375 0.0421875
5 0.64453125 0.46171875 0.03984375 0.040625
5 0.5921875 0.48671875 0.034375 0.0375
5 0.62109375 0.55234375 0.0390625 0.040625
5 0.4375 0.175 0.0375 0.03828125
5 0.46875 0.171875 0.02890625 0.0328125
5 0.47890625 0.18515625 0.0375 0.03515625
5 0.5296875 0.38984375 0.03125 0.03203125
5 0.503125 0.390625 0.02890625 0.03359375
5 0.46484375 0.44375 0.03125 0.03359375
5 0.446875 0.4671875 0.03359375 0.03125
5 0.30703125 0.38515625 0.03203125 0.03046875
5 0.30234375 0.40546875 0.03203125 0.0328125
5 0.228125 0.4765625 0.03125 0.03203125
5 0.253125 0.46640625 0.03359375 0.03671875
5 0.33203125 0.459375 0.0328125 0.03203125
5 0.3421875 0.4859375 0.0359375 0.03125
5 0.37890625 0.49609375 0.03984375 0.0390625
5 0.4453125 0.5015625 0.03359375 0.034375
5 0.47734375 0.5015625 0.03515625 0.03515625
5 0.4875 0.5390625 0.03515625 0.0296875
5 0.446875 0.55390625 0.0328125 0.03046875
6 0.48203125 0.571875 0.05625 0.04453125
5 0.23125 0.6578125 0.03203125 0.03515625
5 0.21484375 0.57890625 0.0375 0.03359375
5 0.26484375 0.6375 0.03203125 0.0328125
5 0.3 0.6140625 0.0296875 0.02890625
5 0.32421875 0.5953125 0.025 0.02734375
5 0.30078125 0.5890625 0.0296875 0.02890625
5 0.3234375 0.54296875 0.0296875 0.028125
5 0.2609375 0.52890625 0.0328125 0.0328125
5 0.240625 0.5375 0.03125 0.0296875
5 0.33125 0.57109375 0.03125 0.03125
5 0.33984375 0.55234375 0.025 0.021875
5 0.58125 0.7765625 0.0328125 0.0328125
2 0.5015625 0.30625 0.07265625 0.07421875
2 0.3640625 0.38203125 0.05703125 0.0625
2 0.33984375 0.65 0.05234375 0.06328125