4 0.6640625 0.5015625 0.03203125 0.0390625
4 0.6125 0.55859375 0.0328125 0.0390625
4 0.56171875 0.51796875 0.0265625 0.03203125
4 0.48359375 0.47734375 0.03515625 0.04140625
4 0.71015625 0.3484375 0.02890625 0.0328125
4 0.334375 0.51796875 0.04140625 0.04609375
4 0.34140625 0.48125 0.03203125 0.0375
4 0.5125 0.64765625 0.02578125 0.028125
4 0.54609375 0.65390625 0.02734375 0.028125
4 0.54609375 0.75234375 0.02421875 0.0328125
4 0.5625 0.86328125 0.034375 0.040625
4 0.45859375 0.84140625 0.0375 0.04375
4 0.48203125 0.7734375 0.03046875 0.0359375
4 0.27265625 0.78125 0.03203125 0.04765625
4 0.28125 0.74375 0.02578125 0.028125
4 0.22890625 0.5328125 0.03515625 0.04375
4 0.25390625 0.5484375 0.025 0.03125
4 0.17734375 0.7625 0.01875 0.02734375
4 0.09375 0.53203125 0.0296875 0.040625
4 0.25078125 0.23359375 0.0359375 0.0453125
6 0.2765625 0.58984375 0.04921875 0.0609375
6 0.6046875 0.64375 0.05625 0.06640625
4 0.21484375 0.73828125 0.04140625 0.05
4 0.10859375 0.553125 0.03828125 0.04765625
4 0.14140625 0.22265625 0.03828125 0.046875
4 0.15 0.1625 0.0375 0.04453125
4 0.2140625 0.0875 0.046875 0.05546875
4 0.28125 0.12578125 0.034375 0.04453125
4 0.28203125 0.3171875 0.03359375 0.0515625
4 0.384375 0.0546875 0.0328125 0.04140625
4 0.3828125 0.1640625 0.0296875 0.03671875
4 0.32734375 0.31953125 0.03984375 0.05703125
4 0.76171875 0.19921875 0.04375 0.053125
6 0.51015625 0.315625 0.05 0.06484375
4 0.53125 0.196875 0.02890625 0.0328125