6 0.503125 0.315625 0.07734375 0.08046875
6 0.3609375 0.32734375 0.090625 0.07109375
6 0.58515625 0.30390625 0.0796875 0.084375
6 0.4828125 0.39921875 0.07734375 0.075
6 0.559375 0.44375 0.0734375 0.0765625
6 0.58359375 0.384375 0.075 0.0734375
6 0.35546875 0.41328125 0.07265625 0.07890625
6 0.22109375 0.3125 0.08828125 0.07734375
6 0.27265625 0.36640625 0.065625 0.07109375
6 0.1734375 0.45625 0.0625 0.06328125
6 0.271875 0.4984375 0.05859375 0.06171875
6 0.13125 0.33984375 0.06875 0.078125
6 0.18984375 0.36328125 0.065625 0.07109375
6 0.60625 0.51796875 0.05625 0.059375
6 0.54765625 0.53828125 0.06953125 0.07265625
6 0.66640625 0.3953125 0.053125 0.04921875
6 0.665625 0.4390625 0.05234375 0.05234375
6 0.54375 0.75390625 0.0703125 0.075
6 0.5078125 0.6140625 0.0765625 0.0796875
6 0.43203125 0.45625 0.053125 0.0546875
6 0.46875 0.12421875 0.06953125 0.084375
6 0.50859375 0.10703125 0.0609375 0.05703125