6 0.22421875 0.58984375 0.059375 0.06953125
6 0.2484375 0.65625 0.06328125 0.06640625
6 0.6796875 0.3765625 0.06484375 0.06953125
6 0.60234375 0.4140625 0.0625 0.0625
6 0.54296875 0.478125 0.0609375 0.06328125
6 0.6453125 0.5421875 0.06328125 0.0671875
6 0.484375 0.553125 0.06484375 0.06875
6 0.37578125 0.696875 0.06640625 0.06796875
6 0.453125 0.70390625 0.0578125 0.0671875
6 0.578125 0.77109375 0.05859375 0.06640625
6 0.39921875 0.78125 0.0578125 0.06484375
6 0.33359375 0.79921875 0.05546875 0.06328125
6 0.43125 0.4125 0.06796875 0.078125
2 0.353125 0.3359375 0.090625 0.0921875