4 0.2734375 0.6765625 0.02265625 0.0265625
4 0.2953125 0.68671875 0.021875 0.02734375
4 0.34140625 0.74765625 0.0265625 0.028125
4 0.26796875 0.45859375 0.01484375 0.01875
0 0.32734375 0.51640625 0.06171875 0.075
0 0.53203125 0.36640625 0.0484375 0.0671875
0 0.5515625 0.29140625 0.06640625 0.07421875
0 0.5859375 0.5640625 0.0546875 0.06875
0 0.48671875 0.5765625 0.0546875 0.06015625
0 0.6015625 0.7453125 0.04921875 0.0625
0 0.54609375 0.771875 0.0578125 0.06484375
0 0.36796875 0.3921875 0.05390625 0.07265625
0 0.42578125 0.3796875 0.0546875 0.06875
0 0.38828125 0.5640625 0.0484375 0.0640625
0 0.53359375 0.509375 0.0515625 0.06015625
0 0.3953125 0.83671875 0.05703125 0.071875
6 0.33359375 0.2703125 0.0484375 0.0578125
6 0.4390625 0.2 0.05390625 0.0671875
0 0.59921875 0.20625 0.05078125 0.05625
6 0.14140625 0.44453125 0.0609375 0.06640625