6 0.50859375 0.30859375 0.07734375 0.08046875
6 0.36640625 0.3203125 0.090625 0.07109375
6 0.590625 0.296875 0.0796875 0.084375
6 0.48828125 0.3921875 0.07734375 0.075
6 0.56484375 0.43671875 0.0734375 0.0765625
6 0.5890625 0.37734375 0.075 0.0734375
6 0.3609375 0.40625 0.07265625 0.07890625
6 0.2265625 0.3046875 0.08828125 0.07734375
6 0.278125 0.359375 0.065625 0.07109375
6 0.17890625 0.44921875 0.0625 0.06328125
6 0.27734375 0.49140625 0.05859375 0.06171875
6 0.13671875 0.33203125 0.06875 0.078125
6 0.1953125 0.35625 0.065625 0.07109375
6 0.6109375 0.51015625 0.05625 0.059375
6 0.553125 0.53125 0.06953125 0.07265625
6 0.671875 0.38828125 0.053125 0.04921875
6 0.67109375 0.43203125 0.05234375 0.05234375
6 0.54921875 0.746875 0.0703125 0.075
6 0.51328125 0.60703125 0.0765625 0.0796875
6 0.4375 0.44921875 0.053125 0.0546875
6 0.47421875 0.1171875 0.06953125 0.084375
6 0.5140625 0.1 0.0609375 0.05703125