6 0.48046875 0.44453125 0.05859375 0.0640625
6 0.36875 0.43359375 0.065625 0.07265625
6 0.4609375 0.58671875 0.059375 0.06796875
6 0.59921875 0.51171875 0.07109375 0.07265625
6 0.5265625 0.3765625 0.07109375 0.07890625
6 0.42578125 0.31953125 0.06796875 0.07265625
6 0.4921875 0.259375 0.059375 0.0671875
6 0.2640625 0.3625 0.06015625 0.07109375
6 0.23359375 0.39140625 0.0625 0.071875
6 0.325 0.21875 0.0734375 0.0765625
6 0.190625 0.54140625 0.06796875 0.0734375
6 0.21953125 0.4828125 0.06484375 0.071875
6 0.265625 0.5671875 0.0671875 0.0734375
6 0.4515625 0.2203125 0.05859375 0.06796875
6 0.48515625 0.203125 0.0640625 0.06875
6 0.2875 0.16953125 0.06953125 0.0796875
6 0.296875 0.67890625 0.06640625 0.0703125
6 0.6765625 0.45390625 0.071875 0.07734375
6 0.7265625 0.6015625 0.08125 0.090625
6 0.42109375 0.72421875 0.06796875 0.075
6 0.57734375 0.21484375 0.06484375 0.06796875
6 0.45625 0.06953125 0.0640625 0.06640625
6 0.471875 0.10703125 0.07109375 0.06640625
6 0.39765625 0.09140625 0.0609375 0.06796875
6 0.22421875 0.18046875 0.0546875 0.06875
6 0.7671875 0.4421875 0.0765625 0.08515625
6 0.40625 0.6203125 0.06640625 0.071875
6 0.37734375 0.5703125 0.071875 0.065625