4 0.20390625 0.75546875 0.03515625 0.0390625
4 0.22578125 0.3328125 0.04140625 0.046875
4 0.221875 0.153125 0.0578125 0.0703125
4 0.25234375 0.41015625 0.02578125 0.02890625
4 0.35546875 0.35546875 0.02890625 0.03359375
4 0.571875 0.303125 0.028125 0.03046875
4 0.34453125 0.4546875 0.02265625 0.025
4 0.36640625 0.4703125 0.02109375 0.02578125
4 0.36484375 0.41953125 0.02265625 0.02421875
4 0.36484375 0.3984375 0.0203125 0.02109375
4 0.4609375 0.3921875 0.02109375 0.02421875
4 0.42578125 0.4375 0.02578125 0.03046875
4 0.45859375 0.54609375 0.0234375 0.03046875
4 0.4265625 0.5671875 0.02421875 0.02578125
4 0.434375 0.625 0.028125 0.0328125
4 0.66875 0.38203125 0.0328125 0.040625
4 0.75625 0.3 0.02109375 0.02578125
4 0.87890625 0.24296875 0.02578125 0.0296875
4 0.090625 0.3375 0.03203125 0.034375
4 0.12890625 0.1734375 0.0296875 0.03671875
4 0.33046875 0.56875 0.0328125 0.03515625
4 0.44453125 0.59140625 0.021875 0.02421875