4 0.2765625 0.6828125 0.02265625 0.0265625
4 0.29921875 0.69375 0.02265625 0.028125
4 0.34609375 0.7546875 0.02734375 0.028125
4 0.27109375 0.4609375 0.01484375 0.01875
0 0.33125 0.51953125 0.06328125 0.0765625
0 0.53984375 0.3671875 0.04921875 0.06796875
0 0.56015625 0.29140625 0.06796875 0.075
0 0.59453125 0.56796875 0.05546875 0.0703125
0 0.49375 0.58125 0.05546875 0.0609375
0 0.6109375 0.75234375 0.05 0.0640625
0 0.55390625 0.78046875 0.05859375 0.065625
0 0.37265625 0.39375 0.0546875 0.0734375
0 0.43203125 0.38125 0.05546875 0.0703125
0 0.39375 0.56875 0.04921875 0.06484375
0 0.54140625 0.5125 0.05234375 0.06171875
0 0.40078125 0.84609375 0.0578125 0.07265625
6 0.3375 0.2703125 0.04921875 0.05859375
6 0.4453125 0.1984375 0.0546875 0.06796875
0 0.6078125 0.2046875 0.0515625 0.05703125
6 0.1421875 0.446875 0.0625 0.0671875