3 0.50234375 0.46796875 0.05078125 0.0578125
3 0.4734375 0.51875 0.0515625 0.05546875
3 0.4125 0.5171875 0.053125 0.06171875
3 0.36953125 0.54609375 0.0546875 0.0625
3 0.42734375 0.709375 0.05859375 0.0625
3 0.6015625 0.7171875 0.05703125 0.0671875
3 0.25703125 0.671875 0.05546875 0.06328125
3 0.17890625 0.540625 0.05234375 0.06015625
3 0.15234375 0.33203125 0.05390625 0.06328125
3 0.18125 0.22421875 0.0390625 0.05625
3 0.1484375 0.23203125 0.04453125 0.05859375
3 0.375 0.04375 0.05625 0.05859375