4 0.37578125 0.71015625 0.075 0.06640625
4 0.27890625 0.58671875 0.07265625 0.06484375
4 0.3625 0.56953125 0.05 0.04296875
4 0.371875 0.48046875 0.07265625 0.0671875
4 0.37890625 0.35078125 0.06953125 0.06796875
4 0.5734375 0.375 0.06015625 0.0625
4 0.6859375 0.4828125 0.078125 0.07734375
4 0.8078125 0.3453125 0.07421875 0.06953125
4 0.825 0.53984375 0.07890625 0.06875
4 0.61171875 0.54921875 0.0453125 0.04375
4 0.659375 0.553125 0.0671875 0.0640625
4 0.3390625 0.1609375 0.07421875 0.07265625
4 0.54765625 0.03359375 0.07734375 0.0671875
4 0.159375 0.21171875 0.0734375 0.0625
4 0.04765625 0.47890625 0.078125 0.06796875