6 0.4265625 0.3453125 0.0578125 0.06015625
6 0.528125 0.4015625 0.05625 0.06171875
6 0.32109375 0.24765625 0.0484375 0.0546875
6 0.2828125 0.1984375 0.05390625 0.05859375
6 0.259375 0.390625 0.04765625 0.0515625
6 0.1484375 0.321875 0.04453125 0.04609375
6 0.15390625 0.36171875 0.0515625 0.04609375
6 0.16484375 0.4171875 0.0484375 0.04921875
6 0.1734375 0.4484375 0.04921875 0.04453125
6 0.23046875 0.41171875 0.05 0.05546875
6 0.21484375 0.50546875 0.0546875 0.05625
6 0.18828125 0.559375 0.046875 0.05859375
6 0.26484375 0.58828125 0.0546875 0.05546875
6 0.3703125 0.45625 0.0515625 0.059375
6 0.48125 0.47109375 0.05 0.0515625
6 0.42890625 0.51328125 0.04765625 0.05625
6 0.37734375 0.5875 0.05234375 0.05234375
6 0.40625 0.63828125 0.05078125 0.053125
6 0.4625 0.60703125 0.0515625 0.05625
6 0.60078125 0.534375 0.04921875 0.053125
6 0.73359375 0.61796875 0.05625 0.059375
6 0.6796875 0.47421875 0.05390625 0.05625
6 0.77734375 0.46484375 0.05390625 0.05546875
6 0.49609375 0.284375 0.04765625 0.053125
6 0.58125 0.23828125 0.05078125 0.0484375
6 0.64375 0.2875 0.05078125 0.05
6 0.69140625 0.31328125 0.0546875 0.0546875
6 0.63046875 0.346875 0.04375 0.04453125
6 0.65859375 0.36171875 0.04609375 0.04765625
6 0.6421875 0.396875 0.0515625 0.05234375
6 0.7109375 0.38828125 0.05234375 0.0515625
6 0.45703125 0.24453125 0.04609375 0.0515625
6 0.48828125 0.23203125 0.04609375 0.04453125
6 0.29921875 0.69453125 0.0515625 0.0484375
6 0.41875 0.74296875 0.05234375 0.05
6 0.38828125 0.509375 0.0421875 0.04765625
6 0.375 0.53828125 0.04453125 0.04296875
6 0.17265625 0.66171875 0.04765625 0.0515625
6 0.21875 0.203125 0.046875 0.04921875
6 0.3390625 0.17109375 0.0421875 0.04453125
6 0.3984375 0.1203125 0.05078125 0.053125
6 0.35 0.13046875 0.05 0.04921875