4 0.4140625 0.2328125 0.03828125 0.04453125
4 0.21015625 0.2375 0.03203125 0.03828125
2 0.35625 0.59453125 0.05703125 0.06015625
2 0.28984375 0.57109375 0.059375 0.065625
2 0.24609375 0.6015625 0.07109375 0.07109375
2 0.21953125 0.4984375 0.06484375 0.08671875
2 0.215625 0.4296875 0.053125 0.059375
2 0.2640625 0.41953125 0.05078125 0.0609375
2 0.36171875 0.384375 0.059375 0.06796875
2 0.3265625 0.45078125 0.05625 0.0625
2 0.49375 0.3125 0.05703125 0.06640625
2 0.5734375 0.13671875 0.065625 0.07109375
2 0.70546875 0.18671875 0.06171875 0.07109375
2 0.66875 0.3 0.05234375 0.06015625
2 0.66171875 0.25625 0.06171875 0.06328125
2 0.77578125 0.30859375 0.0765625 0.07734375
2 0.8171875 0.51953125 0.06640625 0.07265625
2 0.72265625 0.58125 0.0640625 0.0640625
2 0.2578125 0.31640625 0.08515625 0.0859375
2 0.315625 0.26015625 0.06484375 0.08203125
2 0.33671875 0.13828125 0.06484375 0.0703125
2 0.4078125 0.10859375 0.0703125 0.0890625
2 0.3453125 0.07265625 0.06796875 0.06953125
4 0.603125 0.1796875 0.0328125 0.03515625
4 0.19296875 0.3453125 0.07578125 0.09453125
4 0.165625 0.24921875 0.07265625 0.10703125
2 0.24375 0.73515625 0.06171875 0.06875
2 0.29296875 0.69765625 0.0625 0.065625
2 0.22734375 0.68125 0.0625 0.071875
2 0.65078125 0.73828125 0.06328125 0.06328125
2 0.709375 0.6640625 0.05703125 0.06015625
4 0.6328125 0.89296875 0.0421875 0.040625
2 0.88203125 0.4046875 0.05546875 0.06796875
4 0.68671875 0.49765625 0.03125 0.03671875
2 0.61875 0.553125 0.0453125 0.0515625
2 0.1515625 0.43125 0.0625 0.065625
2 0.3984375 0.8671875 0.0734375 0.075
2 0.53203125 0.8890625 0.065625 0.065625
2 0.31640625 0.3515625 0.05078125 0.06015625
2 0.5984375 0.075 0.0546875 0.0609375