4 0.37578125 0.7140625 0.07578125 0.0671875
4 0.27890625 0.590625 0.07265625 0.065625
4 0.36328125 0.5734375 0.05 0.04296875
4 0.371875 0.48359375 0.0734375 0.06796875
4 0.37890625 0.35390625 0.06953125 0.06796875
4 0.57421875 0.378125 0.06015625 0.0625
4 0.6875 0.48671875 0.078125 0.078125
4 0.81015625 0.3484375 0.07421875 0.06953125
4 0.82734375 0.54375 0.07890625 0.06875
4 0.61328125 0.553125 0.04609375 0.04453125
4 0.6609375 0.55703125 0.06796875 0.06484375
4 0.3390625 0.16328125 0.07421875 0.07265625
4 0.5484375 0.034375 0.078125 0.06875
4 0.15859375 0.2140625 0.0734375 0.06328125
4 0.046875 0.4828125 0.078125 0.06796875