4 0.51328125 0.07890625 0.02734375 0.034375
4 0.49609375 0.19765625 0.03984375 0.046875
4 0.7140625 0.1125 0.0328125 0.040625
4 0.41015625 0.253125 0.0265625 0.03125
4 0.42421875 0.23828125 0.025 0.03203125
4 0.4375 0.328125 0.021875 0.0234375
4 0.4125 0.30859375 0.021875 0.0234375
4 0.62109375 0.328125 0.02421875 0.028125
4 0.3765625 0.1609375 0.03359375 0.03828125
4 0.26484375 0.45390625 0.025 0.03125
4 0.21328125 0.4453125 0.02578125 0.03125
4 0.29375 0.559375 0.0265625 0.03203125
4 0.4046875 0.609375 0.028125 0.0359375
4 0.2671875 0.653125 0.03359375 0.03984375
4 0.340625 0.62109375 0.03203125 0.040625
4 0.0890625 0.5765625 0.03515625 0.04140625
4 0.25546875 0.58984375 0.02734375 0.0359375
4 0.0796875 0.48984375 0.0265625 0.03125
4 0.14296875 0.38203125 0.03203125 0.03984375
4 0.12890625 0.09140625 0.02890625 0.0390625
4 0.1234375 0.1765625 0.025 0.03125
4 0.2984375 0.04765625 0.03203125 0.040625
4 0.3046875 0.12109375 0.0421875 0.05
4 0.72421875 0.61640625 0.0296875 0.02734375
4 0.72734375 0.59921875 0.02421875 0.02421875
4 0.62109375 0.5109375 0.028125 0.03359375
4 0.74609375 0.49140625 0.03359375 0.03828125
3 0.5453125 0.75234375 0.028125 0.03046875
2 0.103125 0.2453125 0.06328125 0.07578125
3 0.3109375 0.6140625 0.03671875 0.04140625
3 0.45546875 0.384375 0.03046875 0.04375
4 0.20703125 0.3484375 0.02734375 0.03515625
4 0.3453125 0.35 0.028125 0.03203125