6 0.42421875 0.34765625 0.0578125 0.059375
6 0.525 0.403125 0.05546875 0.06171875
6 0.31953125 0.25078125 0.04765625 0.0546875
6 0.28125 0.20078125 0.053125 0.0578125
6 0.2578125 0.39296875 0.04765625 0.0515625
6 0.14765625 0.32421875 0.04453125 0.04609375
6 0.153125 0.3640625 0.0515625 0.04609375
6 0.16328125 0.41953125 0.0484375 0.0484375
6 0.17265625 0.45 0.04921875 0.04453125
6 0.2296875 0.41328125 0.05 0.05546875
6 0.2140625 0.50625 0.05390625 0.05546875
6 0.1875 0.5609375 0.046875 0.05859375
6 0.26328125 0.5890625 0.0546875 0.05546875
6 0.36796875 0.45859375 0.0515625 0.05859375
6 0.478125 0.47265625 0.05 0.0515625
6 0.4265625 0.5140625 0.046875 0.05546875
6 0.37578125 0.58828125 0.05234375 0.05234375
6 0.40390625 0.6390625 0.05078125 0.05234375
6 0.459375 0.6078125 0.05078125 0.05546875
6 0.59765625 0.5359375 0.0484375 0.053125
6 0.7296875 0.61875 0.05625 0.059375
6 0.67578125 0.47578125 0.05390625 0.05625
6 0.77265625 0.46640625 0.05390625 0.0546875
6 0.49296875 0.28671875 0.04765625 0.053125
6 0.578125 0.24140625 0.05078125 0.0484375
6 0.640625 0.28984375 0.05078125 0.05
6 0.6875 0.315625 0.05390625 0.0546875
6 0.6265625 0.34921875 0.04296875 0.04453125
6 0.6546875 0.3640625 0.0453125 0.046875
6 0.63828125 0.3984375 0.05078125 0.0515625
6 0.70703125 0.390625 0.05234375 0.05078125
6 0.4546875 0.246875 0.0453125 0.05078125
6 0.4859375 0.23515625 0.04609375 0.04453125
6 0.29765625 0.69453125 0.05078125 0.04765625
6 0.4171875 0.74296875 0.0515625 0.05
6 0.3859375 0.5109375 0.0421875 0.046875
6 0.37265625 0.53984375 0.04453125 0.04296875
6 0.171875 0.6625 0.04765625 0.0515625
6 0.21796875 0.20625 0.046875 0.04921875
6 0.3375 0.17421875 0.0421875 0.04375
6 0.396875 0.1234375 0.05 0.053125
6 0.34765625 0.13359375 0.05 0.04921875