4 0.37265625 0.7078125 0.075 0.06640625
4 0.27734375 0.5859375 0.071875 0.06484375
4 0.36015625 0.56875 0.04921875 0.04296875
4 0.36953125 0.4796875 0.07265625 0.0671875
4 0.3765625 0.35078125 0.06875 0.06796875
4 0.56953125 0.37578125 0.059375 0.0625
4 0.68203125 0.4828125 0.07734375 0.07734375
4 0.803125 0.3453125 0.0734375 0.06875
4 0.81953125 0.53984375 0.078125 0.06796875
4 0.6078125 0.5484375 0.0453125 0.04375
4 0.6546875 0.55234375 0.0671875 0.0640625
4 0.33671875 0.1625 0.0734375 0.071875
4 0.54453125 0.03515625 0.0765625 0.06953125
4 0.1578125 0.21328125 0.07265625 0.0625
4 0.04765625 0.47890625 0.07734375 0.0671875