3 0.4625 0.171875 0.05546875 0.06484375
3 0.25234375 0.2796875 0.046875 0.053125
3 0.21015625 0.24140625 0.05078125 0.05625
3 0.18828125 0.48515625 0.0484375 0.053125
3 0.2234375 0.43984375 0.05078125 0.05625
3 0.36875 0.45 0.053125 0.0609375
3 0.121875 0.5203125 0.046875 0.05
3 0.11328125 0.478125 0.05078125 0.0546875
3 0.22421875 0.65 0.04765625 0.05546875
3 0.25390625 0.6984375 0.0484375 0.0625
3 0.3859375 0.77578125 0.05546875 0.053125
3 0.43515625 0.66796875 0.0515625 0.05703125
3 0.47734375 0.68984375 0.0484375 0.059375
3 0.62578125 0.175 0.053125 0.05703125
3 0.69765625 0.20625 0.05 0.05390625
3 0.72578125 0.18828125 0.0515625 0.05234375
3 0.4078125 0.07578125 0.0578125 0.06171875
3 0.42734375 0.44375 0.05 0.05703125
2 0.60390625 0.56171875 0.06640625 0.07421875