4 0.04296875 0.47890625 0.05390625 0.0609375
4 0.159375 0.2140625 0.05 0.0546875
4 0.3390625 0.165625 0.0578125 0.059375
4 0.5546875 0.03359375 0.05546875 0.05390625
4 0.37890625 0.35390625 0.05546875 0.0546875
4 0.37265625 0.48203125 0.059375 0.06015625
4 0.27578125 0.58828125 0.05390625 0.0546875
4 0.375 0.715625 0.0546875 0.05859375
4 0.36171875 0.571875 0.0375 0.04140625
4 0.57578125 0.38125 0.0453125 0.046875
4 0.65859375 0.55703125 0.05625 0.05390625
4 0.68671875 0.49140625 0.0625 0.06328125
4 0.8125 0.35625 0.06328125 0.0625
4 0.825 0.5484375 0.06328125 0.065625
4 0.61328125 0.55390625 0.025 0.0265625