4 0.48046875 0.14453125 0.03125 0.03515625
6 0.471875 0.2765625 0.06640625 0.06796875
4 0.45546875 0.22265625 0.03125 0.0359375
4 0.18125 0.4171875 0.0328125 0.03515625
4 0.28046875 0.36796875 0.028125 0.03046875
4 0.275 0.4265625 0.0296875 0.03203125
4 0.3859375 0.49609375 0.02890625 0.03515625
2 0.39296875 0.4375 0.0609375 0.0703125
4 0.43203125 0.41484375 0.0296875 0.03203125
4 0.47265625 0.3375 0.03359375 0.03515625
2 0.49453125 0.584375 0.07265625 0.084375
2 0.425 0.53828125 0.0703125 0.08125
2 0.5171875 0.42421875 0.0671875 0.07421875
4 0.53359375 0.6203125 0.025 0.0265625
4 0.3265625 0.65859375 0.02578125 0.02578125
4 0.36875 0.7390625 0.025 0.025
4 0.55859375 0.44296875 0.01953125 0.021875
4 0.47421875 0.39140625 0.015625 0.015625
2 0.184375 0.2203125 0.0859375 0.09296875
6 0.3109375 0.35859375 0.06015625 0.0671875
6 0.24296875 0.396875 0.06171875 0.0671875
6 0.290625 0.575 0.07421875 0.0640625
6 0.2546875 0.63359375 0.0578125 0.06015625
6 0.61171875 0.29921875 0.06171875 0.0640625
6 0.5984375 0.2484375 0.0515625 0.05546875
6 0.56796875 0.33515625 0.04921875 0.05703125
6 0.27421875 0.70546875 0.05859375 0.06015625
6 0.40703125 0.6453125 0.0546875 0.05625