6 0.484375 0.803125 0.05625 0.05859375
6 0.6890625 0.671875 0.0484375 0.0515625
6 0.15078125 0.68828125 0.0515625 0.06328125
6 0.37421875 0.74375 0.05703125 0.0546875
6 0.38203125 0.70234375 0.0453125 0.04453125
6 0.30625 0.7828125 0.03828125 0.0453125
6 0.5296875 0.71640625 0.053125 0.05859375
6 0.5671875 0.7390625 0.05 0.05
6 0.72890625 0.5515625 0.05078125 0.04765625
6 0.74609375 0.5171875 0.06015625 0.059375
6 0.28046875 0.65078125 0.0578125 0.06328125
6 0.715625 0.31484375 0.05234375 0.053125
6 0.73359375 0.259375 0.05 0.0546875
6 0.625 0.2109375 0.04140625 0.04375
6 0.76796875 0.3453125 0.05390625 0.053125
6 0.2234375 0.475 0.0375 0.03984375