5 0.2640625 0.23828125 0.0453125 0.0515625
5 0.30859375 0.25546875 0.03984375 0.04609375
5 0.30703125 0.3359375 0.04140625 0.0421875
5 0.42109375 0.2171875 0.0390625 0.04453125
5 0.46015625 0.2421875 0.04609375 0.0484375
5 0.4484375 0.17421875 0.040625 0.04375
5 0.478125 0.17109375 0.0265625 0.03671875
5 0.490625 0.18515625 0.03984375 0.0390625
5 0.61015625 0.34296875 0.05078125 0.05234375
5 0.72890625 0.42890625 0.04765625 0.05
5 0.7375 0.53828125 0.0453125 0.04453125
5 0.65234375 0.4640625 0.040625 0.04296875
5 0.6015625 0.4875 0.040625 0.040625
5 0.6296875 0.55390625 0.0375 0.040625
5 0.6703125 0.56484375 0.0390625 0.0421875
5 0.53984375 0.3921875 0.03203125 0.0390625
5 0.47578125 0.446875 0.0359375 0.03671875
5 0.45703125 0.4703125 0.0328125 0.03359375
5 0.45546875 0.503125 0.0328125 0.034375
5 0.4875 0.5046875 0.03359375 0.034375
5 0.4578125 0.55703125 0.03125 0.034375
5 0.496875 0.5421875 0.03125 0.034375
5 0.48984375 0.57890625 0.05390625 0.04921875
5 0.690625 0.625 0.0375 0.03984375
5 0.6234375 0.684375 0.03984375 0.0375
5 0.590625 0.71015625 0.03515625 0.03359375
5 0.55234375 0.7234375 0.03515625 0.03671875
5 0.390625 0.79453125 0.03984375 0.0453125
5 0.18359375 0.71953125 0.0328125 0.03515625
5 0.17109375 0.7390625 0.03046875 0.02890625
5 0.1609375 0.47109375 0.03359375 0.03984375
5 0.2390625 0.47890625 0.0328125 0.03515625
5 0.2640625 0.47109375 0.03359375 0.034375
5 0.17734375 0.35234375 0.0375 0.0421875
5 0.2609375 0.34453125 0.03671875 0.03515625
5 0.2078125 0.38125 0.040625 0.04140625
5 0.121875 0.4 0.0390625 0.040625
5 0.10625 0.44375 0.03828125 0.03828125
5 0.12109375 0.596875 0.0375 0.0390625
5 0.24453125 0.6609375 0.0359375 0.03671875
5 0.225 0.5828125 0.03828125 0.03984375
5 0.275 0.63984375 0.03359375 0.03359375
5 0.25234375 0.5421875 0.03125 0.03125
5 0.27109375 0.53125 0.02890625 0.034375
5 0.334375 0.5453125 0.028125 0.028125
5 0.390625 0.4984375 0.03515625 0.0359375
5 0.353125 0.4890625 0.0328125 0.03359375
5 0.34375 0.46015625 0.03203125 0.03046875
5 0.31328125 0.41171875 0.0328125 0.0296875
5 0.31796875 0.38671875 0.03671875 0.0359375
5 0.471875 0.67109375 0.0390625 0.03984375
5 0.3125 0.61640625 0.03046875 0.0296875
5 0.3359375 0.59921875 0.028125 0.02578125
5 0.3140625 0.5953125 0.028125 0.028125
5 0.34296875 0.578125 0.03125 0.0296875
5 0.353125 0.55546875 0.0265625 0.02578125
5 0.51328125 0.39296875 0.02890625 0.0390625
5 0.76796875 0.6234375 0.0359375 0.03515625
5 0.58984375 0.7828125 0.03515625 0.0328125
5 0.45546875 0.8390625 0.0375 0.0359375
2 0.5109375 0.30546875 0.08046875 0.0796875
2 0.37578125 0.38359375 0.06171875 0.0703125
2 0.3515625 0.65625 0.06171875 0.0703125