3 0.39453125 0.72734375 0.06640625 0.08359375
3 0.4265625 0.80234375 0.06484375 0.0796875
1 0.3609375 0.59140625 0.040625 0.0484375
3 0.4703125 0.553125 0.06328125 0.090625
3 0.28125 0.540625 0.06484375 0.07421875
3 0.56953125 0.56015625 0.05390625 0.06796875
3 0.6546875 0.62265625 0.05859375 0.0703125
3 0.76171875 0.60234375 0.0515625 0.0640625
3 0.80234375 0.58046875 0.05546875 0.065625
3 0.203125 0.67734375 0.0625 0.07734375
3 0.11953125 0.615625 0.06328125 0.07890625
3 0.0703125 0.48046875 0.04765625 0.07890625
3 0.38984375 0.26640625 0.05625 0.08046875
3 0.34375 0.25859375 0.05390625 0.08046875
3 0.32421875 0.18984375 0.06171875 0.078125
3 0.36328125 0.11328125 0.06015625 0.07734375
3 0.415625 0.025 0.065625 0.05
3 0.51484375 0.1140625 0.05859375 0.07421875
3 0.58828125 0.11484375 0.06328125 0.08203125
3 0.54296875 0.1734375 0.05546875 0.07109375
3 0.57421875 0.24453125 0.05234375 0.071875
3 0.55390625 0.0546875 0.059375 0.078125
3 0.65859375 0.2 0.05859375 0.06796875
3 0.62890625 0.24609375 0.05546875 0.06640625
3 0.640625 0.3015625 0.06953125 0.08046875
3 0.75 0.2859375 0.0609375 0.0765625
3 0.76015625 0.3828125 0.0484375 0.06953125
3 0.72578125 0.3796875 0.04375 0.06796875
3 0.78984375 0.23359375 0.05234375 0.071875
3 0.5171875 0.4265625 0.06484375 0.096875
1 0.421875 0.44765625 0.04375 0.05703125
1 0.3140625 0.38515625 0.04921875 0.0640625
1 0.2796875 0.4046875 0.04453125 0.0578125
1 0.2296875 0.409375 0.04296875 0.05703125
1 0.18203125 0.51328125 0.04765625 0.05234375
1 0.23671875 0.59453125 0.0421875 0.0546875
1 0.28984375 0.65234375 0.04453125 0.05390625
1 0.2984375 0.59765625 0.04140625 0.05703125
1 0.2140625 0.740625 0.04296875 0.05546875
1 0.25859375 0.79609375 0.04140625 0.05546875
1 0.475 0.71328125 0.0359375 0.0453125
1 0.5640625 0.70078125 0.03984375 0.05
1 0.4921875 0.81484375 0.04296875 0.05234375
1 0.30234375 0.8578125 0.05078125 0.0609375
1 0.465625 0.31484375 0.040625 0.05
1 0.44921875 0.4140625 0.03515625 0.04296875
1 0.4890625 0.503125 0.02890625 0.0375
1 0.521875 0.53046875 0.04375 0.04765625
1 0.609375 0.55390625 0.03515625 0.04609375
1 0.60625 0.4125 0.04453125 0.0578125
1 0.48828125 0.19140625 0.034375 0.0453125
1 0.30546875 0.0453125 0.03984375 0.0578125
1 0.46484375 0.25625 0.04375 0.05546875