6 0.11953125 0.478125 0.04921875 0.0578125
6 0.05390625 0.3796875 0.04609375 0.06328125
6 0.2375 0.34921875 0.04609375 0.05234375
6 0.240625 0.30390625 0.0390625 0.04296875
6 0.34140625 0.3734375 0.05234375 0.0671875
6 0.3578125 0.23828125 0.04453125 0.053125
6 0.56328125 0.23828125 0.04453125 0.053125
6 0.6609375 0.17421875 0.03828125 0.0453125
6 0.3984375 0.121875 0.05234375 0.0578125
6 0.61640625 0.44140625 0.0390625 0.0515625
6 0.59140625 0.56484375 0.046875 0.059375
6 0.6578125 0.484375 0.03125 0.03515625
6 0.40390625 0.6140625 0.04296875 0.04921875
6 0.39765625 0.66953125 0.04609375 0.05703125
6 0.3125 0.68515625 0.0421875 0.05078125
6 0.61484375 0.27890625 0.04140625 0.04296875
6 0.61953125 0.24765625 0.034375 0.0375