6 0.1328125 0.32109375 0.046875 0.0484375
6 0.51875 0.3 0.0484375 0.0484375
6 0.6015625 0.290625 0.04453125 0.046875
6 0.384375 0.309375 0.040625 0.04609375
6 0.35546875 0.3078125 0.0328125 0.040625
6 0.2796875 0.353125 0.0421875 0.0453125
6 0.49765625 0.3828125 0.046875 0.04921875
6 0.596875 0.3671875 0.0515625 0.0484375
6 0.365625 0.4 0.04375 0.04296875
6 0.44375 0.4421875 0.0421875 0.04296875
6 0.48359375 0.46796875 0.040625 0.04296875
6 0.57578125 0.4265625 0.04453125 0.04375
6 0.68359375 0.37890625 0.03671875 0.03984375
6 0.6859375 0.4203125 0.0375 0.03671875
6 0.65078125 0.2203125 0.0421875 0.04140625
6 0.31796875 0.51953125 0.040625 0.0421875
6 0.38828125 0.484375 0.03828125 0.040625
6 0.43828125 0.48125 0.03671875 0.03671875
6 0.5625 0.51953125 0.04375 0.0453125
6 0.62109375 0.50234375 0.03828125 0.040625
6 0.77734375 0.5015625 0.0359375 0.03671875
6 0.5953125 0.58359375 0.0421875 0.04375
6 0.5203125 0.5984375 0.05234375 0.04609375
6 0.63515625 0.56328125 0.04296875 0.04921875
6 0.6671875 0.28125 0.03515625 0.03828125
6 0.68828125 0.259375 0.03671875 0.03515625
6 0.69453125 0.284375 0.028125 0.02734375
6 0.3484375 0.08984375 0.04765625 0.04921875
6 0.48203125 0.12578125 0.0390625 0.03671875
6 0.52109375 0.09453125 0.0421875 0.04375
6 0.4828125 0.09921875 0.0390625 0.0359375
6 0.24140625 0.29609375 0.0359375 0.040625
6 0.21171875 0.30546875 0.0328125 0.040625
6 0.19375 0.3453125 0.03671875 0.0390625
6 0.2140625 0.4 0.03828125 0.0390625
6 0.2265625 0.4625 0.03828125 0.040625
6 0.18046875 0.43671875 0.0375 0.03984375
6 0.278125 0.48203125 0.03828125 0.0390625
6 0.25390625 0.39375 0.0359375 0.0375
6 0.2421875 0.4265625 0.03046875 0.03046875
6 0.26640625 0.4234375 0.03125 0.0328125
6 0.10703125 0.47421875 0.03984375 0.04765625
6 0.12890625 0.5671875 0.04765625 0.046875
6 0.16796875 0.621875 0.040625 0.04375
6 0.259375 0.59609375 0.04609375 0.04453125
6 0.2171875 0.5296875 0.03671875 0.03515625
6 0.23984375 0.55078125 0.040625 0.03828125
6 0.35078125 0.49453125 0.03828125 0.040625
6 0.4234375 0.675 0.0515625 0.05078125
6 0.29765625 0.6453125 0.05 0.04921875
6 0.47265625 0.53671875 0.0421875 0.040625
6 0.43359375 0.61640625 0.03984375 0.0390625
6 0.45 0.58828125 0.03515625 0.0359375
6 0.47890625 0.5609375 0.040625 0.0390625