6 0.48046875 0.4453125 0.05703125 0.06328125
6 0.37109375 0.434375 0.06484375 0.071875
6 0.46171875 0.58515625 0.05859375 0.06640625
6 0.59765625 0.51171875 0.0703125 0.07109375
6 0.5265625 0.37890625 0.0703125 0.07734375
6 0.42734375 0.32265625 0.06640625 0.071875
6 0.4921875 0.26328125 0.05859375 0.065625
6 0.26796875 0.36484375 0.059375 0.06953125
6 0.2375 0.39375 0.06171875 0.0703125
6 0.32734375 0.2234375 0.07265625 0.075
6 0.1953125 0.540625 0.0671875 0.071875
6 0.22421875 0.4828125 0.06328125 0.0703125
6 0.26953125 0.56640625 0.06640625 0.07265625
6 0.45234375 0.225 0.0578125 0.06640625
6 0.48515625 0.20859375 0.0625 0.0671875
6 0.29140625 0.17578125 0.06875 0.078125
6 0.3 0.67578125 0.065625 0.06875
6 0.6734375 0.4546875 0.07109375 0.07578125
6 0.72265625 0.6 0.08046875 0.0890625
6 0.42265625 0.7203125 0.0671875 0.07421875
6 0.57578125 0.21953125 0.06328125 0.0671875
6 0.45703125 0.0765625 0.0625 0.065625
6 0.47265625 0.1140625 0.06953125 0.06484375
6 0.39921875 0.0984375 0.059375 0.0671875
6 0.22890625 0.1859375 0.05390625 0.0671875
6 0.7625 0.44375 0.075 0.08359375
6 0.4078125 0.61796875 0.065625 0.0703125
6 0.3796875 0.56953125 0.07109375 0.06484375