5 0.2640625 0.23671875 0.0453125 0.05078125
5 0.3078125 0.25390625 0.03984375 0.0453125
5 0.30703125 0.33359375 0.040625 0.0421875
5 0.4203125 0.21640625 0.0390625 0.04453125
5 0.45859375 0.240625 0.04609375 0.0484375
5 0.446875 0.1734375 0.03984375 0.04375
5 0.47734375 0.16953125 0.0265625 0.03671875
5 0.4890625 0.18359375 0.0390625 0.0390625
5 0.60859375 0.340625 0.05078125 0.05234375
5 0.7265625 0.4265625 0.046875 0.05
5 0.73515625 0.53515625 0.0453125 0.04375
5 0.65 0.46171875 0.040625 0.0421875
5 0.59921875 0.48515625 0.03984375 0.040625
5 0.628125 0.55078125 0.0375 0.040625
5 0.66796875 0.5609375 0.0390625 0.04140625
5 0.53828125 0.38984375 0.03203125 0.0390625
5 0.47421875 0.44453125 0.0359375 0.03671875
5 0.45625 0.46796875 0.0328125 0.03359375
5 0.4546875 0.50078125 0.0328125 0.034375
5 0.4859375 0.5015625 0.03359375 0.034375
5 0.45703125 0.55390625 0.03046875 0.03359375
5 0.4953125 0.5390625 0.03125 0.034375
5 0.48828125 0.57578125 0.05390625 0.0484375
5 0.68828125 0.62109375 0.0375 0.03984375
5 0.621875 0.68046875 0.0390625 0.0375
5 0.5890625 0.70625 0.03515625 0.03359375
5 0.55078125 0.71953125 0.034375 0.0359375
5 0.38984375 0.78984375 0.03984375 0.04453125
5 0.184375 0.715625 0.0328125 0.034375
5 0.171875 0.734375 0.03046875 0.02890625
5 0.1609375 0.46796875 0.03359375 0.03984375
5 0.2390625 0.4765625 0.0328125 0.03515625
5 0.2640625 0.46875 0.0328125 0.03359375
5 0.178125 0.35078125 0.0375 0.0421875
5 0.2609375 0.3421875 0.0359375 0.03515625
5 0.20859375 0.37890625 0.040625 0.040625
5 0.12265625 0.39765625 0.0390625 0.03984375
5 0.10703125 0.44140625 0.03828125 0.0375
5 0.121875 0.59375 0.0375 0.03828125
5 0.24453125 0.65703125 0.03515625 0.03671875
5 0.225 0.5796875 0.03828125 0.0390625
5 0.275 0.6359375 0.03359375 0.03359375
5 0.25234375 0.5390625 0.03125 0.03125
5 0.27109375 0.528125 0.02890625 0.034375
5 0.33359375 0.5421875 0.028125 0.028125
5 0.38984375 0.49609375 0.034375 0.03515625
5 0.35234375 0.48671875 0.0328125 0.03359375
5 0.34375 0.4578125 0.03125 0.03046875
5 0.3125 0.409375 0.0328125 0.02890625
5 0.31796875 0.384375 0.03671875 0.0359375
5 0.47109375 0.6671875 0.0390625 0.0390625
5 0.31171875 0.61328125 0.03046875 0.02890625
5 0.3359375 0.59609375 0.028125 0.02578125
5 0.3140625 0.5921875 0.028125 0.028125
5 0.34296875 0.575 0.03125 0.0296875
5 0.353125 0.55234375 0.0265625 0.02578125
5 0.51171875 0.39140625 0.028125 0.0390625
5 0.765625 0.61953125 0.0359375 0.034375
5 0.58828125 0.778125 0.03515625 0.0328125
5 0.45390625 0.834375 0.03671875 0.0359375
2 0.509375 0.30390625 0.08046875 0.0796875
2 0.375 0.38125 0.0609375 0.06953125
2 0.35078125 0.653125 0.06171875 0.06953125