6 0.2296875 0.5859375 0.05859375 0.06875
6 0.2546875 0.6515625 0.06328125 0.06640625
6 0.68359375 0.3734375 0.06484375 0.06953125
6 0.60703125 0.4109375 0.06171875 0.06171875
6 0.54765625 0.47421875 0.06015625 0.06328125
6 0.64921875 0.53828125 0.0625 0.0671875
6 0.4890625 0.54921875 0.0640625 0.06875
6 0.38125 0.69140625 0.065625 0.0671875
6 0.45859375 0.6984375 0.0578125 0.0671875
6 0.5828125 0.765625 0.05859375 0.065625
6 0.4046875 0.77578125 0.05703125 0.0640625
6 0.3390625 0.79375 0.05546875 0.0625
6 0.43671875 0.40859375 0.06796875 0.07734375
2 0.35859375 0.3328125 0.090625 0.0921875