6 0.2296875 0.58359375 0.05859375 0.06875
6 0.25390625 0.65 0.0625 0.065625
6 0.6796875 0.37265625 0.0640625 0.06875
6 0.603125 0.41015625 0.06171875 0.06171875
6 0.5453125 0.4734375 0.06015625 0.0625
6 0.64609375 0.53671875 0.0625 0.06640625
6 0.48671875 0.54765625 0.0640625 0.06796875
6 0.3796875 0.68984375 0.065625 0.0671875
6 0.45625 0.69609375 0.05703125 0.06640625
6 0.5796875 0.76328125 0.0578125 0.065625
6 0.403125 0.7734375 0.05703125 0.0640625
6 0.33828125 0.790625 0.0546875 0.0625
6 0.434375 0.4078125 0.0671875 0.07734375
2 0.35703125 0.33203125 0.08984375 0.09140625