3 0.50390625 0.46796875 0.05078125 0.05703125
3 0.475 0.51875 0.05078125 0.05546875
3 0.4140625 0.5171875 0.053125 0.0609375
3 0.371875 0.5453125 0.0546875 0.0625
3 0.42890625 0.70859375 0.05859375 0.06171875
3 0.60234375 0.715625 0.05703125 0.06640625
3 0.259375 0.6703125 0.05546875 0.0625
3 0.18125 0.540625 0.05234375 0.059375
3 0.15546875 0.33359375 0.053125 0.06328125
3 0.184375 0.22578125 0.0390625 0.05546875
3 0.1515625 0.23359375 0.04453125 0.05859375
3 0.37734375 0.04609375 0.05625 0.05859375