4 0.2609375 0.6796875 0.02109375 0.0234375
4 0.284375 0.69140625 0.01953125 0.021875
4 0.3296875 0.7515625 0.02421875 0.02734375
4 0.25625 0.459375 0.01640625 0.01875
0 0.31640625 0.5140625 0.053125 0.06171875
0 0.48125 0.57578125 0.0453125 0.0546875
0 0.3078125 0.64765625 0.04453125 0.05625
0 0.58125 0.56796875 0.046875 0.053125
0 0.52265625 0.3671875 0.040625 0.053125
0 0.55 0.28984375 0.05 0.059375
0 0.4171875 0.3765625 0.040625 0.0484375
0 0.5921875 0.74609375 0.04453125 0.05234375
0 0.3828125 0.56640625 0.04375 0.053125
0 0.35703125 0.39140625 0.04375 0.05390625
4 0.7546875 0.47578125 0.02578125 0.0328125
4 0.81796875 0.49765625 0.025 0.028125
4 0.703125 0.5140625 0.02421875 0.02890625
4 0.67734375 0.4859375 0.02265625 0.02578125
4 0.696875 0.478125 0.02265625 0.0265625
4 0.74921875 0.5171875 0.02109375 0.0265625
6 0.32265625 0.26640625 0.04453125 0.05625
6 0.4296875 0.1921875 0.0453125 0.053125
6 0.2390625 0.39765625 0.0546875 0.065625
6 0.1265625 0.4484375 0.0515625 0.05703125