4 0.66328125 0.5 0.03203125 0.0390625
4 0.61171875 0.55703125 0.03203125 0.0390625
4 0.56171875 0.51640625 0.0265625 0.03203125
4 0.48359375 0.47578125 0.034375 0.040625
4 0.709375 0.34765625 0.02890625 0.0328125
4 0.33515625 0.515625 0.04140625 0.0453125
4 0.3421875 0.4796875 0.03125 0.0375
4 0.5125 0.6453125 0.02578125 0.028125
4 0.54609375 0.65078125 0.02734375 0.028125
4 0.54609375 0.74921875 0.0234375 0.0328125
4 0.5625 0.859375 0.034375 0.03984375
4 0.45859375 0.8375 0.03671875 0.04296875
4 0.48203125 0.76953125 0.03046875 0.03515625
4 0.2734375 0.778125 0.03203125 0.046875
4 0.28203125 0.740625 0.02578125 0.028125
4 0.23046875 0.53125 0.034375 0.04375
4 0.25546875 0.54609375 0.025 0.03125
4 0.17890625 0.759375 0.01875 0.0265625
4 0.09609375 0.53046875 0.02890625 0.040625
4 0.2515625 0.23359375 0.03515625 0.04453125
6 0.278125 0.5875 0.04921875 0.06015625
6 0.6046875 0.64140625 0.05546875 0.06640625
4 0.21640625 0.73515625 0.040625 0.04921875
4 0.1109375 0.55078125 0.03828125 0.04765625
4 0.14296875 0.22265625 0.03828125 0.046875
4 0.15234375 0.16328125 0.0375 0.04453125
4 0.215625 0.08828125 0.046875 0.05546875
4 0.28203125 0.1265625 0.03359375 0.04375
4 0.2828125 0.31640625 0.03359375 0.05078125
4 0.38515625 0.05546875 0.0328125 0.04140625
4 0.38359375 0.16484375 0.0296875 0.03671875
4 0.328125 0.31953125 0.03984375 0.05625
4 0.76015625 0.2 0.04375 0.053125
6 0.51015625 0.315625 0.04921875 0.06484375
4 0.53046875 0.196875 0.02890625 0.03203125