6 0.4859375 0.7875 0.05546875 0.0578125
6 0.6859375 0.65859375 0.046875 0.05078125
6 0.16015625 0.675 0.05078125 0.06171875
6 0.378125 0.72890625 0.05546875 0.053125
6 0.3859375 0.6890625 0.04375 0.04296875
6 0.31171875 0.76796875 0.0375 0.04453125
6 0.5296875 0.703125 0.05234375 0.05703125
6 0.56640625 0.725 0.0484375 0.04921875
6 0.725 0.54140625 0.05 0.04609375
6 0.7421875 0.5078125 0.05859375 0.0578125
6 0.28671875 0.63828125 0.05625 0.06171875
6 0.71171875 0.31015625 0.05078125 0.05234375
6 0.7296875 0.25546875 0.0484375 0.053125
6 0.6234375 0.2078125 0.03984375 0.04296875
6 0.76328125 0.3390625 0.05234375 0.0515625
6 0.23046875 0.46640625 0.03671875 0.0390625