2 0.56953125 0.24765625 0.096875 0.1171875
2 0.603125 0.41328125 0.09140625 0.11328125
2 0.7125 0.39375 0.0875 0.1109375
2 0.3234375 0.5828125 0.103125 0.1046875
2 0.49296875 0.76015625 0.09375 0.11171875
2 0.521875 0.84921875 0.08984375 0.0953125
2 0.80625 0.4640625 0.08046875 0.11640625
2 0.64453125 0.646875 0.08359375 0.103125
2 0.3546875 0.65 0.05703125 0.06875
2 0.33125 0.81796875 0.046875 0.05625
2 0.45859375 0.48984375 0.05625 0.0671875
2 0.61015625 0.18515625 0.05625 0.065625
2 0.53515625 0.46875 0.06484375 0.08046875