6 0.48203125 0.44609375 0.0578125 0.06328125
6 0.371875 0.4359375 0.06484375 0.071875
6 0.4625 0.5875 0.059375 0.0671875
6 0.6 0.51328125 0.0703125 0.07109375
6 0.52734375 0.3796875 0.0703125 0.07734375
6 0.428125 0.3234375 0.0671875 0.071875
6 0.49375 0.26328125 0.05859375 0.06640625
6 0.26796875 0.36484375 0.059375 0.0703125
6 0.2375 0.39453125 0.06171875 0.07109375
6 0.328125 0.2234375 0.07265625 0.07578125
6 0.1953125 0.5421875 0.0671875 0.07265625
6 0.2234375 0.484375 0.0640625 0.07109375
6 0.26953125 0.56796875 0.0671875 0.07265625
6 0.453125 0.225 0.05859375 0.0671875
6 0.48671875 0.2078125 0.06328125 0.06796875
6 0.29140625 0.175 0.06875 0.07890625
6 0.3 0.678125 0.065625 0.06953125
6 0.67578125 0.45546875 0.07109375 0.0765625
6 0.72578125 0.60234375 0.08046875 0.08984375
6 0.4234375 0.7234375 0.0671875 0.07421875
6 0.578125 0.21953125 0.0640625 0.0671875
6 0.45859375 0.07578125 0.06328125 0.065625
6 0.4734375 0.11328125 0.0703125 0.065625
6 0.4 0.09765625 0.06015625 0.0671875
6 0.22890625 0.18515625 0.05390625 0.06796875
6 0.765625 0.44453125 0.07578125 0.084375
6 0.40859375 0.6203125 0.065625 0.07109375
6 0.38046875 0.57109375 0.07109375 0.06484375