3 0.390625 0.72265625 0.06640625 0.08359375
3 0.42265625 0.79765625 0.06484375 0.0796875
1 0.35703125 0.58671875 0.040625 0.0484375
3 0.46640625 0.5484375 0.06328125 0.090625
3 0.27734375 0.5359375 0.06484375 0.07421875
3 0.565625 0.55546875 0.05390625 0.06796875
3 0.65078125 0.61796875 0.05859375 0.0703125
3 0.7578125 0.59765625 0.0515625 0.0640625
3 0.7984375 0.57578125 0.05546875 0.065625
3 0.19921875 0.67265625 0.0625 0.07734375
3 0.115625 0.6109375 0.06328125 0.07890625
3 0.065625 0.47578125 0.04765625 0.07890625
3 0.3859375 0.26171875 0.05625 0.08046875
3 0.33984375 0.25390625 0.05390625 0.08046875
3 0.3203125 0.18515625 0.06171875 0.078125
3 0.359375 0.10859375 0.06015625 0.07734375
3 0.41171875 0.02265625 0.0640625 0.0453125
3 0.5109375 0.109375 0.05859375 0.07421875
3 0.584375 0.11015625 0.06328125 0.08203125
3 0.5390625 0.16875 0.05546875 0.07109375
3 0.5703125 0.23984375 0.05234375 0.071875
3 0.55 0.05 0.059375 0.078125
3 0.6546875 0.1953125 0.05859375 0.06796875
3 0.625 0.24140625 0.05546875 0.06640625
3 0.63671875 0.296875 0.06953125 0.08046875
3 0.74609375 0.28125 0.0609375 0.0765625
3 0.75625 0.378125 0.0484375 0.06953125
3 0.721875 0.375 0.04375 0.06796875
3 0.7859375 0.22890625 0.05234375 0.071875
3 0.5125 0.421875 0.06484375 0.096875
1 0.41796875 0.44296875 0.04375 0.05703125
1 0.31015625 0.38046875 0.04921875 0.0640625
1 0.275 0.4 0.04453125 0.0578125
1 0.22578125 0.4046875 0.04296875 0.05703125
1 0.178125 0.50859375 0.04765625 0.05234375
1 0.2328125 0.58984375 0.0421875 0.0546875
1 0.2859375 0.64765625 0.04453125 0.05390625
1 0.29453125 0.59296875 0.04140625 0.05703125
1 0.21015625 0.7359375 0.04296875 0.05546875
1 0.2546875 0.79140625 0.04140625 0.05546875
1 0.47109375 0.70859375 0.0359375 0.0453125
1 0.56015625 0.69609375 0.03984375 0.05
1 0.48828125 0.81015625 0.04296875 0.05234375
1 0.2984375 0.853125 0.05078125 0.0609375
1 0.4609375 0.31015625 0.040625 0.05
1 0.4453125 0.409375 0.03515625 0.04296875
1 0.48515625 0.4984375 0.02890625 0.0375
1 0.5171875 0.52578125 0.04375 0.04765625
1 0.60546875 0.54921875 0.03515625 0.04609375
1 0.60234375 0.4078125 0.04453125 0.0578125
1 0.484375 0.18671875 0.034375 0.0453125
1 0.3015625 0.040625 0.03984375 0.0578125
1 0.4609375 0.2515625 0.04375 0.05546875