4 0.04921875 0.4875 0.05390625 0.0609375
4 0.16640625 0.22265625 0.05 0.0546875
4 0.3453125 0.17421875 0.0578125 0.059375
4 0.5609375 0.04140625 0.05546875 0.05390625
4 0.38515625 0.3625 0.05546875 0.0546875
4 0.37890625 0.490625 0.059375 0.06015625
4 0.28203125 0.596875 0.05390625 0.0546875
4 0.38125 0.7234375 0.0546875 0.05859375
4 0.36796875 0.58046875 0.0375 0.04140625
4 0.58203125 0.3890625 0.0453125 0.046875
4 0.665625 0.56484375 0.05625 0.05390625
4 0.69296875 0.5 0.0625 0.06328125
4 0.81875 0.36484375 0.06328125 0.0625
4 0.83203125 0.55625 0.06328125 0.065625
4 0.6203125 0.5625 0.025 0.0265625