0 0.7453125 0.53984375 0.05390625 0.0625
0 0.35234375 0.3328125 0.05234375 0.05625
0 0.42734375 0.225 0.05703125 0.05703125
0 0.559375 0.240625 0.05234375 0.05546875
0 0.2625 0.2125 0.05390625 0.0546875
0 0.30703125 0.15 0.0515625 0.0546875
0 0.328125 0.209375 0.0421875 0.0453125
0 0.38828125 0.37265625 0.034375 0.0390625
0 0.49921875 0.32890625 0.040625 0.05078125
0 0.671875 0.3140625 0.05078125 0.0453125
0 0.5140625 0.575 0.040625 0.04375
0 0.196875 0.5828125 0.04296875 0.04140625
0 0.17578125 0.3984375 0.04609375 0.05
0 0.346875 0.696875 0.03984375 0.040625
2 0.275 0.44375 0.04140625 0.04453125
2 0.4625 0.57109375 0.040625 0.040625
2 0.2859375 0.63125 0.046875 0.05234375
2 0.21171875 0.22109375 0.03046875 0.03515625
2 0.775 0.37109375 0.03203125 0.0328125
5 0.72578125 0.44296875 0.03203125 0.03203125
5 0.61484375 0.6203125 0.0375 0.04296875
2 0.75390625 0.40546875 0.034375 0.03515625
4 0.275 0.51953125 0.0265625 0.028125
0 0.6984375 0.4609375 0.0421875 0.046875
0 0.63828125 0.4265625 0.05 0.05
0 0.603125 0.37890625 0.046875 0.04765625
0 0.35078125 0.40703125 0.0421875 0.03828125
0 0.309375 0.4078125 0.040625 0.03359375
0 0.31484375 0.3796875 0.03828125 0.0390625
0 0.2578125 0.41640625 0.04609375 0.05
5 0.25546875 0.47265625 0.03046875 0.03828125
2 0.31640625 0.8296875 0.0484375 0.0546875
2 0.3078125 0.7328125 0.03515625 0.03671875