6 0.69296875 0.66640625 0.046875 0.04921875
6 0.48828125 0.796875 0.04375 0.05234375
6 0.1546875 0.68359375 0.04921875 0.05390625
6 0.534375 0.7109375 0.04453125 0.0484375
6 0.65078125 0.659375 0.05390625 0.06484375
6 0.37734375 0.73984375 0.0421875 0.04375
6 0.384375 0.70078125 0.034375 0.0359375
6 0.60625 0.803125 0.040625 0.0453125
6 0.7515625 0.5109375 0.053125 0.04921875
6 0.76953125 0.33828125 0.0421875 0.04296875
6 0.72265625 0.30703125 0.04375 0.04453125
6 0.28046875 0.64375 0.05234375 0.05703125
6 0.21640625 0.41640625 0.034375 0.0375
6 0.3484375 0.26875 0.0390625 0.0421875
6 0.60625 0.58203125 0.03984375 0.04140625
6 0.6328125 0.590625 0.03203125 0.0359375
6 0.475 0.51796875 0.02734375 0.0296875
6 0.4203125 0.47734375 0.03359375 0.03828125
6 0.5640625 0.6640625 0.0359375 0.0375
6 0.58046875 0.675 0.0328125 0.034375
6 0.57265625 0.73671875 0.0390625 0.0421875
6 0.2265625 0.47109375 0.0296875 0.03203125
6 0.196875 0.61875 0.0328125 0.03671875
6 0.51875 0.0953125 0.03671875 0.0390625
6 0.53515625 0.1234375 0.0359375 0.03671875
6 0.5046875 0.16484375 0.0328125 0.03359375
6 0.51015625 0.1875 0.02578125 0.028125
6 0.471875 0.14453125 0.03203125 0.03203125
6 0.63515625 0.15234375 0.0421875 0.04453125