2 0.5671875 0.24921875 0.096875 0.1171875
2 0.6 0.41484375 0.09140625 0.11328125
2 0.709375 0.3953125 0.0875 0.1109375
2 0.32109375 0.584375 0.103125 0.1046875
2 0.490625 0.76171875 0.09375 0.11171875
2 0.51953125 0.85078125 0.08984375 0.0953125
2 0.80390625 0.465625 0.08046875 0.11640625
2 0.6421875 0.6484375 0.08359375 0.103125
2 0.35234375 0.6515625 0.05703125 0.06875
2 0.32890625 0.81953125 0.046875 0.05625
2 0.45625 0.49140625 0.05625 0.0671875
2 0.6078125 0.18671875 0.05625 0.065625
2 0.5328125 0.4703125 0.06484375 0.08046875