4 0.66640625 0.5015625 0.03203125 0.03984375
4 0.6140625 0.559375 0.0328125 0.0390625
4 0.56328125 0.51796875 0.0265625 0.03203125
4 0.48515625 0.47734375 0.03515625 0.04140625
4 0.7125 0.34765625 0.02890625 0.0328125
4 0.334375 0.51796875 0.04140625 0.04609375
4 0.34140625 0.48125 0.03203125 0.0375
4 0.51328125 0.64921875 0.02578125 0.02890625
4 0.54765625 0.6546875 0.02734375 0.02890625
4 0.54765625 0.75390625 0.02421875 0.0328125
4 0.5640625 0.865625 0.034375 0.040625
4 0.459375 0.84375 0.0375 0.04375
4 0.48359375 0.775 0.03046875 0.0359375
4 0.27265625 0.7828125 0.03203125 0.04765625
4 0.28125 0.7453125 0.02578125 0.028125
4 0.22890625 0.53359375 0.03515625 0.04453125
4 0.25390625 0.5484375 0.02578125 0.03125
4 0.17734375 0.7640625 0.01875 0.02734375
4 0.09296875 0.5328125 0.0296875 0.04140625
4 0.25078125 0.23203125 0.0359375 0.0453125
6 0.2765625 0.590625 0.05 0.0609375
6 0.60703125 0.64453125 0.05625 0.0671875
4 0.2140625 0.73984375 0.04140625 0.05
4 0.1078125 0.553125 0.0390625 0.0484375
4 0.140625 0.2203125 0.03828125 0.04765625
4 0.14921875 0.16015625 0.03828125 0.0453125
4 0.2140625 0.08515625 0.04765625 0.05546875
4 0.28125 0.1234375 0.034375 0.04453125
4 0.28203125 0.315625 0.03359375 0.0515625
4 0.38515625 0.0515625 0.0328125 0.04140625
4 0.38359375 0.16171875 0.0296875 0.0375
4 0.328125 0.31875 0.03984375 0.05703125
4 0.76484375 0.19765625 0.04453125 0.05390625
6 0.51171875 0.31484375 0.05 0.065625
4 0.5328125 0.19453125 0.02890625 0.0328125