4 0.65234375 0.27734375 0.04140625 0.04609375
4 0.47265625 0.19921875 0.02421875 0.0296875
4 0.5296875 0.19296875 0.0390625 0.040625
4 0.3546875 0.253125 0.0265625 0.034375
4 0.18203125 0.3921875 0.0296875 0.03515625
4 0.24140625 0.73671875 0.03203125 0.03984375
4 0.4984375 0.7140625 0.02578125 0.03125
4 0.590625 0.6109375 0.02109375 0.02890625
4 0.65390625 0.56484375 0.02578125 0.0296875
4 0.58984375 0.51640625 0.02109375 0.028125
4 0.27265625 0.29296875 0.021875 0.03125
4 0.15078125 0.6203125 0.02421875 0.0296875
4 0.2203125 0.53203125 0.021875 0.028125