3 0.44765625 0.18046875 0.05546875 0.0640625
3 0.23828125 0.28828125 0.046875 0.053125
3 0.19609375 0.25 0.05078125 0.05625
3 0.175 0.4921875 0.04765625 0.05234375
3 0.209375 0.44765625 0.05078125 0.05625
3 0.35390625 0.45703125 0.053125 0.0609375
3 0.10859375 0.5265625 0.04609375 0.05
3 0.1 0.48515625 0.05078125 0.0546875
3 0.21015625 0.65546875 0.04765625 0.05546875
3 0.23984375 0.7046875 0.0484375 0.06171875
3 0.371875 0.78125 0.05546875 0.053125
3 0.41953125 0.6734375 0.0515625 0.05703125
3 0.46171875 0.69609375 0.0484375 0.059375
3 0.609375 0.18359375 0.053125 0.05625
3 0.68125 0.21484375 0.04921875 0.05390625
3 0.709375 0.196875 0.0515625 0.05234375
3 0.39296875 0.08515625 0.0578125 0.0609375
3 0.4125 0.45078125 0.04921875 0.05703125
2 0.58828125 0.56875 0.06640625 0.07421875