6 0.50390625 0.31328125 0.07578125 0.0796875
6 0.3640625 0.325 0.08984375 0.0703125
6 0.5859375 0.30234375 0.07890625 0.08359375
6 0.484375 0.39609375 0.07578125 0.07421875
6 0.56015625 0.43984375 0.07265625 0.07578125
6 0.58359375 0.38203125 0.0734375 0.07265625
6 0.35859375 0.41015625 0.071875 0.078125
6 0.22578125 0.31015625 0.08671875 0.0765625
6 0.27578125 0.3640625 0.06484375 0.0703125
6 0.178125 0.45234375 0.06171875 0.0625
6 0.27578125 0.49453125 0.0578125 0.0609375
6 0.13671875 0.33671875 0.06796875 0.07734375
6 0.19453125 0.36015625 0.06484375 0.0703125
6 0.60625 0.51328125 0.05546875 0.05859375
6 0.5484375 0.53359375 0.06875 0.071875
6 0.665625 0.3921875 0.05234375 0.0484375
6 0.665625 0.4359375 0.0515625 0.0515625
6 0.54453125 0.746875 0.06953125 0.07421875
6 0.509375 0.60859375 0.07578125 0.07890625
6 0.434375 0.45234375 0.053125 0.05390625
6 0.4703125 0.12421875 0.06875 0.08359375
6 0.509375 0.10703125 0.06015625 0.05625