3 0.39453125 0.72265625 0.065625 0.08203125
3 0.42578125 0.796875 0.0640625 0.07890625
1 0.3609375 0.58828125 0.040625 0.0484375
3 0.46953125 0.55078125 0.0625 0.08984375
3 0.28203125 0.5390625 0.0640625 0.0734375
3 0.56796875 0.5578125 0.053125 0.0671875
3 0.6515625 0.61953125 0.0578125 0.06953125
3 0.7578125 0.59921875 0.05078125 0.06328125
3 0.79765625 0.578125 0.0546875 0.06484375
3 0.2046875 0.6734375 0.06171875 0.0765625
3 0.121875 0.6125 0.0625 0.07734375
3 0.0734375 0.47890625 0.046875 0.078125
3 0.38984375 0.26796875 0.05625 0.07890625
3 0.34375 0.26015625 0.05390625 0.0796875
3 0.325 0.1921875 0.0609375 0.07734375
3 0.36328125 0.11640625 0.059375 0.0765625
3 0.41640625 0.028125 0.06484375 0.05546875
3 0.51328125 0.1171875 0.0578125 0.07265625
3 0.58671875 0.11875 0.0625 0.08046875
3 0.540625 0.17578125 0.05546875 0.0703125
3 0.571875 0.24609375 0.05234375 0.0703125
3 0.55234375 0.05859375 0.05859375 0.07734375
3 0.65546875 0.20234375 0.0578125 0.0671875
3 0.6265625 0.24765625 0.0546875 0.065625
3 0.6375 0.30234375 0.06875 0.0796875
3 0.74609375 0.28671875 0.0609375 0.07578125
3 0.75625 0.3828125 0.04765625 0.06875
3 0.721875 0.3796875 0.04375 0.0671875
3 0.78515625 0.23515625 0.05234375 0.07109375
3 0.515625 0.42578125 0.0640625 0.0953125
1 0.42109375 0.446875 0.04296875 0.05625
1 0.31484375 0.38515625 0.0484375 0.06328125
1 0.28046875 0.40390625 0.04453125 0.05703125
1 0.23125 0.40859375 0.04296875 0.05625
1 0.18359375 0.51171875 0.046875 0.0515625
1 0.2375 0.5921875 0.0421875 0.05390625
1 0.290625 0.64921875 0.04453125 0.053125
1 0.29921875 0.59453125 0.04140625 0.05625
1 0.215625 0.73671875 0.04296875 0.0546875
1 0.259375 0.790625 0.040625 0.0546875
1 0.47421875 0.709375 0.03515625 0.04453125
1 0.56171875 0.696875 0.0390625 0.04921875
1 0.49140625 0.809375 0.0421875 0.0515625
1 0.303125 0.8515625 0.05 0.06015625
1 0.4640625 0.315625 0.03984375 0.04921875
1 0.4484375 0.4140625 0.03515625 0.0421875
1 0.4875 0.5015625 0.02890625 0.0375
1 0.5203125 0.528125 0.04296875 0.04765625
1 0.60625 0.5515625 0.034375 0.0453125
1 0.60390625 0.41171875 0.04375 0.05703125
1 0.4875 0.19375 0.034375 0.04453125
1 0.30625 0.05 0.03984375 0.05703125
1 0.4640625 0.2578125 0.04375 0.0546875