6 0.128125 0.48359375 0.0484375 0.05703125
6 0.06328125 0.38671875 0.0453125 0.06171875
6 0.24375 0.35703125 0.0453125 0.0515625
6 0.246875 0.3125 0.0390625 0.0421875
6 0.3453125 0.38125 0.0515625 0.065625
6 0.36171875 0.24765625 0.04375 0.05234375
6 0.5640625 0.24765625 0.04375 0.05234375
6 0.659375 0.18515625 0.0375 0.04453125
6 0.4015625 0.13359375 0.0515625 0.05703125
6 0.615625 0.44765625 0.03828125 0.05078125
6 0.59140625 0.56875 0.04609375 0.0578125
6 0.65703125 0.48984375 0.03046875 0.03515625
6 0.40703125 0.6171875 0.0421875 0.0484375
6 0.40078125 0.671875 0.0453125 0.05625
6 0.3171875 0.6875 0.04140625 0.05
6 0.6140625 0.2875 0.040625 0.0421875
6 0.61875 0.25703125 0.03359375 0.0375