3 0.49453125 0.46640625 0.0515625 0.05859375
3 0.46484375 0.5171875 0.05234375 0.05625
3 0.40234375 0.51640625 0.05390625 0.0625
3 0.359375 0.5453125 0.05546875 0.06328125
3 0.41796875 0.7109375 0.06015625 0.06328125
3 0.5953125 0.71875 0.0578125 0.06796875
3 0.24453125 0.67265625 0.05625 0.0640625
3 0.16484375 0.53984375 0.053125 0.0609375
3 0.13828125 0.328125 0.0546875 0.0640625
3 0.16796875 0.21875 0.03984375 0.05703125
3 0.134375 0.2265625 0.0453125 0.059375
3 0.36484375 0.03515625 0.05703125 0.059375