4 0.5078125 0.08125 0.0265625 0.03359375
4 0.490625 0.19765625 0.0390625 0.04609375
4 0.7046875 0.1140625 0.0328125 0.03984375
4 0.40625 0.25234375 0.0265625 0.03125
4 0.41953125 0.2375 0.02421875 0.03203125
4 0.4328125 0.3265625 0.02109375 0.0234375
4 0.40859375 0.30703125 0.021875 0.0234375
4 0.61328125 0.32578125 0.0234375 0.02734375
4 0.37265625 0.16171875 0.0328125 0.0375
4 0.26328125 0.44921875 0.025 0.03125
4 0.2125 0.44140625 0.02578125 0.03046875
4 0.29140625 0.55390625 0.0265625 0.03125
4 0.40078125 0.60234375 0.02734375 0.03515625
4 0.26484375 0.64609375 0.03359375 0.0390625
4 0.3375 0.6140625 0.03125 0.03984375
4 0.090625 0.57109375 0.034375 0.04140625
4 0.25390625 0.5828125 0.0265625 0.03515625
4 0.08125 0.48515625 0.02578125 0.03046875
4 0.14296875 0.37890625 0.03203125 0.0390625
4 0.1296875 0.09296875 0.02890625 0.0390625
4 0.12421875 0.17734375 0.02421875 0.03125
4 0.296875 0.05 0.03125 0.03984375
4 0.30234375 0.12265625 0.04140625 0.04921875
4 0.71484375 0.609375 0.02890625 0.02734375
4 0.71796875 0.5921875 0.0234375 0.0234375
4 0.6140625 0.50546875 0.02734375 0.0328125
4 0.73671875 0.4859375 0.0328125 0.0375
3 0.5390625 0.74296875 0.028125 0.03046875
2 0.10390625 0.24453125 0.0625 0.075
3 0.30859375 0.60703125 0.0359375 0.040625
3 0.45078125 0.38125 0.03046875 0.04296875
4 0.20625 0.3453125 0.02734375 0.03515625
4 0.3421875 0.34765625 0.02734375 0.03125